0	2290	0.10000	373.10000	0.10000	0.10000	0.10000	0.10000	0.10000	0.10000	0.10000	0.10000
1	2363	0.10001	370.82034	2.37966	0.10000	0.10000	0.10000	0.10000	0.10000	0.10000	0.10000
2	2346	0.10000	0.10000	0.10000	0.10000	373.10000	0.10000	0.10000	0.10000	0.10000	0.10000
3	2025	0.10000	0.10000	0.10000	0.10000	373.10000	0.10000	0.10000	0.10000	0.10000	0.10000
4	2140	0.10000	370.83166	2.36834	0.10000	0.10000	0.10000	0.10000	0.10000	0.10000	0.10000
5	2428	0.10002	359.02970	14.17028	0.10000	0.10000	0.10000	0.10000	0.10000	0.10000	0.10000
6	2201	0.10000	369.04500	4.15500	0.10000	0.10000	0.10000	0.10000	0.10000	0.10000	0.10000
7	2506	0.10026	360.66500	9.47640	0.10000	0.10000	3.15830	0.10000	0.10004	0.10000	0.10000
8	2425	0.10009	0.10006	0.10000	0.10000	0.10000	0.10000	362.44269	0.10002	10.75715	0.10000
9	2557	0.10029	0.10000	0.10000	0.10000	0.10000	0.10000	358.52595	0.10005	0.10000	14.67371
10	2532	0.10000	369.49054	3.70946	0.10000	0.10000	0.10000	0.10000	0.10000	0.10000	0.10000
11	2073	0.10000	365.22387	7.97613	0.10000	0.10000	0.10000	0.10000	0.10000	0.10000	0.10000
12	2278	0.10169	357.85612	2.30379	0.10000	0.10001	0.10000	13.13832	0.10007	0.10000	0.10000
13	2551	0.10471	365.93023	2.51132	0.10000	0.10001	0.10000	4.85324	0.10047	0.10000	0.10001
14	2077	0.10000	373.10000	0.10000	0.10000	0.10000	0.10000	0.10000	0.10000	0.10000	0.10000
15	2369	0.10019	369.26253	2.03343	0.10000	0.10000	2.00384	0.10000	0.10001	0.10000	0.10000
16	1465	343.79327	0.10291	0.10018	0.10000	0.10000	0.10000	9.29439	20.20924	0.10001	0.10000
17	2592	319.75016	0.10010	0.10000	0.10000	0.10000	0.10000	6.67347	46.87626	0.10000	0.10000
18	2046	0.10000	373.10000	0.10000	0.10000	0.10000	0.10000	0.10000	0.10000	0.10000	0.10000
19	1941	180.15193	176.68590	3.56408	0.10000	0.10000	0.10000	2.05251	11.04557	0.10000	0.10000
20	2518	296.59491	0.10042	31.37016	0.10000	0.10000	0.10000	9.57685	35.85766	0.10000	0.10000
21	2132	251.95339	0.10046	0.10000	0.10000	0.10000	0.10000	12.77179	108.57436	0.10000	0.10000
22	2650	0.10000	0.10000	0.10000	0.10000	0.10000	0.10000	0.10000	0.10000	373.10000	0.10000
23	2207	0.10001	0.10020	51.36606	0.10000	0.10000	0.10000	0.10000	0.10000	321.83373	0.10000
24	2553	0.10000	368.73718	0.10016	0.10000	0.10000	2.28099	0.10000	0.10000	2.28167	0.10000
25	2078	0.10027	363.77366	7.49977	0.10000	0.10000	2.02626	0.10000	0.10004	0.10000	0.10000
26	2203	369.25640	0.10000	0.10000	0.10000	3.94359	0.10000	0.10000	0.10000	0.10000	0.10000
27	2143	305.35820	0.10013	0.10001	0.10000	59.98817	0.10000	0.10000	7.95349	0.10000	0.10000
28	2224	360.64280	0.10000	0.10000	0.10000	0.10000	0.10000	0.10000	12.55719	0.10000	0.10000
29	2510	351.98694	0.10002	0.10000	0.10000	0.10000	0.10000	0.10000	21.21298	0.10006	0.10000
30	2240	0.10002	363.57263	9.62734	0.10000	0.10000	0.10000	0.10000	0.10000	0.10000	0.10000
31	2563	0.10000	369.67501	0.10026	0.10000	0.10000	3.52473	0.10000	0.10000	0.10000	0.10000
32	2122	0.10000	373.10000	0.10000	0.10000	0.10000	0.10000	0.10000	0.10000	0.10000	0.10000
33	2118	0.10000	366.96910	6.23090	0.10000	0.10000	0.10000	0.10000	0.10000	0.10000	0.10000
34	1944	0.10000	0.10000	0.10000	0.10000	0.10000	0.10000	373.10000	0.10000	0.10000	0.10000
35	2117	316.13384	0.10000	0.10000	0.10000	0.10000	0.10000	31.34578	12.35148	0.10000	13.56890
36	2611	0.10003	341.57855	31.62142	0.10000	0.10000	0.10000	0.10000	0.10000	0.10000	0.10000
37	2184	0.10001	360.57690	12.62308	0.10000	0.10000	0.10000	0.10000	0.10000	0.10000	0.10000
38	2354	0.10000	368.78350	4.41650	0.10000	0.10000	0.10000	0.10000	0.10000	0.10000	0.10000
39	2169	373.10000	0.10000	0.10000	0.10000	0.10000	0.10000	0.10000	0.10000	0.10000	0.10000
40	2283	328.10664	0.10001	0.10000	0.10000	0.10000	0.10000	2.60457	30.80929	0.10000	11.87950
41	2620	0.10000	0.10000	0.10000	0.10000	373.10000	0.10000	0.10000	0.10000	0.10000	0.10000
42	1998	0.10000	0.10000	0.10000	0.10000	373.10000	0.10000	0.10000	0.10000	0.10000	0.10000
43	2654	0.10000	373.10000	0.10000	0.10000	0.10000	0.10000	0.10000	0.10000	0.10000	0.10000
44	2646	0.10057	355.85305	14.51052	0.10000	0.10002	0.10000	2.93580	0.10003	0.10000	0.10000
45	2228	0.10000	0.10000	0.10000	0.10000	0.10000	0.10000	0.10000	0.10000	0.10000	373.10000
46	2082	0.10000	0.10000	0.10000	0.10000	0.10000	0.10000	0.10000	0.10000	0.10000	373.10000
47	1979	0.10000	368.71666	4.48333	0.10000	0.10000	0.10000	0.10000	0.10000	0.10000	0.10000
48	2484	0.10000	373.10000	0.10000	0.10000	0.10000	0.10000	0.10000	0.10000	0.10000	0.10000
49	2257	0.10000	365.65459	7.54541	0.10000	0.10000	0.10000	0.10000	0.10000	0.10000	0.10000
50	2005	0.10000	373.10000	0.10000	0.10000	0.10000	0.10000	0.10000	0.10000	0.10000	0.10000
51	2560	0.10033	352.42772	8.10945	0.10000	0.10000	0.10000	12.76244	0.10006	0.10000	0.10000
52	1962	0.10000	369.02717	4.17282	0.10000	0.10000	0.10000	0.10000	0.10000	0.10000	0.10000
53	2206	0.10000	363.96772	9.23228	0.10000	0.10000	0.10000	0.10000	0.10000	0.10000	0.10000
54	2520	0.10005	366.14213	7.05782	0.10000	0.10000	0.10000	0.10000	0.10000	0.10000	0.10000
55	2104	0.10000	371.01625	0.10016	0.10000	0.10000	2.18359	0.10000	0.10000	0.10000	0.10000
56	2602	0.10003	359.47753	13.72243	0.10000	0.10000	0.10000	0.10000	0.10000	0.10000	0.10000
57	2521	0.10015	370.43042	0.10000	0.10000	0.10000	0.10000	2.76941	0.10001	0.10000	0.10000
58	2233	22.35467	343.91044	0.10022	0.10000	1.77434	3.48776	1.97257	0.10000	0.10000	0.10000
59	2200	0.10000	364.28581	8.91419	0.10000	0.10000	0.10000	0.10000	0.10000	0.10000	0.10000
60	2294	313.53931	0.10000	0.10000	0.10000	0.10000	0.10000	0.10000	59.66068	0.10000	0.10000
61	1981	0.10000	0.10000	0.10000	0.10000	0.10000	0.10000	0.10000	373.10000	0.10000	0.10000
62	2187	362.18351	0.10000	0.10000	0.10000	0.10000	0.10000	0.10000	11.01648	0.10000	0.10000
63	1916	352.43024	0.10000	0.10000	0.10000	0.10000	0.10000	5.41969	15.45007	0.10000	0.10000
64	1945	361.70301	0.10000	0.10000	0.10000	0.10000	0.10000	0.10000	11.49699	0.10000	0.10000
65	1959	286.39187	4.30119	0.10000	0.10000	0.10000	0.10000	0.10000	82.60693	0.10000	0.10000
66	1971	0.10000	368.71503	4.48496	0.10000	0.10000	0.10000	0.10000	0.10000	0.10000	0.10000
67	2436	368.76906	0.10000	0.10000	0.10000	0.10000	0.10000	0.10000	4.43094	0.10000	0.10000
68	2042	368.82948	0.10000	0.10000	0.10000	0.10000	0.10000	0.10000	4.37052	0.10000	0.10000
69	2084	0.10001	337.44031	35.75964	0.10000	0.10000	0.10000	0.10001	0.10003	0.10000	0.10000
70	2624	0.10000	365.04657	4.13640	0.10000	0.10000	0.10000	4.11703	0.10000	0.10000	0.10000
71	2364	0.10000	0.10000	0.10000	0.10000	373.10000	0.10000	0.10000	0.10000	0.10000	0.10000
72	1991	0.10000	0.10000	0.10000	0.10000	373.10000	0.10000	0.10000	0.10000	0.10000	0.10000
73	2110	0.10005	0.10140	0.10012	0.10000	0.10000	0.10000	10.07734	363.12108	0.10001	0.10000
74	2029	0.10015	0.10000	0.10000	0.10000	0.10000	0.10000	211.55270	161.64714	0.10000	0.10001
75	2607	0.10016	365.26755	5.77576	0.10000	0.10000	2.25651	0.10000	0.10001	0.10000	0.10000
76	2649	366.50799	0.10000	0.10000	0.10000	0.10000	0.10000	0.10000	6.69201	0.10000	0.10000
77	2087	352.38728	0.10004	0.10000	0.10000	0.10000	0.10000	2.85546	18.05722	0.10000	0.10000
78	2188	0.10000	363.26234	9.93766	0.10000	0.10000	0.10000	0.10000	0.10000	0.10000	0.10000
79	2477	0.10000	373.10000	0.10000	0.10000	0.10000	0.10000	0.10000	0.10000	0.10000	0.10000
80	2386	0.10000	370.35427	2.84573	0.10000	0.10000	0.10000	0.10000	0.10000	0.10000	0.10000
81	2543	157.91834	199.71214	2.74298	0.10000	0.10000	0.10000	0.10000	13.02652	0.10000	0.10000
82	2604	0.10004	365.35130	5.93552	0.10000	0.10000	0.10000	0.10000	0.10000	2.01315	0.10000
83	2561	0.10026	358.22918	12.47663	0.10000	0.10000	2.59389	0.10000	0.10004	0.10000	0.10000
84	2433	0.10000	370.54526	0.10000	0.10000	0.10000	0.10000	0.10001	0.10000	0.10000	2.65473
85	2496	0.10000	0.10000	0.10000	0.10000	0.10000	0.10000	0.10000	373.10000	0.10000	0.10000
86	2153	352.49308	0.10002	0.10000	0.10000	0.10000	0.10000	0.10000	20.70690	0.10000	0.10000
87	2536	12.34174	342.21351	12.61672	0.10000	0.10000	0.10000	6.22799	0.10004	0.10000	0.10000
88	2482	0.10000	365.86483	7.33516	0.10000	0.10000	0.10000	0.10000	0.10000	0.10000	0.10000
89	2512	311.53070	0.10035	57.44950	0.10000	0.10000	0.10000	4.31943	0.10001	0.10000	0.10000
90	2010	373.10000	0.10000	0.10000	0.10000	0.10000	0.10000	0.10000	0.10000	0.10000	0.10000
91	2103	0.10000	364.78751	8.41249	0.10000	0.10000	0.10000	0.10000	0.10000	0.10000	0.10000
92	2253	0.10000	370.67175	2.52825	0.10000	0.10000	0.10000	0.10000	0.10000	0.10000	0.10000
93	2500	0.10000	373.10000	0.10000	0.10000	0.10000	0.10000	0.10000	0.10000	0.10000	0.10000
94	2063	0.10005	364.83514	8.36479	0.10000	0.10000	0.10000	0.10000	0.10001	0.10000	0.10000
95	2509	302.80781	0.10005	0.10000	0.10000	0.10000	0.10000	0.10000	70.39214	0.10000	0.10000
96	2399	336.08451	0.10000	0.10000	0.10000	0.10000	0.10000	5.69400	16.66695	14.95454	0.10000
97	2150	0.10018	363.11621	6.05082	0.10000	0.10000	2.15042	2.08236	0.10001	0.10000	0.10000
98	2030	0.10000	371.06486	2.13514	0.10000	0.10000	0.10000	0.10000	0.10000	0.10000	0.10000
99	2374	0.10000	373.10000	0.10000	0.10000	0.10000	0.10000	0.10000	0.10000	0.10000	0.10000
100	1986	0.10000	363.01422	10.18578	0.10000	0.10000	0.10000	0.10000	0.10000	0.10000	0.10000
101	2630	0.10000	370.89717	2.30283	0.10000	0.10000	0.10000	0.10000	0.10000	0.10000	0.10000
102	2376	0.10000	362.40282	8.68989	0.10000	0.10000	0.10000	0.10001	0.10000	0.10000	2.20727
103	2326	0.10000	370.96861	2.23139	0.10000	0.10000	0.10000	0.10000	0.10000	0.10000	0.10000
104	2172	0.10000	365.18127	8.01873	0.10000	0.10000	0.10000	0.10000	0.10000	0.10000	0.10000
105	2133	295.97286	0.10002	0.10000	0.10000	0.10000	0.10000	66.59019	0.10001	0.10000	10.73692
106	2296	0.10000	0.10000	0.10000	0.10000	0.10000	0.10000	373.10000	0.10000	0.10000	0.10000
107	2626	0.10000	0.10000	0.10000	0.10000	373.10000	0.10000	0.10000	0.10000	0.10000	0.10000
108	2097	0.10000	0.10000	0.10000	0.10000	373.10000	0.10000	0.10000	0.10000	0.10000	0.10000
109	2093	0.10001	364.50885	6.57147	0.10000	0.10000	0.10000	0.10000	0.10000	2.21967	0.10000
110	2391	0.10001	0.16147	307.56939	0.10000	0.10000	65.56912	0.10000	0.10000	0.10000	0.10000
111	2275	0.10000	369.04251	0.10020	0.10000	0.10000	4.15729	0.10000	0.10000	0.10000	0.10000
112	1984	0.10000	366.63186	6.56814	0.10000	0.10000	0.10000	0.10000	0.10000	0.10000	0.10000
113	2347	136.50261	226.94593	4.01144	0.10000	0.10000	0.10000	1.42136	4.61866	0.10000	0.10000
114	2550	0.10022	361.41631	5.23507	0.10000	0.10000	2.41827	0.10000	0.10001	4.33012	0.10000
115	2047	250.06196	0.10005	0.10000	0.10000	0.10000	0.10000	56.38080	10.37031	0.10000	56.58689
116	1932	364.62721	0.10000	0.10000	0.10000	0.10000	0.10000	0.10000	8.57279	0.10000	0.10000
117	2655	0.10000	370.83115	2.36885	0.10000	0.10000	0.10000	0.10000	0.10000	0.10000	0.10000
118	1994	347.39765	0.10006	0.10000	0.10000	0.10000	0.10000	0.10000	25.80229	0.10000	0.10000
119	2292	330.66250	0.10047	0.10004	0.10000	0.10000	0.10000	18.30904	24.32794	0.10000	0.10000
120	2109	0.10000	373.10000	0.10000	0.10000	0.10000	0.10000	0.10000	0.10000	0.10000	0.10000
121	2040	0.10023	358.19015	3.77567	0.10000	0.10000	0.10000	11.33348	0.10047	0.10000	0.10000
122	2086	0.10004	364.56176	8.63820	0.10000	0.10000	0.10000	0.10000	0.10000	0.10000	0.10000
123	2460	0.10000	366.31365	6.88635	0.10000	0.10000	0.10000	0.10000	0.10000	0.10000	0.10000
124	2597	338.48007	0.10509	0.10002	0.10000	0.10000	0.10000	3.81460	27.40661	0.10000	3.69361
125	2282	307.28173	0.10000	0.10000	0.10000	0.10000	0.10000	2.79961	63.21854	0.10000	0.10011
126	2511	304.49333	0.10001	0.10000	0.10000	0.10000	0.10000	0.10000	68.70666	0.10000	0.10000
127	2598	350.26396	0.10000	0.10000	0.10000	0.10000	0.10000	0.10000	22.93603	0.10000	0.10000
128	2638	0.10000	373.10000	0.10000	0.10000	0.10000	0.10000	0.10000	0.10000	0.10000	0.10000
129	2390	0.10000	0.10000	0.10000	0.10000	0.10000	0.10000	0.10000	373.10000	0.10000	0.10000
130	2096	0.10008	0.10000	0.10000	0.10000	0.10000	0.10000	20.87632	352.32360	0.10000	0.10000
131	2218	0.10001	358.04209	15.15789	0.10000	0.10000	0.10000	0.10000	0.10000	0.10000	0.10000
132	1917	0.10000	365.05463	8.14536	0.10000	0.10000	0.10000	0.10000	0.10000	0.10000	0.10000
133	2353	0.10000	368.57580	4.62420	0.10000	0.10000	0.10000	0.10000	0.10000	0.10000	0.10000
134	2625	0.10000	371.08409	0.10016	0.10000	0.10000	2.11575	0.10000	0.10000	0.10000	0.10000
135	2194	354.23915	3.75695	0.10000	0.10000	0.10000	0.10000	0.10000	15.30390	0.10000	0.10000
136	2289	300.20222	0.10000	0.10000	0.10000	0.10000	0.10000	58.28031	0.10001	0.10000	14.81745
137	2323	0.10000	368.97540	0.10020	0.10000	0.10000	4.22440	0.10000	0.10000	0.10000	0.10000
138	2410	0.10002	356.41203	16.78795	0.10000	0.10000	0.10000	0.10000	0.10000	0.10000	0.10000
139	2631	0.10000	359.82986	13.37014	0.10000	0.10000	0.10000	0.10000	0.10000	0.10000	0.10000
140	2111	315.36251	0.10000	0.10000	0.10000	0.10000	0.10000	0.10000	57.83749	0.10000	0.10000
141	2062	0.10017	34.35802	0.10000	0.10000	0.10000	0.10000	5.36200	333.57981	0.10000	0.10000
142	2059	0.10000	371.11743	2.08257	0.10000	0.10000	0.10000	0.10000	0.10000	0.10000	0.10000
143	1938	0.10000	364.98087	8.21913	0.10000	0.10000	0.10000	0.10000	0.10000	0.10000	0.10000
144	2060	0.10005	348.07053	5.19210	0.10000	0.10000	0.10000	20.03688	0.10044	0.10000	0.10000
145	1939	249.62289	0.10000	0.10000	0.10000	0.10000	0.10000	0.10000	123.57710	0.10000	0.10000
146	2264	339.16045	0.10000	0.10000	0.10000	0.10000	0.10000	0.10000	34.03954	0.10000	0.10000
147	2574	0.10000	373.10000	0.10000	0.10000	0.10000	0.10000	0.10000	0.10000	0.10000	0.10000
148	2579	0.10000	373.10000	0.10000	0.10000	0.10000	0.10000	0.10000	0.10000	0.10000	0.10000
149	2419	329.73858	0.10000	0.10000	0.10000	0.10000	0.10000	43.46140	0.10001	0.10000	0.10000
150	2491	356.16241	0.10001	0.10000	0.10000	0.10000	0.10000	0.10000	17.03757	0.10000	0.10000
151	2468	0.10037	298.35021	0.10003	0.10000	0.10000	0.10000	5.84410	69.10528	0.10000	0.10000
152	2615	0.10000	368.95740	4.24260	0.10000	0.10000	0.10000	0.10000	0.10000	0.10000	0.10000
153	2507	0.10000	361.64562	11.55438	0.10000	0.10000	0.10000	0.10000	0.10000	0.10000	0.10000
154	2564	0.10000	366.97074	6.22926	0.10000	0.10000	0.10000	0.10000	0.10000	0.10000	0.10000
155	2420	0.10000	0.10000	0.10000	0.10000	0.10000	0.10000	0.10000	373.10000	0.10000	0.10000
156	1929	0.10000	373.10000	0.10000	0.10000	0.10000	0.10000	0.10000	0.10000	0.10000	0.10000
157	2154	0.10000	361.19104	9.65471	0.10000	0.10000	0.10000	2.45421	0.10004	0.10000	0.10000
158	1925	0.10186	363.93437	3.19446	0.10000	0.10000	3.13572	3.13312	0.10047	0.10000	0.10000
159	1940	373.10000	0.10000	0.10000	0.10000	0.10000	0.10000	0.10000	0.10000	0.10000	0.10000
160	2329	0.10000	373.10000	0.10000	0.10000	0.10000	0.10000	0.10000	0.10000	0.10000	0.10000
161	2469	0.10000	370.21837	2.98163	0.10000	0.10000	0.10000	0.10000	0.10000	0.10000	0.10000
162	2229	0.10000	352.85352	16.52777	0.10000	0.10000	0.10000	3.91830	0.10041	0.10000	0.10000
163	2552	0.10000	366.23718	6.96282	0.10000	0.10000	0.10000	0.10000	0.10000	0.10000	0.10000
164	1993	0.10000	367.49498	3.85818	0.10000	0.10000	0.10000	0.10000	0.10000	1.94683	0.10000
165	2032	356.40722	0.10000	0.10000	0.10000	0.10000	0.10000	2.76163	14.13115	0.10000	0.10000
166	2485	0.10000	373.10000	0.10000	0.10000	0.10000	0.10000	0.10000	0.10000	0.10000	0.10000
167	2395	0.10019	364.62849	4.37125	0.10000	0.10000	0.10000	4.30007	0.10000	0.10000	0.10000
168	2339	0.10000	358.41653	14.78347	0.10000	0.10000	0.10000	0.10000	0.10000	0.10000	0.10000
169	1989	0.10000	368.66159	4.53820	0.10000	0.10000	0.10000	0.10001	0.10020	0.10000	0.10000
170	2243	0.10012	0.10011	13.27920	0.10000	0.10000	0.10000	0.10000	359.92056	0.10000	0.10000
171	2434	262.93654	0.10000	0.10000	0.10000	0.10000	0.10000	0.10000	110.26346	0.10000	0.10000
172	2126	0.10007	0.10000	0.10000	0.10000	15.63046	0.10000	0.10002	0.10000	0.10000	357.56945
173	2408	0.10000	373.10000	0.10000	0.10000	0.10000	0.10000	0.10000	0.10000	0.10000	0.10000
174	2121	0.10000	370.68359	2.51640	0.10000	0.10000	0.10000	0.10000	0.10000	0.10000	0.10000
175	2453	0.10003	0.10000	0.10000	0.10000	0.10000	0.10000	344.40753	0.10012	28.79232	0.10000
176	2214	0.10005	0.10014	0.10000	0.10000	0.10000	0.10000	356.10374	0.10000	0.10000	17.09606
177	2633	0.10000	0.10000	0.10000	0.10000	373.10000	0.10000	0.10000	0.10000	0.10000	0.10000
178	2526	0.10032	336.53425	32.08655	0.10000	0.10000	2.10893	0.10000	0.10001	2.66994	0.10000
179	2430	0.10000	360.00433	13.19567	0.10000	0.10000	0.10000	0.10000	0.10000	0.10000	0.10000
180	1964	127.64294	0.10000	0.10000	0.10000	0.10000	0.10000	165.02367	0.10000	0.10000	80.63338
181	2064	0.10000	364.83418	8.36581	0.10000	0.10000	0.10000	0.10000	0.10000	0.10000	0.10000
182	2407	0.10000	373.10000	0.10000	0.10000	0.10000	0.10000	0.10000	0.10000	0.10000	0.10000
183	2317	0.10000	0.10000	0.10000	0.10000	0.10000	0.10000	0.10000	0.10000	0.10000	373.10000
184	2412	0.10000	0.10000	0.10000	0.10000	0.10000	0.10000	0.10000	0.10000	0.10000	373.10000
185	2406	0.10000	0.10000	0.10000	0.10000	0.10000	0.10000	373.10000	0.10000	0.10000	0.10000
186	2112	0.10000	363.53433	9.66567	0.10000	0.10000	0.10000	0.10000	0.10000	0.10000	0.10000
187	2404	0.10000	357.14898	16.05102	0.10000	0.10000	0.10000	0.10000	0.10000	0.10000	0.10000
188	2135	359.19333	0.10000	0.10000	0.10000	0.10000	0.10000	0.10000	14.00667	0.10000	0.10000
189	2498	342.68382	0.10000	0.10000	0.10000	0.10000	0.10000	30.51618	0.10000	0.10000	0.10000
190	2302	330.44545	0.10065	0.10000	0.10000	3.30124	0.10000	21.36363	18.28903	0.10000	0.10000
191	2629	347.72862	0.10122	0.10001	0.10000	3.11534	0.10000	3.13872	19.41609	0.10000	0.10000
192	2351	351.30017	0.10001	0.10000	0.10000	3.53492	0.10000	0.10000	18.46490	0.10000	0.10000
193	2212	0.10000	370.33482	0.10027	0.10000	0.10000	2.86491	0.10000	0.10000	0.10000	0.10000
194	2123	0.10000	363.64809	9.55190	0.10000	0.10000	0.10000	0.10000	0.10000	0.10000	0.10000
195	2053	309.57135	0.10001	0.10000	0.10000	0.10000	0.10000	0.10000	63.62864	0.10000	0.10000
196	2254	359.70144	0.10000	0.10000	0.10000	0.10000	0.10000	4.77373	8.82483	0.10000	0.10000
197	2271	0.10000	366.73511	6.46489	0.10000	0.10000	0.10000	0.10000	0.10000	0.10000	0.10000
198	2199	307.60184	0.10001	0.10000	0.10000	0.10000	0.10000	2.52529	56.74797	0.10000	6.52489
199	2054	307.19427	0.10000	0.10000	0.10000	0.10000	0.10000	0.10000	66.00573	0.10000	0.10000
200	2018	0.10000	0.10000	0.10000	0.10000	373.10000	0.10000	0.10000	0.10000	0.10000	0.10000
201	2636	0.10000	0.10000	0.10000	0.10000	373.10000	0.10000	0.10000	0.10000	0.10000	0.10000
202	2371	0.10000	0.10000	0.10000	0.10000	0.10000	0.10000	0.10000	0.10000	0.10000	373.10000
203	2166	0.10000	0.10000	0.10000	0.10000	0.10000	0.10000	0.10000	0.10000	0.10000	373.10000
204	2033	0.10000	370.90572	0.10016	0.10000	0.10000	2.29412	0.10000	0.10000	0.10000	0.10000
205	2608	335.27662	0.10000	0.10000	0.10000	0.10000	0.10000	13.79853	24.22485	0.10000	0.10000
206	2567	345.70769	0.10087	0.10001	0.10000	0.10000	0.10000	11.25264	16.33880	0.10000	0.10000
207	2338	342.44511	0.10002	0.10000	0.10000	0.10000	0.10000	0.10000	30.75487	0.10000	0.10000
208	1954	278.78928	0.10000	0.10000	0.10000	94.41071	0.10000	0.10000	0.10000	0.10000	0.10000
209	2555	354.70755	0.10002	0.10000	0.10000	0.10000	0.10000	0.10000	18.49243	0.10000	0.10000
210	2138	358.36509	0.10000	2.88262	0.10000	0.10000	0.10000	0.10000	12.05228	0.10000	0.10000
211	2357	0.10000	0.10000	0.10000	0.10000	0.10000	0.10000	0.10000	0.10000	0.10000	373.10000
212	2152	0.10000	0.10000	0.10000	0.10000	0.10000	0.10000	0.10000	0.10000	0.10000	373.10000
213	2372	365.31521	0.10000	0.10000	0.10000	0.10000	0.10000	0.10000	7.88478	0.10000	0.10000
214	2189	280.03006	0.10035	93.16958	0.10000	0.10000	0.10000	0.10000	0.10000	0.10000	0.10000
215	2590	0.10000	365.27847	7.92153	0.10000	0.10000	0.10000	0.10000	0.10000	0.10000	0.10000
216	2359	0.10000	373.10000	0.10000	0.10000	0.10000	0.10000	0.10000	0.10000	0.10000	0.10000
217	2020	0.10000	370.72387	0.10016	0.10000	0.10000	2.47598	0.10000	0.10000	0.10000	0.10000
218	2467	0.10000	370.16077	0.10026	0.10000	0.10000	3.03896	0.10000	0.10000	0.10000	0.10000
219	2266	0.10219	325.89012	40.59348	0.10000	0.10000	0.10000	6.81406	0.10015	0.10000	0.10000
220	2558	0.10000	0.10000	0.10000	0.10000	0.10000	0.10000	0.10000	0.10000	0.10000	373.10000
221	2375	0.10000	0.10000	0.10000	0.10000	0.10000	0.10000	0.10000	0.10000	0.10000	373.10000
222	1947	294.92127	0.10000	0.10000	0.10000	0.10000	0.10000	0.10000	78.27873	0.10000	0.10000
223	2432	0.10006	0.10000	0.10000	0.10000	0.10000	0.10000	14.47599	344.90914	13.91482	0.10000
224	2660	0.10000	0.10000	0.10000	0.10000	373.10000	0.10000	0.10000	0.10000	0.10000	0.10000
225	2640	0.10000	0.10000	0.10000	0.10000	373.10000	0.10000	0.10000	0.10000	0.10000	0.10000
226	2601	0.10004	367.07422	6.12574	0.10000	0.10000	0.10000	0.10000	0.10000	0.10000	0.10000
227	2069	0.10001	354.87510	18.32486	0.10000	0.10000	0.10000	0.10000	0.10003	0.10000	0.10000
228	2327	305.22747	0.10001	0.10000	0.10000	0.10000	0.10000	3.36680	64.70572	0.10000	0.10000
229	1928	0.10000	0.10000	0.10000	0.10000	373.10000	0.10000	0.10000	0.10000	0.10000	0.10000
230	2360	0.10000	0.10000	0.10000	0.10000	0.10000	0.10000	0.10000	0.10000	0.10000	373.10000
231	2156	0.10000	0.10000	0.10000	0.10000	0.10000	0.10000	0.10000	0.10000	0.10000	373.10000
232	2101	0.10000	0.10000	0.10000	0.10000	0.10000	0.10000	0.10000	373.10000	0.10000	0.10000
233	2095	0.10000	373.10000	0.10000	0.10000	0.10000	0.10000	0.10000	0.10000	0.10000	0.10000
234	2125	356.13483	0.10000	0.10000	0.10000	0.10000	0.10000	0.10000	17.06516	0.10000	0.10000
235	2124	0.10000	368.50086	4.69914	0.10000	0.10000	0.10000	0.10000	0.10000	0.10000	0.10000
236	2538	0.10000	0.10000	0.10000	0.10000	373.10000	0.10000	0.10000	0.10000	0.10000	0.10000
237	2447	0.10000	0.10000	0.10000	0.10000	373.10000	0.10000	0.10000	0.10000	0.10000	0.10000
238	2297	0.10000	0.10000	0.10000	0.10000	373.10000	0.10000	0.10000	0.10000	0.10000	0.10000
239	2659	0.10000	0.10000	0.10000	0.10000	277.44741	0.10000	0.10001	0.10000	0.10000	95.75257
240	2142	0.10189	333.52341	28.89446	0.10000	0.10000	0.10000	9.12654	0.10046	1.85326	0.10000
241	2414	0.10023	364.79440	6.35508	0.10000	0.10000	2.15027	0.10000	0.10001	0.10000	0.10000
242	2324	0.10058	357.84152	0.10000	0.10000	0.10000	0.10000	15.35777	0.10013	0.10000	0.10000
243	2334	0.10035	342.66039	30.53926	0.10000	0.10000	0.10000	0.10000	0.10000	0.10000	0.10000
244	2397	0.10000	0.10000	0.10000	0.10000	0.10000	0.10000	0.10000	0.10000	0.10000	373.10000
245	1978	0.10000	0.10000	0.10000	0.10000	0.10000	0.10000	0.10000	0.10000	0.10000	373.10000
246	2429	0.10116	0.11612	327.99871	0.10000	0.10000	40.36876	4.91498	0.10027	0.10000	0.10000
247	2300	0.10000	322.51373	50.68626	0.10000	0.10000	0.10000	0.10000	0.10000	0.10000	0.10000
248	2606	0.10000	373.10000	0.10000	0.10000	0.10000	0.10000	0.10000	0.10000	0.10000	0.10000
249	2276	0.10000	373.10000	0.10000	0.10000	0.10000	0.10000	0.10000	0.10000	0.10000	0.10000
250	2554	0.10017	368.90349	0.10000	0.10000	0.10000	4.29634	0.10000	0.10001	0.10000	0.10000
251	2258	0.10000	357.16967	16.03033	0.10000	0.10000	0.10000	0.10000	0.10000	0.10000	0.10000
252	2331	0.10000	367.03641	6.16352	0.10000	0.10000	0.10000	0.10000	0.10006	0.10000	0.10000
253	1942	0.10000	0.10000	373.10000	0.10000	0.10000	0.10000	0.10000	0.10000	0.10000	0.10000
254	2584	0.10000	0.10000	373.10000	0.10000	0.10000	0.10000	0.10000	0.10000	0.10000	0.10000
255	2517	0.10000	0.10000	0.10000	0.10000	0.10000	0.10000	373.10000	0.10000	0.10000	0.10000
256	2192	0.10000	0.10000	0.10000	0.10000	373.10000	0.10000	0.10000	0.10000	0.10000	0.10000
257	2090	0.10000	367.00434	6.19565	0.10000	0.10000	0.10000	0.10000	0.10000	0.10000	0.10000
258	2340	0.10000	367.33274	5.86726	0.10000	0.10000	0.10000	0.10000	0.10000	0.10000	0.10000
259	2127	366.12194	0.10000	0.10000	0.10000	3.53387	0.10000	0.10000	3.64419	0.10000	0.10000
260	1943	0.10000	358.94831	14.25169	0.10000	0.10000	0.10000	0.10000	0.10000	0.10000	0.10000
261	2586	0.10000	368.99917	4.20083	0.10000	0.10000	0.10000	0.10000	0.10000	0.10000	0.10000
262	2116	0.10032	0.10015	0.10000	0.10000	363.41372	0.10000	9.78580	0.10001	0.10000	0.10000
263	2365	0.10000	0.10000	0.10000	0.10000	373.10000	0.10000	0.10000	0.10000	0.10000	0.10000
264	2523	0.10000	0.10000	0.10000	0.10000	0.10000	0.10000	0.10000	0.10000	0.10000	373.10000
265	2158	0.10000	0.10000	0.10000	0.10000	0.10000	0.10000	0.10000	0.10000	0.10000	373.10000
266	1985	0.10032	321.93010	12.58525	0.10000	0.10001	0.10000	2.83985	36.04447	0.10000	0.10000
267	2279	344.44246	0.10004	0.10000	0.10000	0.10000	0.10000	0.10000	28.75750	0.10000	0.10000
268	1948	361.64217	0.10000	0.10005	0.10000	0.10000	0.10000	0.10000	11.55778	0.10000	0.10000
269	1957	0.10000	0.10000	0.10000	0.10000	373.10000	0.10000	0.10000	0.10000	0.10000	0.10000
270	2648	0.10000	0.10000	0.10000	0.10000	373.10000	0.10000	0.10000	0.10000	0.10000	0.10000
271	1946	0.10000	371.08446	2.11554	0.10000	0.10000	0.10000	0.10000	0.10000	0.10000	0.10000
272	2337	0.10000	0.10000	0.10000	0.10000	373.10000	0.10000	0.10000	0.10000	0.10000	0.10000
273	2225	0.10000	0.10000	0.10000	0.10000	373.10000	0.10000	0.10000	0.10000	0.10000	0.10000
274	2016	0.10000	0.10000	0.10000	0.10000	373.10000	0.10000	0.10000	0.10000	0.10000	0.10000
275	2244	0.10000	367.32354	5.87645	0.10000	0.10000	0.10000	0.10000	0.10000	0.10000	0.10000
276	2348	0.10052	368.04880	2.64311	0.10000	0.10000	0.10000	2.60752	0.10005	0.10000	0.10000
277	2600	0.10003	364.66803	8.53194	0.10000	0.10000	0.10000	0.10000	0.10000	0.10000	0.10000
278	2593	0.10000	373.10000	0.10000	0.10000	0.10000	0.10000	0.10000	0.10000	0.10000	0.10000
279	2056	0.10000	319.12082	54.07917	0.10000	0.10000	0.10000	0.10000	0.10000	0.10000	0.10000
280	2396	0.10019	0.10000	0.10000	0.10000	5.64895	0.10000	6.61311	361.03775	0.10000	0.10000
281	1952	0.10016	0.10027	23.46361	0.10000	0.10000	0.10000	64.62689	285.20907	0.10000	0.10000
282	2458	317.21662	0.10000	0.10000	0.10000	0.10000	0.10000	0.10000	55.98337	0.10000	0.10000
283	2489	0.10004	362.45103	10.74893	0.10000	0.10000	0.10000	0.10000	0.10000	0.10000	0.10000
284	1983	0.10001	344.29190	28.90809	0.10000	0.10000	0.10000	0.10000	0.10000	0.10000	0.10000
285	2328	293.27861	0.10120	0.10080	0.10000	0.10000	0.10009	10.24608	69.77322	0.10000	0.10000
286	2394	285.12735	0.10000	0.10000	0.10000	0.10000	0.10000	0.10000	88.07264	0.10000	0.10000
287	1718	369.41373	0.10000	0.10000	0.10000	0.10000	0.10000	0.10000	3.78627	0.10000	0.10000
288	2333	287.77191	0.10202	0.10001	0.10000	0.10000	0.10001	7.87469	77.65135	0.10000	0.10000
289	2446	0.10000	373.10000	0.10000	0.10000	0.10000	0.10000	0.10000	0.10000	0.10000	0.10000
290	1997	0.10000	373.10000	0.10000	0.10000	0.10000	0.10000	0.10000	0.10000	0.10000	0.10000
291	1955	354.95803	0.10003	0.10000	0.10000	0.10000	0.10000	0.10000	18.24194	0.10000	0.10000
292	1920	345.92935	0.10002	0.10000	0.10000	0.10000	0.10000	0.10000	27.27063	0.10000	0.10000
293	2074	0.10000	373.10000	0.10000	0.10000	0.10000	0.10000	0.10000	0.10000	0.10000	0.10000
294	1926	302.31965	0.10000	0.10000	0.10000	0.10000	0.10000	52.83220	14.65757	0.10000	3.59057
295	2570	0.10000	0.10000	0.10000	0.10000	56.29161	0.10000	0.10000	0.10000	0.10000	316.90839
296	2647	0.10000	0.10000	0.10000	0.10000	373.10000	0.10000	0.10000	0.10000	0.10000	0.10000
297	2435	0.10000	0.10000	0.10000	0.10000	373.10000	0.10000	0.10000	0.10000	0.10000	0.10000
298	2213	0.10000	369.36747	0.10015	0.10000	0.10000	3.83238	0.10000	0.10000	0.10000	0.10000
299	2464	0.10000	373.10000	0.10000	0.10000	0.10000	0.10000	0.10000	0.10000	0.10000	0.10000
300	2335	0.10000	0.10000	0.10000	0.10000	0.10000	0.10000	0.10000	0.10000	0.10000	373.10000
301	1960	0.10000	0.10000	0.10000	0.10000	0.10000	0.10000	0.10000	0.10000	0.10000	373.10000
302	2392	0.10015	360.54251	4.32949	0.10000	0.10000	0.10000	0.10000	8.42785	0.10000	0.10000
303	2549	0.10000	373.10000	0.10000	0.10000	0.10000	0.10000	0.10000	0.10000	0.10000	0.10000
304	2131	0.10001	365.34527	7.85472	0.10000	0.10000	0.10000	0.10000	0.10000	0.10000	0.10000
305	2309	0.10005	357.49263	15.70731	0.10000	0.10000	0.10000	0.10001	0.10000	0.10000	0.10000
306	2092	0.10000	0.10000	373.10000	0.10000	0.10000	0.10000	0.10000	0.10000	0.10000	0.10000
307	2165	0.10000	367.06344	6.13655	0.10000	0.10000	0.10000	0.10000	0.10000	0.10000	0.10000
308	2149	363.52617	0.10000	0.10000	0.10000	0.10000	0.10000	0.10000	9.67382	0.10000	0.10000
309	2007	294.54263	0.10064	65.88306	0.10000	0.10000	0.10000	0.10000	12.87366	0.10000	0.10000
310	2445	367.67348	0.10032	5.52620	0.10000	0.10000	0.10000	0.10000	0.10000	0.10000	0.10000
311	2306	0.10000	373.10000	0.10000	0.10000	0.10000	0.10000	0.10000	0.10000	0.10000	0.10000
312	2043	0.10000	366.51684	6.68316	0.10000	0.10000	0.10000	0.10000	0.10000	0.10000	0.10000
313	2535	0.10000	0.10000	0.10000	0.10000	373.10000	0.10000	0.10000	0.10000	0.10000	0.10000
314	2492	0.10000	368.78992	4.41008	0.10000	0.10000	0.10000	0.10000	0.10000	0.10000	0.10000
315	2361	0.10000	0.10000	0.10000	0.10000	0.10000	0.10000	0.10000	0.10000	0.10000	373.10000
316	2280	0.10000	0.10000	0.10000	0.10000	0.10000	0.10000	0.10000	373.10000	0.10000	0.10000
317	2619	0.10000	368.41145	4.78855	0.10000	0.10000	0.10000	0.10000	0.10000	0.10000	0.10000
318	2385	322.96369	0.10227	0.10001	0.10000	0.10000	0.10000	24.48364	25.85039	0.10000	0.10000
319	2530	289.54166	0.10195	0.10001	0.10000	0.10000	0.10000	69.18671	14.56967	0.10000	0.10000
320	1913	351.15206	0.10000	0.10000	0.10000	22.04794	0.10000	0.10000	0.10000	0.10000	0.10000
321	2542	0.10231	351.67617	15.47599	0.10000	0.10000	0.10000	4.17081	0.10028	2.07445	0.10000
322	2246	368.77938	0.10000	0.10000	0.10000	0.10000	0.10000	0.10000	4.42061	0.10000	0.10000
323	2002	358.47453	0.10095	0.10008	0.10000	0.10000	0.10000	7.33574	7.48869	0.10000	0.10000
324	1972	0.10000	0.10000	0.10000	0.10000	373.10000	0.10000	0.10000	0.10000	0.10000	0.10000
325	2242	0.10000	0.10000	0.10000	0.10000	0.10000	0.10000	373.10000	0.10000	0.10000	0.10000
326	2416	0.10000	0.10000	0.10000	0.10000	0.10000	0.10000	373.10000	0.10000	0.10000	0.10000
327	2071	347.16197	0.10020	9.16640	0.10000	0.10000	0.10000	0.10000	16.97143	0.10000	0.10000
328	2102	361.28723	0.10000	0.10000	0.10000	5.87518	0.10000	3.09780	3.13979	0.10000	0.10000
329	2616	361.64862	3.90574	0.10000	0.10000	7.74563	0.10000	0.10000	0.10000	0.10000	0.10000
330	2176	293.64058	0.10000	0.10000	0.10000	0.10000	0.10000	72.69610	0.10002	0.10000	6.96331
331	2267	358.08377	0.10000	0.10000	0.10000	0.10000	0.10000	0.10000	15.11623	0.10000	0.10000
332	2068	355.81112	0.10000	0.10000	0.10000	0.10000	0.10000	2.88486	14.60401	0.10000	0.10000
333	1577	357.85668	0.10002	0.10000	0.10000	0.10000	0.10000	0.10000	15.34330	0.10000	0.10000
334	2370	0.10000	370.72297	0.10027	0.10000	0.10000	2.47675	0.10000	0.10000	0.10000	0.10000
335	2237	0.10000	366.87423	6.32577	0.10000	0.10000	0.10000	0.10000	0.10000	0.10000	0.10000
336	2583	0.10000	0.10000	0.10000	0.10000	373.10000	0.10000	0.10000	0.10000	0.10000	0.10000
337	2378	0.10000	0.10000	0.10000	0.10000	373.10000	0.10000	0.10000	0.10000	0.10000	0.10000
338	2503	0.10000	0.10000	0.10000	0.10000	0.10000	0.10000	0.10000	0.10000	0.10000	373.10000
339	2114	0.10000	0.10000	0.10000	0.10000	0.10000	0.10000	0.10000	0.10000	0.10000	373.10000
340	2260	0.10000	0.10000	0.10000	0.10000	0.10000	0.10000	0.10000	0.10000	0.10000	373.10000
341	2307	0.10000	373.10000	0.10000	0.10000	0.10000	0.10000	0.10000	0.10000	0.10000	0.10000
342	2336	340.96994	0.10119	0.10012	0.10000	0.10000	0.10000	7.94088	24.38786	0.10000	0.10000
343	2120	0.10000	0.10000	0.10000	0.10000	0.10000	0.10000	0.10000	0.10000	0.10000	373.10000
344	2105	0.10000	0.10000	0.10000	0.10000	0.10000	0.10000	0.10000	0.10000	0.10000	373.10000
345	2161	0.10000	0.10000	0.10000	0.10000	0.10000	0.10000	0.10000	373.10000	0.10000	0.10000
346	2287	0.10041	356.36953	0.10000	0.10000	0.10001	5.67301	11.25702	0.10002	0.10000	0.10000
347	2529	350.87771	0.10000	0.10000	0.10000	22.32229	0.10000	0.10000	0.10000	0.10000	0.10000
348	1966	0.10000	348.68423	22.32288	0.10000	0.10000	0.10000	2.29289	0.10000	0.10000	0.10000
349	2285	357.94635	0.10000	0.10000	0.10000	0.10000	0.10000	0.10000	15.25364	0.10000	0.10000
350	2247	356.44492	0.10000	0.10000	0.10000	0.10000	0.10000	7.09600	9.75908	0.10000	0.10000
351	2261	0.10000	373.10000	0.10000	0.10000	0.10000	0.10000	0.10000	0.10000	0.10000	0.10000
352	2504	0.10000	370.56984	2.63016	0.10000	0.10000	0.10000	0.10000	0.10000	0.10000	0.10000
353	2495	0.10000	370.49065	0.10015	0.10000	0.10000	2.70920	0.10000	0.10000	0.10000	0.10000
354	2343	373.10000	0.10000	0.10000	0.10000	0.10000	0.10000	0.10000	0.10000	0.10000	0.10000
355	2487	0.10000	0.10000	0.10000	0.10000	373.10000	0.10000	0.10000	0.10000	0.10000	0.10000
356	2245	0.10000	0.10000	0.10000	0.10000	373.10000	0.10000	0.10000	0.10000	0.10000	0.10000
357	1988	0.10084	0.10000	0.10004	0.10000	0.10000	0.10000	18.23728	0.10011	354.96173	0.10000
358	2466	0.10000	0.10000	0.10000	0.10000	0.10000	0.10000	0.10000	0.10000	373.10000	0.10000
359	2223	355.68199	0.10241	0.10027	0.10000	0.10000	0.10000	3.48383	14.13150	0.10000	0.10000
360	2653	356.00662	0.10000	0.10000	0.10000	0.10000	0.10000	0.10000	17.19337	0.10000	0.10000
361	2164	0.10000	368.92350	4.27650	0.10000	0.10000	0.10000	0.10000	0.10000	0.10000	0.10000
362	2472	297.63262	0.10000	0.10000	0.10000	64.97683	0.10000	0.10000	10.69054	0.10000	0.10000
363	2241	366.20151	0.10000	0.10000	0.10000	0.10000	0.10000	0.10000	6.99849	0.10000	0.10000
364	136	270.00453	0.10000	0.10000	0.10000	103.19547	0.10000	0.10000	0.10000	0.10000	0.10000
365	2451	306.13859	0.10001	0.10000	0.10000	0.10000	0.10000	0.10000	67.06139	0.10000	0.10000
366	2050	0.10000	0.10000	0.10000	0.10000	373.10000	0.10000	0.10000	0.10000	0.10000	0.10000
367	2196	361.92243	0.10000	0.10000	0.10000	0.10000	0.10000	0.10000	11.27757	0.10000	0.10000
368	2075	0.10007	0.10064	0.10001	0.10000	0.10000	0.10000	8.44767	364.75161	0.10000	0.10000
369	2501	0.10017	0.10110	48.37294	0.10000	0.10000	0.10000	21.54457	303.38123	0.10000	0.10000
370	2423	0.10000	370.76259	2.43741	0.10000	0.10000	0.10000	0.10000	0.10000	0.10000	0.10000
371	2250	373.10000	0.10000	0.10000	0.10000	0.10000	0.10000	0.10000	0.10000	0.10000	0.10000
372	2180	365.81900	0.10000	0.10000	0.10000	0.10000	0.10000	0.10000	7.38099	0.10000	0.10000
373	2478	0.10000	0.10000	373.10000	0.10000	0.10000	0.10000	0.10000	0.10000	0.10000	0.10000
374	2058	0.10006	316.88230	56.31762	0.10000	0.10000	0.10000	0.10000	0.10001	0.10000	0.10000
375	2183	351.10145	0.10002	0.10000	0.10000	0.10000	0.10000	0.10000	22.09853	0.10000	0.10000
376	2533	353.03748	0.10120	0.10001	0.10000	3.94530	0.10000	4.05769	12.35832	0.10000	0.10000
377	2409	0.10003	364.42743	8.77254	0.10000	0.10000	0.10000	0.10000	0.10000	0.10000	0.10000
378	2582	373.10000	0.10000	0.10000	0.10000	0.10000	0.10000	0.10000	0.10000	0.10000	0.10000
379	2377	318.54411	0.10000	0.10000	0.10000	0.10000	0.10000	0.10000	54.65589	0.10000	0.10000
380	2215	331.42672	0.10028	0.10000	0.10000	0.10000	0.10000	16.70835	25.16464	0.10000	0.10000
381	2197	0.10000	0.10000	0.10000	0.10000	0.10000	0.10000	0.10000	0.10000	0.10000	373.10000
382	2236	0.10000	0.10000	0.10000	0.10000	0.10000	0.10000	0.10000	0.10000	0.10000	373.10000
383	2499	0.10000	335.22140	37.97860	0.10000	0.10000	0.10000	0.10000	0.10000	0.10000	0.10000
384	2322	0.10008	0.10000	0.10000	0.10000	0.10000	0.10000	201.26650	0.10001	0.10000	171.93341
385	2098	0.10000	373.10000	0.10000	0.10000	0.10000	0.10000	0.10000	0.10000	0.10000	0.10000
386	2418	0.10000	373.10000	0.10000	0.10000	0.10000	0.10000	0.10000	0.10000	0.10000	0.10000
387	2381	0.10005	366.70002	0.10013	0.10000	0.10000	6.49979	0.10000	0.10000	0.10000	0.10000
388	2603	0.10022	0.10000	0.10000	0.10000	0.10000	0.10000	72.36503	300.83475	0.10000	0.10000
389	2644	0.10000	0.10000	0.10000	0.10000	0.10000	0.10000	0.10000	0.10000	0.10000	373.10000
390	2417	301.57755	0.10000	0.10000	0.10000	65.80484	0.10000	0.10000	5.91760	0.10000	0.10000
391	1999	0.10000	0.10000	0.10000	0.10000	373.10000	0.10000	0.10000	0.10000	0.10000	0.10000
392	2220	0.10000	371.16662	0.10029	0.10000	0.10000	2.03309	0.10000	0.10000	0.10000	0.10000
393	2578	0.10000	370.75818	2.44182	0.10000	0.10000	0.10000	0.10000	0.10000	0.10000	0.10000
394	2045	0.10000	373.10000	0.10000	0.10000	0.10000	0.10000	0.10000	0.10000	0.10000	0.10000
395	1953	0.10000	373.10000	0.10000	0.10000	0.10000	0.10000	0.10000	0.10000	0.10000	0.10000
396	2028	361.61075	0.10000	0.10000	0.10000	0.10000	0.10000	0.10000	11.58925	0.10000	0.10000
397	2556	0.10000	364.19122	9.00878	0.10000	0.10000	0.10000	0.10000	0.10000	0.10000	0.10000
398	2191	363.82907	0.10001	0.10000	0.10000	0.10000	0.10000	0.10000	9.37092	0.10000	0.10000
399	2235	0.10016	0.10000	0.10001	0.10000	0.10000	0.10000	46.89529	326.30454	0.10000	0.10000
400	2288	0.10002	0.10041	241.35788	0.10000	0.10000	0.10000	131.84159	0.10010	0.10000	0.10000
401	1987	350.84098	0.10049	0.10000	0.10000	0.10000	0.10000	22.35852	0.10000	0.10000	0.10000
402	2475	368.88111	0.10000	0.10000	0.10000	0.10000	0.10000	0.10000	4.31889	0.10000	0.10000
403	2547	349.95162	7.53707	0.10000	0.10000	0.10000	0.10000	0.10000	15.81131	0.10000	0.10000
404	2319	353.23065	0.10005	0.10000	0.10000	3.20827	0.10000	0.10000	16.86102	0.10000	0.10000
405	2617	306.34906	0.10000	0.10000	0.10000	0.10000	0.10000	0.10000	66.85094	0.10000	0.10000
406	1914	0.10000	0.10000	0.10000	0.10000	373.10000	0.10000	0.10000	0.10000	0.10000	0.10000
407	2658	0.10000	0.10000	0.10000	0.10000	373.10000	0.10000	0.10000	0.10000	0.10000	0.10000
408	2163	332.78337	0.10144	0.10002	0.10000	0.10000	0.10000	40.41517	0.10000	0.10000	0.10000
409	2311	0.10000	357.78528	15.41472	0.10000	0.10000	0.10000	0.10000	0.10000	0.10000	0.10000
410	2052	365.32745	0.10000	0.10000	0.10000	0.10000	0.10000	0.10000	7.87255	0.10000	0.10000
411	2594	307.53594	0.10006	13.06994	0.10000	0.10000	0.10000	13.48899	39.30484	0.10022	0.10000
412	2273	373.10000	0.10000	0.10000	0.10000	0.10000	0.10000	0.10000	0.10000	0.10000	0.10000
413	2202	0.10000	0.10000	0.10000	0.10000	373.10000	0.10000	0.10000	0.10000	0.10000	0.10000
414	2222	0.10008	0.10000	0.10000	0.10000	0.10000	0.10000	18.89400	354.30592	0.10000	0.10000
415	1922	0.10000	0.10000	0.10000	0.10000	0.10000	0.10000	0.10000	0.10000	0.10000	373.10000
416	2341	0.10000	0.10000	0.10000	0.10000	18.09010	0.10000	0.10001	0.10000	0.10000	355.10989
417	2139	0.10000	373.10000	0.10000	0.10000	0.10000	0.10000	0.10000	0.10000	0.10000	0.10000
418	2462	0.10057	349.23425	0.10000	0.10000	0.10000	0.10000	23.96501	0.10017	0.10000	0.10000
419	2591	0.10000	373.10000	0.10000	0.10000	0.10000	0.10000	0.10000	0.10000	0.10000	0.10000
420	2628	0.10000	0.10000	0.10000	0.10000	0.10000	0.10000	0.10000	0.10000	0.10000	373.10000
421	2291	0.10000	0.10000	0.10000	0.10000	0.10000	0.10000	373.10000	0.10000	0.10000	0.10000
422	2643	365.03945	0.10000	0.10000	0.10000	0.10000	0.10000	0.10000	8.16055	0.10000	0.10000
423	2293	0.10048	0.10112	0.10001	0.10000	0.10000	0.10000	8.77670	364.42169	0.10000	0.10000
424	1975	0.10000	0.10000	0.10000	0.10000	0.10000	0.10000	0.10000	0.10000	0.10000	373.10000
425	1930	0.10000	0.10000	0.10000	0.10000	0.10000	0.10000	0.10000	0.10000	0.10000	373.10000
426	2516	368.45276	0.10001	0.10000	0.10000	0.10000	0.10000	0.10000	4.74723	0.10000	0.10000
427	2057	325.74555	0.10173	0.10001	0.10000	0.10000	0.10000	37.64886	9.90385	0.10000	0.10000
428	2623	0.10019	355.37696	17.82284	0.10000	0.10000	0.10000	0.10000	0.10001	0.10000	0.10000
429	2006	0.10000	0.10000	0.10000	0.10000	373.10000	0.10000	0.10000	0.10000	0.10000	0.10000
430	2366	0.10033	0.10000	0.10000	0.10000	0.10000	0.10000	335.63394	0.10002	0.10000	37.56571
431	2211	0.10000	0.10000	0.10000	0.10000	0.10000	0.10000	373.10000	0.10000	0.10000	0.10000
432	2352	0.10000	370.83163	2.36837	0.10000	0.10000	0.10000	0.10000	0.10000	0.10000	0.10000
433	2427	0.10019	0.10071	355.43033	0.10000	0.10000	0.10000	0.10000	17.76876	0.10000	0.10000
434	1934	0.10000	0.10000	0.10000	0.10000	0.10000	0.10000	0.10000	0.10000	0.10000	373.10000
435	2299	0.10018	370.64387	0.10000	0.10000	0.10000	2.55593	0.10000	0.10001	0.10000	0.10000
436	2226	200.60313	0.10007	0.10001	0.10000	0.10000	0.10000	140.25692	32.43986	0.10000	0.10000
437	2573	0.10027	368.11336	2.61618	0.10000	0.10000	2.57015	0.10000	0.10004	0.10000	0.10000
438	1923	186.06088	0.10000	0.10000	0.10000	0.10000	0.10000	187.13911	0.10001	0.10000	0.10000
439	2575	0.10033	367.67639	2.83568	0.10000	0.10000	0.10000	2.78759	0.10001	0.10000	0.10000
440	2559	0.10000	373.10000	0.10000	0.10000	0.10000	0.10000	0.10000	0.10000	0.10000	0.10000
441	2368	347.47874	0.10038	0.10000	0.10000	0.10000	0.10000	11.42555	9.54463	0.10000	4.95070
442	2642	291.55028	0.10001	0.10000	0.10000	0.10004	0.10000	75.81966	5.93000	0.10000	0.10000
443	2349	0.10000	0.10000	0.10000	0.10000	0.10000	0.10000	0.10000	0.10000	373.10000	0.10000
444	2384	305.20237	0.10172	0.10001	0.10000	4.21132	0.10000	4.50037	59.48420	0.10000	0.10000
445	2645	0.10000	0.10000	0.10000	0.10000	373.10000	0.10000	0.10000	0.10000	0.10000	0.10000
446	2210	0.10066	349.49858	0.10000	0.10000	0.10000	0.10000	23.70067	0.10009	0.10000	0.10000
447	2159	0.10000	0.10000	0.10000	0.10000	373.10000	0.10000	0.10000	0.10000	0.10000	0.10000
448	2424	0.10000	0.10000	0.10000	0.10000	0.10000	0.10000	0.10000	0.10000	0.10000	373.10000
449	2000	0.10000	0.10000	0.10000	0.10000	373.10000	0.10000	0.10000	0.10000	0.10000	0.10000
450	2157	0.10000	0.10000	0.10000	0.10000	373.10000	0.10000	0.10000	0.10000	0.10000	0.10000
451	2539	0.10000	373.10000	0.10000	0.10000	0.10000	0.10000	0.10000	0.10000	0.10000	0.10000
452	2657	0.10000	0.10000	0.10000	0.10000	373.10000	0.10000	0.10000	0.10000	0.10000	0.10000
453	1935	0.10000	0.10000	0.10000	0.10000	373.10000	0.10000	0.10000	0.10000	0.10000	0.10000
454	2313	0.10043	0.10034	0.10001	0.10000	0.10000	0.10000	54.73242	0.10009	0.10000	318.46672
455	2613	0.10000	373.10000	0.10000	0.10000	0.10000	0.10000	0.10000	0.10000	0.10000	0.10000
456	2356	0.10000	373.10000	0.10000	0.10000	0.10000	0.10000	0.10000	0.10000	0.10000	0.10000
457	2108	0.10000	373.10000	0.10000	0.10000	0.10000	0.10000	0.10000	0.10000	0.10000	0.10000
458	2155	231.18607	0.10000	0.10001	0.10000	0.10000	0.10000	142.01378	0.10015	0.10000	0.10000
459	2144	362.65611	0.10000	0.10000	0.10000	0.10000	0.10000	0.10000	10.54389	0.10000	0.10000
460	1921	0.10000	0.10000	0.10000	0.10000	373.10000	0.10000	0.10000	0.10000	0.10000	0.10000
461	2072	294.52043	0.10001	0.10000	0.10000	0.10000	0.10000	0.10000	78.67957	0.10000	0.10000
462	2461	363.09832	0.10000	0.10000	0.10000	0.10000	0.10000	0.10000	10.10168	0.10000	0.10000
463	2310	222.99678	0.10000	0.10000	0.10000	0.10000	0.10000	150.20320	0.10002	0.10000	0.10000
464	2465	345.05438	0.10000	0.10000	0.10000	0.10000	0.10000	0.10000	28.14562	0.10000	0.10000
465	2083	0.10000	367.90262	5.29738	0.10000	0.10000	0.10000	0.10000	0.10000	0.10000	0.10000
466	2232	280.30121	0.10000	0.10000	0.10000	0.10000	0.10000	61.62138	11.71153	0.10000	19.76588
467	1919	0.10000	0.10000	0.10000	0.10000	373.10000	0.10000	0.10000	0.10000	0.10000	0.10000
468	1951	0.10000	0.10000	0.10000	0.10000	373.10000	0.10000	0.10000	0.10000	0.10000	0.10000
469	2026	308.52696	0.11247	0.10008	0.10000	0.10000	47.30486	0.10001	17.45562	0.10001	0.10000
470	2270	0.10000	0.10000	0.10000	0.10000	0.10000	0.10000	373.10000	0.10000	0.10000	0.10000
471	2011	0.10000	0.10000	0.10000	0.10000	373.10000	0.10000	0.10000	0.10000	0.10000	0.10000
472	1995	0.10000	0.10000	0.10000	0.10000	373.10000	0.10000	0.10000	0.10000	0.10000	0.10000
473	2639	0.10000	0.10000	0.10000	0.10000	373.10000	0.10000	0.10000	0.10000	0.10000	0.10000
474	1965	0.10000	0.10000	0.10000	0.10000	0.10000	0.10000	0.10000	0.10000	0.10000	373.10000
475	1918	0.10018	370.73715	0.10000	0.10000	0.10000	2.46266	0.10000	0.10001	0.10000	0.10000
476	2208	0.10000	0.10000	0.10000	0.10000	0.10000	0.10000	373.10000	0.10000	0.10000	0.10000
477	2308	0.10000	368.10873	5.09127	0.10000	0.10000	0.10000	0.10000	0.10000	0.10000	0.10000
478	1931	0.10000	0.10000	0.10000	0.10000	373.10000	0.10000	0.10000	0.10000	0.10000	0.10000
479	2221	0.10010	0.10000	9.73635	0.10000	0.10000	0.10000	21.84931	341.71425	0.10000	0.10000
480	2027	0.10000	0.10000	0.10000	0.10000	373.10000	0.10000	0.10000	0.10000	0.10000	0.10000
481	2081	295.97617	0.10071	0.10000	0.10000	0.10000	0.10000	4.97935	72.34378	0.10000	0.10000
482	2609	0.10000	0.10000	0.10000	0.10000	0.10000	0.10000	0.10000	373.10000	0.10000	0.10000
483	2038	315.34654	0.10000	0.10000	0.10000	0.10000	0.10000	54.65416	0.10000	0.10000	3.29930
484	2048	0.10000	0.10000	0.10000	0.10000	0.10000	0.10000	373.10000	0.10000	0.10000	0.10000
485	2587	0.10000	0.10000	0.10000	0.10000	0.10000	0.10000	0.10000	0.10000	0.10000	373.10000
486	2067	0.10000	0.10000	373.10000	0.10000	0.10000	0.10000	0.10000	0.10000	0.10000	0.10000
487	1980	0.10000	0.10000	0.10000	0.10000	373.10000	0.10000	0.10000	0.10000	0.10000	0.10000
488	2185	337.16522	0.10000	0.10000	0.10000	0.10000	0.10000	36.03478	0.10000	0.10000	0.10000
489	2537	274.72107	0.10000	0.10000	0.10000	0.10000	0.10000	0.10000	98.47893	0.10000	0.10000
490	2004	0.10000	0.10000	0.10000	0.10000	373.10000	0.10000	0.10000	0.10000	0.10000	0.10000
491	2315	356.14007	0.10000	0.10000	0.10000	0.10000	0.10000	0.10000	17.05992	0.10000	0.10000
492	2249	329.21767	0.10000	0.10000	0.10000	0.10000	0.10000	0.10000	0.10000	0.10000	43.98232
493	2147	0.10000	0.10000	373.10000	0.10000	0.10000	0.10000	0.10000	0.10000	0.10000	0.10000
494	2502	363.79316	0.10000	0.10000	0.10000	0.10000	0.10000	9.40683	0.10000	0.10000	0.10000
495	2137	299.02690	0.12966	0.10010	0.10000	0.10000	31.15004	0.10000	43.09329	0.10000	0.10000
496	2362	0.10000	0.10000	0.10000	0.10000	0.10000	0.10000	373.10000	0.10000	0.10000	0.10000
497	2398	331.79630	0.10578	0.10024	0.10000	0.10000	0.10000	0.10006	26.67095	14.82667	0.10000
498	2589	373.10000	0.10000	0.10000	0.10000	0.10000	0.10000	0.10000	0.10000	0.10000	0.10000
499	2463	373.10000	0.10000	0.10000	0.10000	0.10000	0.10000	0.10000	0.10000	0.10000	0.10000
500	2170	0.10000	0.10000	0.10000	0.10000	0.10000	0.10000	0.10000	0.10000	373.10000	0.10000
501	2479	0.10000	0.10000	0.10000	0.10000	0.10000	0.10000	0.10000	373.10000	0.10000	0.10000
502	2134	358.51260	0.10000	0.10001	0.10000	0.10000	0.10000	0.10000	14.68739	0.10000	0.10000
503	2115	0.10001	370.27307	2.92692	0.10000	0.10000	0.10000	0.10000	0.10000	0.10000	0.10000
504	2088	0.10000	363.46002	9.73998	0.10000	0.10000	0.10000	0.10000	0.10000	0.10000	0.10000
505	2145	0.10011	0.10000	0.10000	0.10000	6.27709	0.10000	282.84095	0.10001	0.10000	84.18184
506	2174	353.05425	0.10000	0.10000	0.10000	0.10000	0.10000	20.14575	0.10000	0.10000	0.10000
507	2546	0.10000	367.75331	5.44669	0.10000	0.10000	0.10000	0.10000	0.10000	0.10000	0.10000
508	2344	292.62891	0.10001	0.10000	0.10000	0.10000	0.10000	0.10000	80.57108	0.10000	0.10000
509	2274	0.10000	0.10000	0.10000	0.10000	0.10000	0.10000	0.10000	373.10000	0.10000	0.10000
510	2415	0.10005	0.10000	0.10000	0.10000	0.10000	0.10000	9.70299	363.49695	0.10000	0.10000
511	2037	0.10000	346.41906	26.78094	0.10000	0.10000	0.10000	0.10000	0.10000	0.10000	0.10000
512	2136	0.10000	367.90456	5.29544	0.10000	0.10000	0.10000	0.10000	0.10000	0.10000	0.10000
513	1958	0.10000	0.10000	0.10000	0.10000	373.10000	0.10000	0.10000	0.10000	0.10000	0.10000
514	2486	0.10000	0.10000	0.10000	0.10000	0.10000	0.10000	0.10000	0.10000	373.10000	0.10000
515	2513	0.10000	0.10000	0.10000	0.10000	0.10000	0.10000	0.10000	0.10000	373.10000	0.10000
516	2471	370.20842	0.10037	2.99121	0.10000	0.10000	0.10000	0.10000	0.10000	0.10000	0.10000
517	2190	0.10000	370.86659	0.10016	0.10000	0.10000	2.33325	0.10000	0.10000	0.10000	0.10000
518	2041	0.10000	0.10000	0.10000	0.10000	0.10000	0.10000	0.10000	0.10000	0.10000	373.10000
519	2456	106.67144	0.10000	0.10000	0.10000	0.10000	0.10000	0.10000	0.10000	0.10000	266.52856
520	2610	153.38347	0.10000	0.10000	0.10000	0.10000	0.10000	219.81652	0.10001	0.10000	0.10000
521	2401	67.63172	0.10041	0.10001	0.10000	0.10000	0.10000	0.10000	0.10000	305.56785	0.10000
522	2540	0.10002	0.10000	0.10000	0.10000	0.10000	0.10000	134.16977	0.10000	0.10000	239.03020
523	2198	373.10000	0.10000	0.10000	0.10000	0.10000	0.10000	0.10000	0.10000	0.10000	0.10000
524	2039	362.30187	0.10000	0.10000	0.10000	0.10000	0.10000	0.10000	10.89813	0.10000	0.10000
525	1973	0.10000	0.10000	0.10000	0.10000	373.10000	0.10000	0.10000	0.10000	0.10000	0.10000
526	2525	165.59899	0.10000	0.10000	0.10000	0.10000	0.10000	207.60100	0.10001	0.10000	0.10000
527	2128	321.26973	0.10153	0.10004	0.10000	12.54401	0.10000	22.77113	16.81354	0.10000	0.10000
528	2474	0.10000	0.10000	0.10000	0.10000	0.10000	0.10000	0.10000	0.10000	0.10000	373.10000
529	2411	0.10000	0.10000	0.10000	0.10000	0.10000	0.10000	0.10000	0.10000	0.10000	373.10000
530	2476	0.10000	0.10000	373.10000	0.10000	0.10000	0.10000	0.10000	0.10000	0.10000	0.10000
531	2443	0.10026	0.10037	231.60125	0.10000	0.10000	0.10000	42.78084	0.10003	70.37211	28.64512
532	2545	0.10000	0.10005	326.47494	0.10000	0.10000	0.10000	0.10000	0.10000	46.72501	0.10000
533	2314	0.10000	0.10000	0.10000	0.10000	0.10000	0.10000	0.10000	0.10000	0.10000	373.10000
534	2576	0.10000	0.10000	373.10000	0.10000	0.10000	0.10000	0.10000	0.10000	0.10000	0.10000
535	2318	0.10000	0.10000	0.10000	0.10000	0.10000	0.10000	373.10000	0.10000	0.10000	0.10000
536	2618	0.10000	0.10000	0.10000	0.10000	0.10000	0.10000	0.10000	0.10000	0.10000	373.10000
537	2021	0.10000	373.10000	0.10000	0.10000	0.10000	0.10000	0.10000	0.10000	0.10000	0.10000
538	1933	0.10000	0.10000	0.10000	0.10000	0.10000	0.10000	0.10000	0.10000	0.10000	373.10000
539	2403	0.10000	0.10000	0.10000	0.10000	0.10000	0.10000	0.10000	0.10000	0.10000	373.10000
540	2179	0.10000	373.10000	0.10000	0.10000	0.10000	0.10000	0.10000	0.10000	0.10000	0.10000
541	2031	155.77751	0.10000	0.10000	0.10000	0.10000	0.10000	217.42249	0.10000	0.10000	0.10000
542	2216	0.10000	367.33011	5.86989	0.10000	0.10000	0.10000	0.10000	0.10000	0.10000	0.10000
543	2444	0.10000	0.10000	0.10000	0.10000	0.10000	0.10000	0.10000	0.10000	373.10000	0.10000
544	2473	272.56765	0.10000	0.10000	0.10000	0.10000	0.10000	84.30250	16.42985	0.10000	0.10000
545	2325	223.38953	0.10000	0.10000	0.10000	0.10000	0.10000	133.32547	0.10002	0.10000	16.58498
546	2119	0.10000	0.10000	0.10000	0.10000	0.10000	0.10000	0.10000	0.10000	0.10000	373.10000
547	2566	0.10004	0.10000	0.10000	0.10000	0.10000	0.10000	356.86564	0.10001	0.10000	16.33430
548	2205	0.10000	0.10000	0.10000	0.10000	0.10000	0.10000	373.10000	0.10000	0.10000	0.10000
549	2652	0.10000	0.10000	0.10000	0.10000	0.10000	0.10000	0.10000	373.10000	0.10000	0.10000
550	2330	373.10000	0.10000	0.10000	0.10000	0.10000	0.10000	0.10000	0.10000	0.10000	0.10000
551	2316	0.10000	0.10000	0.10000	0.10000	0.10000	0.10000	0.10000	0.10000	0.10000	373.10000
552	2178	0.10000	0.10000	0.10000	0.10000	0.10000	0.10000	0.10000	0.10000	0.10000	373.10000
553	2035	0.10000	0.10000	0.10000	0.10000	0.10000	0.10000	0.10000	0.10000	0.10000	373.10000
554	2049	0.10000	0.10000	0.10000	0.10000	0.10000	0.10000	0.10000	0.10000	0.10000	373.10000
555	2268	304.19584	0.10000	0.10000	0.10000	65.93280	0.10000	3.17136	0.10000	0.10000	0.10000
556	2332	353.14014	0.10000	0.10000	0.10000	0.10000	0.10000	0.10000	20.05985	0.10000	0.10000
557	2146	0.10000	0.10000	0.10000	0.10000	0.10000	0.10000	0.10000	0.10000	0.10000	373.10000
558	2383	0.10000	0.10000	373.10000	0.10000	0.10000	0.10000	0.10000	0.10000	0.10000	0.10000
559	2637	151.71354	0.10000	0.10000	0.10000	0.10000	0.10000	221.48646	0.10000	0.10000	0.10000
560	1970	240.47234	0.10000	0.10000	0.10000	0.10000	0.10000	17.89597	114.93169	0.10000	0.10000
561	2012	0.10000	0.10000	0.10000	0.10000	373.10000	0.10000	0.10000	0.10000	0.10000	0.10000
562	2171	0.10000	0.10000	0.10000	0.10000	373.10000	0.10000	0.10000	0.10000	0.10000	0.10000
563	2209	0.10000	0.10000	0.10000	0.10000	0.10000	0.10000	373.10000	0.10000	0.10000	0.10000
564	1963	0.10000	368.64264	4.55736	0.10000	0.10000	0.10000	0.10000	0.10000	0.10000	0.10000
565	2304	292.89615	0.10000	0.10000	0.10000	0.10000	0.10000	0.10000	80.30385	0.10000	0.10000
566	2355	346.41724	0.10000	0.10000	0.10000	26.78275	0.10000	0.10000	0.10000	0.10000	0.10000
567	2148	359.45863	0.10000	0.10000	0.10000	0.10000	0.10000	0.10000	13.74137	0.10000	0.10000
568	2259	305.36520	0.10003	0.10002	0.10000	0.10000	0.10000	0.10001	30.63329	37.30145	0.10000
569	2066	0.10000	0.10000	0.10000	0.10000	0.10000	0.10000	373.10000	0.10000	0.10000	0.10000
570	2151	368.42571	0.10013	0.10000	0.10000	0.10000	0.10000	0.10000	4.77416	0.10000	0.10000
571	2393	0.10000	0.10000	373.10000	0.10000	0.10000	0.10000	0.10000	0.10000	0.10000	0.10000
572	2438	0.10018	0.10126	0.10006	0.10000	0.10000	0.10000	18.80387	354.39463	0.10000	0.10000
573	2400	373.10000	0.10000	0.10000	0.10000	0.10000	0.10000	0.10000	0.10000	0.10000	0.10000
574	2454	0.10000	0.10000	373.10000	0.10000	0.10000	0.10000	0.10000	0.10000	0.10000	0.10000
575	2284	0.10000	0.10000	0.10000	0.10000	373.10000	0.10000	0.10000	0.10000	0.10000	0.10000
576	2298	238.15915	0.10000	0.10000	0.10000	0.10000	0.10000	135.04084	0.10001	0.10000	0.10000
577	2003	0.10016	0.10000	0.10000	0.10000	0.10000	0.10000	10.23893	362.96091	0.10000	0.10000
578	2295	355.91788	0.10000	0.10000	0.10000	0.10000	0.10000	17.28212	0.10000	0.10000	0.10000
579	1990	0.10000	0.10000	0.10000	0.10000	0.10000	0.10000	0.10000	0.10000	0.10000	373.10000
580	2544	333.06352	0.10032	0.10000	0.10000	0.10000	0.10000	40.13615	0.10000	0.10000	0.10000
581	2061	0.10000	0.10000	0.10000	0.10000	373.10000	0.10000	0.10000	0.10000	0.10000	0.10000
582	1976	0.10000	0.10000	0.10000	0.10000	373.10000	0.10000	0.10000	0.10000	0.10000	0.10000
583	1927	0.10000	0.10000	0.10000	0.10000	373.10000	0.10000	0.10000	0.10000	0.10000	0.10000
584	2055	0.10056	367.90365	0.10000	0.10000	0.10000	0.10000	5.29575	0.10003	0.10000	0.10000
585	2350	55.35911	0.10133	317.83950	0.10000	0.10000	0.10000	0.10000	0.10005	0.10000	0.10000
586	2588	373.10000	0.10000	0.10000	0.10000	0.10000	0.10000	0.10000	0.10000	0.10000	0.10000
587	2450	0.10000	0.10000	0.10000	0.10000	0.10000	0.10000	0.10000	0.10000	0.10000	373.10000
588	2320	0.10000	0.10000	0.10000	0.10000	0.10000	0.10000	0.10000	0.10000	373.10000	0.10000
589	1992	0.10000	0.10000	0.10000	0.10000	0.10000	0.10000	0.10000	0.10000	373.10000	0.10000
590	2571	304.29980	0.10000	0.10000	0.10000	55.15729	0.10000	0.10000	13.84290	0.10000	0.10000
591	2234	0.10000	0.10000	373.10000	0.10000	0.10000	0.10000	0.10000	0.10000	0.10000	0.10000
592	2387	0.10000	0.10000	373.10000	0.10000	0.10000	0.10000	0.10000	0.10000	0.10000	0.10000
593	1968	0.10000	0.10000	0.10000	0.10000	373.10000	0.10000	0.10000	0.10000	0.10000	0.10000
594	2585	0.10000	0.10000	0.10000	0.10000	373.10000	0.10000	0.10000	0.10000	0.10000	0.10000
595	2405	0.10000	0.10000	0.10000	0.10000	0.10000	0.10000	0.10000	0.10000	0.10000	373.10000
596	2162	0.10000	0.10000	0.10000	0.10000	0.10000	0.10000	0.10000	0.10000	0.10000	373.10000
597	2402	0.10000	0.10000	0.10000	0.10000	0.10000	0.10000	0.10000	0.10000	0.10000	373.10000
598	2238	0.10000	0.10000	0.10000	0.10000	0.10000	0.10000	0.10000	0.10000	0.10000	373.10000
599	2089	0.10000	0.10000	0.10000	0.10000	0.10000	0.10000	0.10000	0.10000	0.10000	373.10000
600	2044	0.10000	0.10000	373.10000	0.10000	0.10000	0.10000	0.10000	0.10000	0.10000	0.10000
601	2379	254.00411	0.10000	0.10000	0.10000	0.10000	0.10000	84.28997	35.00591	0.10000	0.10000
602	2651	0.10000	0.10000	0.10000	0.10000	0.10000	0.10000	373.10000	0.10000	0.10000	0.10000
603	2009	0.10000	0.10000	0.10000	0.10000	373.10000	0.10000	0.10000	0.10000	0.10000	0.10000
604	2177	0.10015	0.10000	0.10000	0.10000	0.10000	0.10000	38.55388	334.64597	0.10000	0.10000
605	2252	0.10000	0.10000	0.10000	0.10000	0.10000	0.10000	0.10000	373.10000	0.10000	0.10000
606	2231	0.10000	0.10000	0.10000	0.10000	0.10000	0.10000	0.10000	0.10000	0.10000	373.10000
607	2076	0.10000	0.10000	0.10000	0.10000	0.10000	0.10000	0.10000	0.10000	373.10000	0.10000
608	2367	249.74822	0.10000	0.10000	0.10000	0.10000	0.10000	97.49766	26.05412	0.10000	0.10000
609	2303	0.10000	0.10000	373.10000	0.10000	0.10000	0.10000	0.10000	0.10000	0.10000	0.10000
610	2455	0.10000	0.10000	0.10000	0.10000	0.10000	0.10000	0.10000	0.10000	0.10000	373.10000
611	2627	0.10000	0.10000	0.10000	0.10000	373.10000	0.10000	0.10000	0.10000	0.10000	0.10000
612	2534	0.10000	0.10000	0.10000	0.10000	0.10000	0.10000	0.10000	0.10000	0.10000	373.10000
613	2130	0.10000	0.10000	0.10000	0.10000	0.10000	0.10000	0.10000	0.10000	0.10000	373.10000
614	2480	0.10000	0.10000	0.10000	0.10000	0.10000	0.10000	373.10000	0.10000	0.10000	0.10000
615	2531	300.61231	0.10003	0.10000	0.10000	53.98594	0.10000	18.70172	0.10000	0.10000	0.10000
616	2389	259.01191	0.10000	0.10000	0.10000	114.18809	0.10000	0.10000	0.10000	0.10000	0.10000
617	2568	0.10000	0.10000	0.10000	0.10000	0.10000	0.10000	0.10000	373.10000	0.10000	0.10000
618	2014	0.10000	0.10000	0.10000	0.10000	373.10000	0.10000	0.10000	0.10000	0.10000	0.10000
619	1982	0.10018	0.10021	115.19006	0.10000	0.10000	0.10000	45.53255	147.87102	64.80599	0.10000
620	2452	0.10000	0.10000	0.10000	0.10000	0.10000	0.10000	373.10000	0.10000	0.10000	0.10000
621	2107	0.10000	0.10000	0.10000	0.10000	0.10000	0.10000	0.10000	0.10000	0.10000	373.10000
622	2239	346.00233	0.10000	0.10000	0.10000	0.10000	0.10000	18.29463	9.00303	0.10000	0.10000
623	2186	0.10006	0.10000	0.10000	0.10000	0.10000	0.10000	349.00224	0.10000	0.10000	24.19770
624	2621	0.10000	0.10000	0.10000	0.10000	0.10000	0.10000	0.10000	0.10000	0.10000	373.10000
625	2091	0.10000	0.10000	0.10000	0.10000	0.10000	0.10000	0.10000	0.10000	0.10000	373.10000
626	2256	0.10000	0.10000	0.10000	0.10000	0.10000	0.10000	373.10000	0.10000	0.10000	0.10000
627	2022	0.10000	0.10000	0.10000	0.10000	373.10000	0.10000	0.10000	0.10000	0.10000	0.10000
628	2508	368.93496	0.10000	0.10000	0.10000	0.10000	0.10000	0.10000	4.26504	0.10000	0.10000
629	1937	0.10000	0.10000	0.10000	0.10000	0.10000	0.10000	0.10000	0.10000	0.10000	373.10000
630	2632	0.10000	0.10000	0.10000	0.10000	0.10000	0.10000	0.10000	0.10000	0.10000	373.10000
631	2605	300.80296	0.10070	23.44209	0.10000	0.10000	0.10000	49.05424	0.10002	0.10000	0.10000
632	2572	0.10045	0.10039	0.10001	0.10000	0.10000	0.10000	37.33972	335.85943	0.10000	0.10000
633	2641	168.58447	0.10000	0.10000	0.10000	0.10000	0.10000	204.61546	0.10006	0.10000	0.10000
634	2522	281.27265	0.10001	0.10001	0.10000	0.10000	0.10000	0.10000	91.92733	0.10000	0.10000
635	2528	0.10000	0.10000	0.10000	0.10000	0.10000	0.10000	0.10000	0.10000	0.10000	373.10000
636	2439	0.10000	0.10000	0.10000	0.10000	0.10000	0.10000	0.10000	0.10000	0.10000	373.10000
637	2612	0.10025	0.10000	0.10000	0.10000	0.10000	0.10000	342.95487	0.10000	0.10000	30.24487
638	2448	0.10000	0.10000	0.10000	0.10000	0.10000	0.10000	0.10000	0.10000	0.10000	373.10000
639	1950	0.10000	0.10000	0.10000	0.10000	373.10000	0.10000	0.10000	0.10000	0.10000	0.10000
640	2493	0.10000	0.10000	0.10000	0.10000	0.10000	0.10000	373.10000	0.10000	0.10000	0.10000
641	2181	0.10000	0.10000	0.10000	0.10000	0.10000	0.10000	0.10000	0.10000	0.10000	373.10000
642	2024	0.10000	0.10000	0.10000	0.10000	373.10000	0.10000	0.10000	0.10000	0.10000	0.10000
643	2001	0.10000	0.10000	0.10000	0.10000	373.10000	0.10000	0.10000	0.10000	0.10000	0.10000
644	2217	0.10000	0.10000	0.10000	0.10000	0.10000	0.10000	0.10000	0.10000	0.10000	373.10000
645	1969	0.10000	0.10000	0.10000	0.10000	0.10000	0.10000	0.10000	373.10000	0.10000	0.10000
646	2497	0.10000	0.10000	0.10000	0.10000	0.10000	0.10000	0.10000	0.10000	0.10000	373.10000
647	2345	216.25269	0.10008	0.10012	0.10000	0.10000	0.10000	130.57814	26.46897	0.10001	0.10000
648	2017	0.10000	0.10000	0.10000	0.10004	124.43336	0.10000	71.23080	0.10000	0.10000	177.63580
649	2321	0.10000	0.10000	0.10000	0.10001	0.10001	0.10000	71.23078	0.10000	0.10000	301.96920
650	2459	0.10000	0.10000	0.10000	0.10000	373.10000	0.10000	0.10000	0.10000	0.10000	0.10000
651	2514	94.67167	0.10000	0.10000	0.10000	0.10000	0.10000	278.52833	0.10000	0.10000	0.10000
652	2562	0.10000	0.10000	0.10000	0.10000	0.10000	0.10000	0.10000	0.10000	0.10000	373.10000
653	2581	0.10014	0.10039	0.10002	0.10000	32.73500	0.10000	340.46444	0.10001	0.10000	0.10001
654	2019	0.10000	0.10000	373.10000	0.10000	0.10000	0.10000	0.10000	0.10000	0.10000	0.10000
655	2106	0.10000	0.10000	0.10000	373.10000	0.10000	0.10000	0.10000	0.10000	0.10000	0.10000
656	2421	0.10000	0.10000	0.10000	252.08062	0.10002	0.10000	0.10001	0.10000	0.10000	121.11935
657	2141	0.10000	0.10000	0.10000	0.10000	0.10000	0.10000	373.10000	0.10000	0.10000	0.10000
658	2449	0.10007	0.10065	364.54012	0.10000	0.10000	0.10000	8.65914	0.10001	0.10000	0.10000
659	2440	0.10000	0.10000	0.10000	0.10000	0.10000	0.10000	0.10000	0.10000	0.10000	373.10000
660	2129	0.10000	0.10000	0.10000	0.10000	0.10000	0.10000	0.10000	0.10000	0.10000	373.10000
661	2494	0.10000	0.10000	0.10000	0.10000	373.10000	0.10000	0.10000	0.10000	0.10000	0.10000
662	2013	0.10000	0.10000	0.10000	0.10000	373.10000	0.10000	0.10000	0.10000	0.10000	0.10000
663	2099	198.49673	0.10000	0.10000	0.10000	25.27057	0.10000	0.10000	0.10000	0.10000	149.53269
664	1977	0.10000	0.10000	0.10000	0.10000	0.10000	0.10000	373.10000	0.10000	0.10000	0.10000
665	2160	0.10000	0.10000	0.10000	0.10000	0.10000	0.10000	0.10000	0.10000	0.10000	373.10000
666	2251	0.10000	0.10000	0.10000	0.10000	0.10000	0.10000	0.10000	0.10000	0.10000	373.10000
667	2286	0.10000	0.10000	0.10000	0.10000	0.10000	0.10000	0.10000	0.10000	0.10000	373.10000
668	2577	0.10000	0.10000	0.10000	0.10000	0.10000	0.10000	0.10000	0.10000	0.10000	373.10000
669	2519	373.10000	0.10000	0.10000	0.10000	0.10000	0.10000	0.10000	0.10000	0.10000	0.10000
670	1936	0.10000	0.10000	0.10000	0.10000	0.10000	0.10000	0.10000	0.10000	0.10000	373.10000
671	2413	323.41940	0.10000	0.10000	0.10000	49.78060	0.10000	0.10000	0.10000	0.10000	0.10000
672	2065	0.10033	0.10110	0.10002	0.10000	0.10000	0.10000	186.67302	186.52552	0.10000	0.10000
673	2599	0.10000	0.10000	0.10000	0.10000	0.10000	0.10000	0.10000	373.10000	0.10000	0.10000
674	2490	0.10000	0.10000	0.10000	0.10000	0.10000	0.10000	0.10000	0.10000	373.10000	0.10000
675	2248	0.10000	0.10000	0.10000	0.10000	0.10000	0.10000	0.10000	0.10000	0.10000	373.10000
676	2342	0.10000	0.10000	0.10000	0.10000	0.10000	0.10000	0.10000	0.10000	0.10000	373.10000
677	1949	0.10000	0.10000	0.10000	0.10000	0.10000	0.10000	0.10000	0.10000	0.10000	373.10000
678	1956	0.10000	0.10000	0.10000	0.10000	373.10000	0.10000	0.10000	0.10000	0.10000	0.10000
679	2281	0.10000	0.10000	0.10000	0.10000	373.10000	0.10000	0.10000	0.10000	0.10000	0.10000
680	2070	0.10000	0.10000	0.10000	0.10000	0.10000	0.10000	0.10000	0.10000	0.10000	373.10000
681	2272	0.10000	0.10000	0.10000	0.10000	0.10000	0.10000	373.10000	0.10000	0.10000	0.10000
682	2080	0.10000	0.10000	0.10000	0.10000	0.10000	0.10000	0.10000	0.10000	0.10000	373.10000
683	2265	0.10000	0.10000	0.10000	0.10000	0.10000	0.10000	373.10000	0.10000	0.10000	0.10000
684	2167	0.10000	0.10000	0.10000	0.10000	373.10000	0.10000	0.10000	0.10000	0.10000	0.10000
685	2426	0.10046	0.10070	0.10003	0.10000	0.10000	0.10000	0.10000	22.04027	351.15853	0.10000
686	2255	0.10000	0.10000	0.10000	0.10000	0.10000	0.10000	0.10000	0.10000	373.10000	0.10000
687	2622	0.10000	0.10000	0.10000	0.10000	0.10000	0.10000	0.10000	0.10000	373.10000	0.10000
688	2524	0.10046	0.10079	314.63189	0.10000	0.10000	0.10000	0.10000	58.56686	0.10000	0.10000
689	2008	0.10000	0.10000	0.10000	0.10000	0.10000	0.10000	0.10000	0.10000	0.10000	373.10000
690	2173	0.10000	0.10000	0.10000	0.10000	0.10000	0.10000	0.10000	0.10000	0.10000	373.10000
691	1915	0.10000	0.10000	0.10000	0.10000	0.10000	0.10000	0.10000	0.10000	0.10000	373.10000
692	2614	0.10000	0.10000	0.10000	0.10000	0.10000	0.10000	0.10000	0.10000	0.10000	373.10000
693	2023	0.10000	0.10000	0.10000	0.10000	0.10000	0.10000	0.10000	0.10000	0.10000	373.10000
694	2193	0.10000	0.10000	0.10000	0.10000	0.10000	0.10000	0.10000	0.10000	0.10000	373.10000
695	2422	0.10000	0.10000	0.10000	0.10000	0.10000	0.10000	0.10000	0.10000	0.10000	373.10000
696	2441	0.10000	0.10000	0.10000	0.10000	0.10000	0.10000	0.10000	0.10000	0.10000	373.10000
697	1961	0.10017	0.10000	0.10000	0.10000	310.93312	0.10000	0.10001	0.10001	0.10000	62.26668
698	2505	0.10000	0.10000	0.10000	0.10000	0.10000	0.10000	373.10000	0.10000	0.10000	0.10000
699	2094	0.10000	0.10000	0.10000	0.10000	373.10000	0.10000	0.10000	0.10000	0.10000	0.10000
700	2036	0.10000	0.10000	0.10000	0.10000	0.10000	0.10000	373.10000	0.10000	0.10000	0.10000
701	2656	0.10000	0.10000	0.10000	0.10000	0.10000	0.10000	41.76536	0.10000	0.10000	331.43464
702	2100	0.10000	0.10000	0.10000	0.10000	0.10000	0.10000	0.10000	0.10000	0.10000	373.10000
703	2277	0.10000	0.10000	0.10000	0.10000	0.10000	0.10000	0.10000	0.10000	0.10000	373.10000
704	2580	0.10000	0.10000	0.10000	0.10000	0.10000	0.10000	0.10000	0.10000	0.10000	373.10000
705	1974	0.10000	0.10000	0.10000	0.10000	0.10000	0.10000	373.10000	0.10000	0.10000	0.10000
706	2380	0.10000	0.10000	0.10000	0.10000	0.10000	0.10000	0.10000	0.10000	0.10000	373.10000
707	2301	0.10000	0.10000	0.10000	0.10000	373.10000	0.10000	0.10000	0.10000	0.10000	0.10000
708	2182	0.10000	0.10000	0.10000	0.10000	0.10000	0.10000	373.10000	0.10000	0.10000	0.10000
709	2175	0.10014	0.10000	0.10000	0.10000	0.10000	0.10000	247.81620	0.10000	0.10000	125.38366
710	2481	0.10000	0.10000	0.10000	0.10000	373.10000	0.10000	0.10000	0.10000	0.10000	0.10000
711	2515	0.10000	0.10000	0.10000	0.10000	0.10000	0.10000	0.10000	0.10000	373.10000	0.10000
712	2488	0.10000	0.10000	0.10000	0.10000	0.10000	0.10000	0.10000	0.10000	0.10000	373.10000
713	2015	0.10000	0.10000	0.10000	0.10000	0.10000	0.10000	0.10000	0.10000	0.10000	373.10000
714	2312	346.44837	0.10000	0.10000	0.10000	26.75163	0.10000	0.10000	0.10000	0.10000	0.10000
715	2635	328.24610	0.10000	0.10019	0.10000	0.10000	0.10000	22.87217	22.18147	0.10005	0.10001
716	2051	0.10000	0.10000	0.10000	0.10000	0.10000	0.10000	0.10000	0.10000	0.10000	373.10000
717	2262	0.10000	0.10000	373.10000	0.10000	0.10000	0.10000	0.10000	0.10000	0.10000	0.10000
718	2305	346.81967	0.10000	0.10000	0.10000	0.10000	0.10000	0.10000	26.38032	0.10000	0.10000
719	2230	0.10000	0.10000	0.10000	0.10000	0.10000	0.10000	0.10000	0.10000	0.10000	373.10000
720	2034	0.10000	0.10000	0.10000	145.50913	0.10000	0.10000	0.10000	0.10000	0.10000	227.69087
721	2527	0.10000	0.10000	0.10000	0.10000	0.10000	0.10000	0.10000	0.10000	0.10000	373.10000
722	2227	0.10000	0.10000	0.10000	0.10000	0.10000	0.10000	0.10000	0.10000	0.10000	373.10000
723	2113	0.10000	0.10000	0.10000	0.10000	0.10000	0.10000	0.10000	0.10000	0.10000	373.10000
724	1996	0.10000	0.10000	0.10000	0.10000	373.10000	0.10000	0.10000	0.10000	0.10000	0.10000
725	2541	373.10000	0.10000	0.10000	0.10000	0.10000	0.10000	0.10000	0.10000	0.10000	0.10000
726	2358	0.10000	0.10000	0.10000	0.10000	0.10000	0.10000	0.10000	0.10000	0.10000	373.10000
727	2431	0.10000	0.10000	0.10000	0.10000	0.10000	0.10000	0.10000	0.10000	0.10000	373.10000
728	2373	0.10000	0.10000	0.10000	0.10000	0.10000	0.10000	0.10000	0.10000	0.10000	373.10000
729	2548	0.10000	0.10000	0.10000	0.10000	0.10000	0.10000	0.10000	0.10000	0.10000	373.10000
730	2085	0.10004	0.10000	0.10000	0.10000	0.10000	0.10000	289.73981	0.10002	0.10000	83.46013
731	2382	373.10000	0.10000	0.10000	0.10000	0.10000	0.10000	0.10000	0.10000	0.10000	0.10000
732	2263	0.10000	0.10000	0.10000	0.10000	0.10000	0.10000	0.10000	0.10000	0.10000	373.10000
733	2595	0.10000	0.10000	0.10000	0.10000	0.10000	0.10000	0.10000	0.10000	0.10000	373.10000
734	1924	0.10000	0.10000	0.10000	0.10000	0.10000	0.10000	0.10000	0.10000	373.10000	0.10000
735	2388	0.10000	0.10000	0.10000	0.10000	0.10000	0.10000	0.10000	0.10000	0.10000	373.10000
736	2565	0.10000	0.10000	0.10000	0.10000	373.10000	0.10000	0.10000	0.10000	0.10000	0.10000
737	563	0.10000	0.10000	0.10000	0.10000	0.10000	373.10000	0.10000	0.10000	0.10000	0.10000
738	1967	0.10000	0.10000	0.10000	0.10000	0.10000	373.10000	0.10000	0.10000	0.10000	0.10000
739	2483	0.10000	0.10000	0.10000	0.10000	0.10000	0.10000	0.10000	0.10000	0.10000	373.10000
740	2634	0.10000	0.10000	0.10000	0.10004	93.35002	0.10000	0.10001	0.10000	0.10000	279.84993
741	2204	0.10000	0.10000	0.10000	373.10000	0.10000	0.10000	0.10000	0.10000	0.10000	0.10000
742	2168	0.10000	0.10000	0.10000	373.10000	0.10000	0.10000	0.10000	0.10000	0.10000	0.10000
743	2219	0.10000	0.10000	0.10000	0.10000	0.10000	0.10000	373.10000	0.10000	0.10000	0.10000
744	2442	0.10000	0.10000	373.10000	0.10000	0.10000	0.10000	0.10000	0.10000	0.10000	0.10000
745	2437	0.10000	0.10000	0.10000	373.10000	0.10000	0.10000	0.10000	0.10000	0.10000	0.10000
746	428	0.10000	0.10000	0.10000	0.10000	0.10000	373.10000	0.10000	0.10000	0.10000	0.10000
