0	2290	0.14286	0.14286	0.14286	373.12098	0.14286	0.14549	0.16209
1	2363	0.14286	0.14286	0.14289	370.85972	0.14295	2.42547	0.14326
2	2346	0.14286	373.14286	0.14286	0.14286	0.14286	0.14286	0.14286
3	2025	0.14286	373.14286	0.14286	0.14286	0.14286	0.14286	0.14286
4	2140	0.14286	0.14286	0.14286	370.85825	0.14286	2.41664	0.15367
5	2428	0.14286	0.14286	0.14288	359.02590	0.14322	14.25410	0.14818
6	2201	0.14286	0.14286	0.14286	369.02952	0.14286	3.89109	0.50796
7	2506	0.14286	0.14286	0.14287	359.96599	0.14344	9.61087	3.85111
8	2425	0.14289	350.39144	0.14417	0.15004	0.15474	0.14299	22.87373
9	2557	0.14303	183.08853	17.30955	0.14286	173.03031	0.14286	0.14286
10	2532	0.14286	0.14286	0.14289	369.51910	0.14286	3.75654	0.15290
11	2073	0.14286	0.14286	0.14287	365.15679	0.14288	6.86284	1.40890
12	2278	0.14286	0.14296	0.14289	359.01513	11.67637	2.35863	0.52116
13	2551	0.14288	0.14289	4.88213	365.96999	0.15209	1.68567	1.02434
14	2077	0.14286	0.14286	0.14286	373.12890	0.14286	0.14287	0.15680
15	2369	0.14286	0.14286	0.14286	371.13695	0.14288	2.08692	0.20468
16	1465	0.14286	0.14286	17.37703	0.17280	355.87740	0.14381	0.14324
17	2592	0.14286	0.14290	43.06665	0.14490	330.21693	0.14288	0.14288
18	2046	0.14286	0.14286	0.14286	373.10603	0.14287	0.14289	0.17964
19	1941	0.14286	0.14294	7.84418	176.40360	185.69076	3.56593	0.20972
20	2518	0.14286	0.14298	104.05981	0.15581	247.53617	21.81942	0.14295
21	2132	0.14286	0.14286	373.14286	0.14286	0.14286	0.14286	0.14286
22	2650	0.14286	0.14286	0.14286	0.14286	0.14286	0.14286	373.14286
23	2207	0.14286	0.14286	0.14286	0.14286	0.14286	0.14286	373.14286
24	2553	0.14286	0.14286	0.14286	368.61633	0.14286	2.36560	2.44664
25	2078	0.14286	0.14286	0.14290	363.64570	0.14450	7.49802	2.28317
26	2203	0.14286	11.91503	0.14291	0.14286	361.37063	0.14286	0.14286
27	2143	0.14286	60.44683	0.14291	0.14294	312.83875	0.14286	0.14286
28	2224	0.14286	0.14293	16.18566	0.14288	357.09992	0.14286	0.14288
29	2510	0.14286	0.14292	31.04840	0.14291	339.48559	0.14286	2.89446
30	2240	0.14286	0.14286	0.14290	363.58702	0.14340	9.62357	0.21740
31	2563	0.14286	0.14286	0.14287	369.65947	0.14287	3.62611	0.14296
32	2122	0.14286	0.14286	0.14286	373.14284	0.14286	0.14286	0.14287
33	2118	0.14286	0.14286	0.14286	366.94667	0.14286	6.28877	0.19312
34	1944	0.14286	373.14286	0.14286	0.14286	0.14286	0.14286	0.14286
35	2117	13.63610	27.85876	21.53278	0.14288	310.54377	0.14286	0.14286
36	2611	0.14286	0.14286	0.14306	341.29839	0.14347	31.60132	0.52804
37	2184	0.14286	0.14286	0.14287	360.58874	0.14314	12.66466	0.17488
38	2354	0.14286	0.14286	0.14286	368.79216	0.14287	4.33860	0.29780
39	2169	0.14286	0.14287	7.91820	0.14287	365.36748	0.14286	0.14286
40	2283	11.92428	2.61343	34.75261	0.14290	324.28105	0.14286	0.14287
41	2620	0.14286	373.14286	0.14286	0.14286	0.14286	0.14286	0.14286
42	1998	0.14286	373.14286	0.14286	0.14286	0.14286	0.14286	0.14286
43	2654	0.14286	0.14286	0.14286	373.14285	0.14286	0.14286	0.14286
44	2646	0.14286	0.14286	0.14290	358.56703	0.14342	14.71707	0.14386
45	2228	373.14286	0.14286	0.14286	0.14286	0.14286	0.14286	0.14286
46	2082	373.14286	0.14286	0.14286	0.14286	0.14286	0.14286	0.14286
47	1979	0.14286	0.14286	0.14286	368.70418	0.14287	4.57144	0.15294
48	2484	0.14286	0.14286	0.14286	373.14285	0.14286	0.14286	0.14286
49	2257	0.14286	0.14286	0.14286	365.67793	0.14287	7.54493	0.20569
50	2005	0.14286	0.14286	0.14286	373.13312	0.14287	0.14287	0.15256
51	2560	0.14286	0.14300	3.82599	354.26272	10.28215	1.33270	4.01059
52	1962	0.14286	0.14286	0.14287	369.04820	0.14290	4.22278	0.15753
53	2206	0.14286	0.14286	0.14286	363.91878	0.14287	9.29989	0.20989
54	2520	0.14286	0.14286	0.14291	366.06563	0.14403	7.12897	0.23276
55	2104	0.14286	0.14286	0.14286	370.98939	0.14286	2.28883	0.15034
56	2602	0.14286	0.14286	0.14335	359.46934	0.14365	13.75455	0.20339
57	2521	0.14286	0.14286	0.14286	373.11509	0.14290	0.14297	0.17048
58	2233	0.14286	1.93390	0.14291	347.44098	19.23308	4.93172	0.17455
59	2200	0.14286	0.14286	0.14286	364.31198	0.14286	8.95537	0.16122
60	2294	0.14286	0.14289	76.90899	0.14286	296.37669	0.14286	0.14286
61	1981	0.14286	0.14286	373.14286	0.14286	0.14286	0.14286	0.14286
62	2187	0.14286	0.14291	8.51294	0.14288	364.77269	0.14286	0.14286
63	1916	0.14286	0.14316	39.75355	0.14286	333.53185	0.14287	0.14286
64	1945	0.14286	0.14290	27.13454	0.14288	346.15110	0.14286	0.14286
65	1959	0.14286	0.14287	82.23650	0.14674	291.04521	0.14295	0.14287
66	1971	0.14286	0.14286	0.14286	368.71183	0.14291	4.54261	0.17407
67	2436	0.14286	0.14287	4.63358	0.14289	368.65208	0.14286	0.14286
68	2042	0.14286	0.14286	0.14286	0.14286	373.14286	0.14286	0.14286
69	2084	0.14286	0.14293	0.14344	336.99334	0.14312	35.88471	0.54961
70	2624	0.14287	4.13166	0.14286	365.05562	0.14286	4.08433	0.29980
71	2364	0.14286	373.14286	0.14286	0.14286	0.14286	0.14286	0.14286
72	1991	0.14286	373.14286	0.14286	0.14286	0.14286	0.14286	0.14286
73	2110	0.14286	0.14286	373.14286	0.14286	0.14286	0.14286	0.14286
74	2029	0.14301	144.89810	228.38523	0.14286	0.14502	0.14289	0.14289
75	2607	0.14286	0.14286	0.14286	367.16983	0.14288	6.10200	0.15671
76	2649	0.14286	0.14287	13.90037	0.14287	359.38529	0.14286	0.14288
77	2087	0.14286	0.14287	2.89027	0.14291	370.39536	0.14286	0.14286
78	2188	0.14286	0.14286	0.14286	363.26562	0.14287	9.95739	0.20554
79	2477	0.14286	0.14286	0.14286	373.14285	0.14286	0.14286	0.14286
80	2386	0.14286	0.14286	0.14286	370.39094	0.14286	2.89427	0.14335
81	2543	0.14286	0.14287	9.90129	198.72772	162.21689	2.51373	0.35463
82	2604	0.14286	0.14286	0.14292	365.30634	0.14364	6.02846	2.09293
83	2561	0.14286	0.14286	0.14290	358.04919	0.14419	12.34484	3.03318
84	2433	0.14290	0.14286	0.14287	373.10034	0.14286	0.14674	0.18141
85	2496	0.14286	0.14286	0.14286	0.14286	373.14286	0.14286	0.14286
86	2153	0.14286	0.14288	3.27141	0.14300	370.01414	0.14286	0.14286
87	2536	0.14286	0.14286	0.14290	341.50850	15.64521	12.76376	3.65391
88	2482	0.14286	0.14286	0.14286	365.80453	0.14287	7.40653	0.21749
89	2512	0.14286	0.14289	10.32813	0.14975	315.67814	47.41522	0.14301
90	2010	0.14286	0.14286	0.14286	0.14286	373.14286	0.14286	0.14286
91	2103	0.14286	0.14286	0.14287	364.80923	0.14290	7.70193	0.91735
92	2253	0.14286	0.14286	0.14288	370.69343	0.14287	2.57860	0.15651
93	2500	0.14286	0.14286	0.14286	373.11186	0.14286	0.14289	0.17382
94	2063	0.14286	0.14286	3.05909	362.09658	0.14592	8.26956	0.14314
95	2509	0.14286	0.14288	88.01846	0.14373	285.26633	0.14287	0.14287
96	2399	0.14286	0.14288	38.14921	0.14287	320.13638	0.14286	15.14293
97	2150	0.14286	0.14286	0.14287	367.01317	0.14291	6.12810	0.28723
98	2030	0.14286	0.14286	0.14286	371.07154	0.14287	2.18481	0.17222
99	2374	0.14286	0.14286	0.14286	373.11704	0.14286	0.14308	0.16845
100	1986	0.14286	0.14286	0.14286	362.89955	0.14286	9.96884	0.56017
101	2630	0.14286	0.14286	0.14286	370.90298	0.14287	2.35412	0.17145
102	2376	0.14290	0.14286	0.14287	364.48023	0.14286	8.76358	0.18470
103	2326	0.14286	0.14286	0.14286	370.98183	0.14286	2.28864	0.15809
104	2172	0.14286	0.14286	0.14286	365.11502	0.14288	8.07172	0.24180
105	2133	9.28446	60.00285	7.28181	0.14296	297.00220	0.14286	0.14286
106	2296	0.14286	373.14286	0.14286	0.14286	0.14286	0.14286	0.14286
107	2626	0.14286	373.14286	0.14286	0.14286	0.14286	0.14286	0.14286
108	2097	0.14286	373.14286	0.14286	0.14286	0.14286	0.14286	0.14286
109	2093	0.14286	0.14286	0.14292	364.45551	0.14287	6.67648	2.29652
110	2391	0.14286	0.14286	0.14286	0.14286	0.14286	373.14286	0.14286
111	2275	0.14286	0.14286	0.14286	368.98094	0.14287	4.30138	0.14623
112	1984	0.14286	0.14286	0.14291	366.57765	0.14286	5.22736	1.62350
113	2347	0.14286	0.14286	1.10666	226.01864	142.98490	3.04516	0.55891
114	2550	0.14286	0.14286	0.14288	363.49354	0.14400	3.81869	6.11518
115	2047	56.71575	52.26774	2.66446	0.14294	261.92338	0.14286	0.14287
116	1932	0.14286	0.14286	0.14286	0.14286	373.14286	0.14286	0.14286
117	2655	0.14286	0.14286	0.14288	370.84517	0.14286	2.41909	0.16429
118	1994	0.14286	0.14287	6.51165	0.14299	366.77385	0.14287	0.14292
119	2292	0.14286	2.93465	17.72599	0.14666	352.76361	0.14326	0.14298
120	2109	0.14286	0.14286	0.14286	372.97815	0.14286	0.14291	0.30750
121	2040	0.14286	0.14286	0.14383	358.48810	8.00554	2.73295	4.34387
122	2086	0.14286	0.14286	0.14291	364.48343	0.14358	8.79955	0.14481
123	2460	0.14286	0.14286	0.14287	366.24015	0.14287	6.65504	0.53336
124	2597	3.73642	0.14290	19.94417	0.15740	349.73327	0.14289	0.14295
125	2282	0.14292	0.14289	74.59657	0.14289	298.68901	0.14286	0.14286
126	2511	0.14286	0.14287	81.20587	0.14291	292.07976	0.14286	0.14286
127	2598	0.14286	0.14291	42.71399	0.14288	330.57163	0.14286	0.14287
128	2638	0.14286	0.14286	0.14286	373.14285	0.14286	0.14286	0.14287
129	2390	0.14286	0.14286	373.14286	0.14286	0.14286	0.14286	0.14286
130	2096	0.14286	0.14286	373.14286	0.14286	0.14286	0.14286	0.14286
131	2218	0.14286	0.14286	0.14288	357.90153	0.14316	15.34785	0.17887
132	1917	0.14286	0.14286	0.14286	365.04327	0.14286	8.16364	0.22165
133	2353	0.14286	0.14286	0.14286	368.54274	0.14286	4.70874	0.17708
134	2625	0.14286	0.14286	0.14286	371.07909	0.14287	2.19462	0.15485
135	2194	0.14286	0.14287	15.59905	0.14385	357.68564	0.14286	0.14286
136	2289	13.32500	53.57435	3.08352	0.14288	303.58853	0.14286	0.14286
137	2323	0.14286	0.14286	0.14286	368.91847	0.14287	4.34585	0.16423
138	2410	0.14286	0.14286	0.14288	356.34684	0.14325	16.85846	0.22285
139	2631	0.14286	0.14286	0.14286	359.59954	0.14287	13.52005	0.30896
140	2111	0.14286	0.14288	57.88457	0.14287	315.40109	0.14286	0.14286
141	2062	0.14286	0.14291	347.18040	0.16756	0.15364	0.14351	26.06913
142	2059	0.14286	0.14286	0.14286	371.14375	0.14287	1.53906	0.74575
143	1938	0.14286	0.14286	0.14287	364.99503	0.14287	8.19158	0.24194
144	2060	0.14286	1.74221	7.83128	346.95060	0.14374	0.22501	16.96430
145	1939	0.14286	0.14286	373.14286	0.14286	0.14286	0.14286	0.14286
146	2264	0.14286	0.14289	57.33140	0.14289	315.95425	0.14286	0.14286
147	2574	0.14286	0.14286	0.14286	373.03335	0.14286	0.14287	0.25234
148	2579	0.14286	0.14286	0.14286	373.00951	0.14287	0.14391	0.27515
149	2419	0.14290	36.63367	18.77449	0.14287	318.02035	0.14286	0.14286
150	2491	0.14286	0.14290	32.21788	0.14304	341.06758	0.14287	0.14288
151	2468	0.14286	0.14424	5.64022	298.32404	65.23739	1.91221	2.59903
152	2615	0.14286	0.14286	0.14287	368.98037	0.14290	4.29339	0.15475
153	2507	0.14286	0.14286	0.14286	361.59789	0.14287	11.64547	0.18520
154	2564	0.14286	0.14286	0.14286	366.94762	0.14286	6.28753	0.19341
155	2420	0.14286	0.14286	5.37537	0.14300	367.91012	0.14286	0.14291
156	1929	0.14286	0.14286	0.14286	373.13372	0.14286	0.14287	0.15198
157	2154	0.14286	0.14286	0.14286	362.78719	0.14337	9.66171	0.97916
158	1925	0.14286	0.14286	3.18730	366.89777	0.14503	3.30588	0.17831
159	1940	0.14286	0.14286	0.14286	0.14286	373.14286	0.14286	0.14286
160	2329	0.14286	0.14286	0.14289	370.05885	3.21634	0.14287	0.15333
161	2469	0.14286	0.14286	0.14286	370.22119	0.14287	2.23706	0.97031
162	2229	0.14286	0.14286	4.15445	350.82907	0.14315	12.10034	6.48728
163	2552	0.14286	0.14286	0.14286	366.17823	0.14286	7.10366	0.14668
164	1993	0.14286	0.14286	0.14286	367.42450	0.14291	3.91887	2.08514
165	2032	0.14286	2.85671	23.75219	0.14288	346.81965	0.14286	0.14286
166	2485	0.14286	0.14286	0.14286	373.14284	0.14286	0.14286	0.14287
167	2395	0.14286	0.14340	0.14302	364.44213	0.14575	4.47819	4.50465
168	2339	0.14286	0.14286	0.14286	358.39695	0.14286	14.87240	0.15922
169	1989	0.14286	0.14286	0.14397	368.36924	0.14287	0.15863	4.89959
170	2243	0.14286	0.14286	373.14286	0.14286	0.14286	0.14286	0.14286
171	2434	0.14286	0.14288	156.16361	0.14286	217.12207	0.14286	0.14286
172	2126	373.14286	0.14286	0.14286	0.14286	0.14286	0.14286	0.14286
173	2408	0.14286	0.14286	0.14286	373.14285	0.14286	0.14286	0.14286
174	2121	0.14286	0.14286	0.14544	368.20695	0.14294	2.59516	2.62380
175	2453	0.14293	301.74196	42.85043	0.14286	0.14367	0.14286	28.83530
176	2214	20.61462	352.66304	0.14320	0.14724	0.14600	0.14302	0.14288
177	2633	0.14286	373.14286	0.14286	0.14286	0.14286	0.14286	0.14286
178	2526	0.14286	0.14286	0.14293	338.15573	0.14579	29.77920	5.49064
179	2430	0.14286	0.14286	0.14286	359.99508	0.14287	13.26475	0.16872
180	1964	79.55363	168.08830	0.58914	0.14288	125.34025	0.14294	0.14286
181	2064	0.14286	0.14286	0.14287	364.79054	0.14288	8.48837	0.14963
182	2407	0.14286	0.14286	0.14286	373.14286	0.14286	0.14286	0.14286
183	2317	373.14286	0.14286	0.14286	0.14286	0.14286	0.14286	0.14286
184	2412	373.14286	0.14286	0.14286	0.14286	0.14286	0.14286	0.14286
185	2406	0.14286	373.14286	0.14286	0.14286	0.14286	0.14286	0.14286
186	2112	0.14286	0.14286	0.14286	363.49225	0.14286	9.65051	0.28580
187	2404	0.14286	0.14286	0.14287	357.06670	0.14287	16.08598	0.27587
188	2135	0.14286	0.14286	0.14286	0.14286	373.14286	0.14286	0.14286
189	2498	0.14286	25.95860	0.43334	0.14286	347.03660	0.14286	0.14287
190	2302	0.14287	6.62718	0.14290	0.14378	366.65751	0.14286	0.14290
191	2629	0.14286	3.17971	6.62361	0.14308	363.62500	0.14286	0.14289
192	2351	0.14286	3.62192	7.54800	0.14301	362.25846	0.14286	0.14289
193	2212	0.14286	0.14286	0.14287	370.32430	0.14287	2.95812	0.14613
194	2123	0.14286	0.14286	0.14286	363.58200	0.14287	9.64560	0.20095
195	2053	0.14286	0.14288	68.27960	0.14295	305.00599	0.14286	0.14286
196	2254	0.14286	0.14343	14.42046	0.14286	358.86467	0.14286	0.14286
197	2271	0.14286	0.14286	0.14287	366.73125	0.14289	6.52894	0.16834
198	2199	4.79115	0.14290	68.41671	0.14290	300.22061	0.14286	0.14286
199	2054	0.14286	0.14287	69.16482	0.14288	304.12084	0.14286	0.14286
200	2018	0.14286	373.14286	0.14286	0.14286	0.14286	0.14286	0.14286
201	2636	0.14286	373.14286	0.14286	0.14286	0.14286	0.14286	0.14286
202	2371	373.14286	0.14286	0.14286	0.14286	0.14286	0.14286	0.14286
203	2166	373.14286	0.14286	0.14286	0.14286	0.14286	0.14286	0.14286
204	2033	0.14286	0.14286	0.14286	370.89669	0.14287	2.37420	0.15767
205	2608	0.14287	0.14305	62.55898	0.14288	310.72650	0.14286	0.14287
206	2567	0.14286	0.14287	3.65578	0.14377	369.62898	0.14287	0.14288
207	2338	0.14286	0.14286	11.91673	0.14292	361.36890	0.14286	0.14288
208	1954	0.14286	95.53956	0.14525	0.14287	277.74374	0.14286	0.14286
209	2555	0.14286	0.14290	13.01062	0.14290	360.27499	0.14286	0.14286
210	2138	0.14286	0.14288	9.28444	0.14288	363.99565	0.14844	0.14286
211	2357	373.14286	0.14286	0.14286	0.14286	0.14286	0.14286	0.14286
212	2152	373.14286	0.14286	0.14286	0.14286	0.14286	0.14286	0.14286
213	2372	0.14286	0.14287	4.14080	0.14288	369.14488	0.14286	0.14286
214	2189	0.14286	0.14289	4.13912	0.15231	278.00625	91.27342	0.14315
215	2590	0.14286	0.14286	0.14286	365.25067	0.14287	8.02942	0.14846
216	2359	0.14286	0.14286	0.14286	373.14285	0.14286	0.14286	0.14286
217	2020	0.14286	0.14286	0.14286	370.56732	0.14286	2.62692	0.23432
218	2467	0.14286	0.14286	0.14287	370.10317	0.14287	3.17915	0.14623
219	2266	0.14286	0.14287	10.95371	325.66309	0.15094	36.43096	0.51558
220	2558	271.92784	0.14286	79.74314	21.75689	0.14355	0.14286	0.14286
221	2375	172.40640	0.14288	200.87925	0.14290	0.14286	0.14286	0.14286
222	1947	0.14286	0.14288	103.15917	0.14288	270.12650	0.14286	0.14286
223	2432	0.14286	0.14294	359.25602	0.14286	0.14352	0.14286	14.02894
224	2660	0.14286	373.14286	0.14286	0.14286	0.14286	0.14286	0.14286
225	2640	0.14286	373.14286	0.14286	0.14286	0.14286	0.14286	0.14286
226	2601	0.14286	0.14286	0.14292	367.04791	0.14369	6.10042	0.27934
227	2069	0.14286	0.14286	0.14390	352.29171	0.14320	11.32320	9.81228
228	2327	0.14286	0.14295	97.49028	0.14291	275.79526	0.14287	0.14287
229	1928	0.14286	373.14286	0.14286	0.14286	0.14286	0.14286	0.14286
230	2360	373.14286	0.14286	0.14286	0.14286	0.14286	0.14286	0.14286
231	2156	373.14286	0.14286	0.14286	0.14286	0.14286	0.14286	0.14286
232	2101	0.14286	0.14286	373.14286	0.14286	0.14286	0.14286	0.14286
233	2095	0.14286	0.14289	0.14287	370.63565	2.63590	0.14293	0.15690
234	2125	0.14286	0.14287	25.52523	0.14288	347.76042	0.14286	0.14288
235	2124	0.14286	0.14286	0.14287	368.53211	0.14286	4.59801	0.29843
236	2538	0.14286	373.14286	0.14286	0.14286	0.14286	0.14286	0.14286
237	2447	0.14286	373.14286	0.14286	0.14286	0.14286	0.14286	0.14286
238	2297	0.14286	373.14286	0.14286	0.14286	0.14286	0.14286	0.14286
239	2659	92.34942	280.93624	0.14286	0.14286	0.14291	0.14286	0.14286
240	2142	0.14286	0.14290	13.21005	333.26329	0.14642	24.57644	2.51803
241	2414	0.14286	0.14286	0.14292	366.86763	0.14379	6.34486	0.21508
242	2324	0.14287	0.14300	2.22134	359.70012	10.85111	0.16229	0.77927
243	2334	0.14286	0.14286	0.14290	342.34722	3.38953	27.60036	0.23427
244	2397	373.14286	0.14286	0.14286	0.14286	0.14286	0.14286	0.14286
245	1978	373.14286	0.14286	0.14286	0.14286	0.14286	0.14286	0.14286
246	2429	0.14286	0.14287	5.92777	0.20906	0.14657	367.28788	0.14299
247	2300	0.14286	0.14286	0.14287	320.47688	0.14288	51.53839	1.41326
248	2606	0.14286	0.14286	0.14286	373.08301	0.14287	0.14317	0.20237
249	2276	0.14286	0.14286	0.14286	373.10003	0.14287	0.14287	0.18566
250	2554	0.14286	0.14286	0.14286	373.14286	0.14286	0.14286	0.14286
251	2258	0.14286	0.14286	0.14286	357.16726	0.14286	15.21171	1.04959
252	2331	0.14286	0.14286	0.14444	366.97443	0.14286	4.44966	2.00289
253	1942	0.14286	0.14286	0.14286	0.14286	0.14286	373.14286	0.14286
254	2584	0.14286	0.14286	0.14286	0.14286	0.14286	373.14286	0.14286
255	2517	0.14286	373.14286	0.14286	0.14286	0.14286	0.14286	0.14286
256	2192	0.14286	373.14286	0.14286	0.14286	0.14286	0.14286	0.14286
257	2090	0.14286	0.14286	0.14286	366.99668	0.14287	6.15872	0.27317
258	2340	0.14286	0.14286	0.14286	367.35851	0.14287	5.81799	0.25206
259	2127	0.14286	7.67502	14.50269	0.14287	351.25084	0.14286	0.14286
260	1943	0.14286	0.14286	0.14286	358.84770	0.14287	14.36131	0.21955
261	2586	0.14286	0.14286	0.14286	369.00803	0.14287	4.16984	0.25069
262	2116	0.14286	373.14286	0.14286	0.14286	0.14286	0.14286	0.14286
263	2365	0.14286	373.14286	0.14286	0.14286	0.14286	0.14286	0.14286
264	2523	319.04327	54.24245	0.14286	0.14286	0.14286	0.14286	0.14286
265	2158	373.14286	0.14286	0.14286	0.14286	0.14286	0.14286	0.14286
266	1985	0.14286	0.14287	0.27520	321.18912	40.09992	9.33077	2.81926
267	2279	0.14286	0.14289	22.93544	0.14295	350.35012	0.14286	0.14287
268	1948	0.14286	0.14286	4.04105	0.14288	369.24456	0.14288	0.14290
269	1957	0.14286	373.14286	0.14286	0.14286	0.14286	0.14286	0.14286
270	2648	0.14286	373.14286	0.14286	0.14286	0.14286	0.14286	0.14286
271	1946	0.14286	0.14286	0.14288	371.07415	0.14287	2.18337	0.17102
272	2337	0.14286	373.14286	0.14286	0.14286	0.14286	0.14286	0.14286
273	2225	0.14286	373.14286	0.14286	0.14286	0.14286	0.14286	0.14286
274	2016	0.14286	373.14286	0.14286	0.14286	0.14286	0.14286	0.14286
275	2244	0.14286	0.14286	0.14286	367.28752	0.14287	5.97007	0.17097
276	2348	0.14286	0.14286	0.14286	368.01820	2.68894	1.29312	1.57117
277	2600	0.14286	0.14286	0.14290	364.68178	0.14351	8.59175	0.15434
278	2593	0.14286	0.14286	0.14286	373.13333	0.14287	0.14293	0.15230
279	2056	0.14286	0.14286	0.14286	318.58417	0.14295	54.50373	0.34057
280	2396	0.14286	6.09722	367.18465	0.14287	0.14664	0.14289	0.14286
281	1952	0.14286	48.79201	301.18520	0.14855	0.14417	23.44416	0.14305
282	2458	0.14286	0.14287	73.92304	0.14288	299.36262	0.14287	0.14286
283	2489	0.14286	0.14286	0.14292	362.47334	0.14374	10.81142	0.14286
284	1983	0.14286	0.14287	0.14287	344.04814	0.14318	29.20254	0.17754
285	2328	0.14286	0.14289	89.21660	0.14442	284.06631	0.14402	0.14291
286	2394	0.14286	0.14286	373.14286	0.14286	0.14286	0.14286	0.14286
287	1718	0.14286	0.14288	11.68930	0.14287	361.59637	0.14286	0.14286
288	2333	0.14286	0.14288	85.96585	0.14538	287.31726	0.14289	0.14289
289	2446	0.14286	0.14286	0.14286	373.10906	0.14286	0.14312	0.17638
290	1997	0.14286	0.14286	0.14286	373.12825	0.14287	0.14299	0.15732
291	1955	0.14286	0.14289	23.98267	0.14290	349.30295	0.14286	0.14286
292	1920	0.14286	0.14287	17.46005	0.14291	355.82558	0.14286	0.14287
293	2074	0.14286	0.14286	0.14286	373.14284	0.14286	0.14286	0.14288
294	1926	3.51434	51.37653	42.43376	0.14289	276.24675	0.14286	0.14286
295	2570	333.54434	0.14286	0.14286	39.74137	0.14286	0.14286	0.14286
296	2647	0.14286	373.14286	0.14286	0.14286	0.14286	0.14286	0.14286
297	2435	0.14286	373.14286	0.14286	0.14286	0.14286	0.14286	0.14286
298	2213	0.14286	0.14286	0.14286	369.33932	0.14286	3.93809	0.15115
299	2464	0.14286	0.14286	0.14286	373.10904	0.14287	0.14293	0.17660
300	2335	373.14286	0.14286	0.14286	0.14286	0.14286	0.14286	0.14286
301	1960	373.14286	0.14286	0.14286	0.14286	0.14286	0.14286	0.14286
302	2392	0.14286	0.14286	8.44233	360.58617	0.14619	3.83895	0.70064
303	2549	0.14286	0.14286	0.14286	373.08445	0.14286	0.14297	0.20114
304	2131	0.14286	0.14286	0.14288	365.28700	0.14301	7.91423	0.22716
305	2309	0.14286	0.14288	0.14316	357.36820	0.14520	13.45104	2.60666
306	2092	0.14286	0.14286	0.14286	0.14286	0.14286	373.14286	0.14286
307	2165	0.14286	0.14286	0.14288	366.99457	0.14290	3.79951	2.63442
308	2149	0.14286	0.14297	10.03848	0.14287	363.24710	0.14286	0.14286
309	2007	0.14286	0.14292	17.86402	0.15947	294.41957	61.12823	0.14292
310	2445	0.14286	0.14287	6.17718	0.15054	361.69096	5.55245	0.14315
311	2306	0.14286	0.14286	0.14286	373.11633	0.14287	0.14316	0.16907
312	2043	0.14286	0.14286	0.14286	366.49912	0.14287	6.78079	0.14865
313	2535	54.46174	0.14286	0.14286	318.82396	0.14287	0.14286	0.14286
314	2492	0.14286	0.14286	0.14286	368.78808	0.14287	4.48923	0.15124
315	2361	373.14286	0.14286	0.14286	0.14286	0.14286	0.14286	0.14286
316	2280	0.14286	0.14286	373.14286	0.14286	0.14286	0.14286	0.14286
317	2619	0.14286	0.14286	0.14287	368.38115	0.14287	4.33778	0.70961
318	2385	0.14286	0.14286	0.14286	0.14286	373.14286	0.14286	0.14286
319	2530	0.14286	0.14288	0.14290	48.79680	324.48823	0.14286	0.14347
320	1913	0.14286	70.30982	0.14288	0.14286	302.97586	0.14286	0.14286
321	2542	0.14286	0.14286	8.07021	349.70922	0.15128	12.38515	3.39843
322	2246	0.14286	0.14303	27.37161	0.14289	345.91390	0.14286	0.14286
323	2002	0.14286	0.14293	38.22122	0.14499	335.06204	0.14303	0.14293
324	1972	0.14286	373.14286	0.14286	0.14286	0.14286	0.14286	0.14286
325	2242	0.14314	159.58916	28.10757	0.15360	164.62878	0.14300	21.23475
326	2416	0.14286	373.14286	0.14286	0.14286	0.14286	0.14286	0.14286
327	2071	0.14286	0.14287	3.53101	0.14353	366.34269	3.55418	0.14286
328	2102	0.14286	14.92766	3.27231	0.14288	355.22856	0.14286	0.14286
329	2616	0.14286	19.66957	4.26106	0.14424	349.49655	0.14286	0.14286
330	2176	3.95492	62.86224	12.49453	0.14287	294.25971	0.14286	0.14287
331	2267	0.14286	0.14288	26.64232	0.14286	346.64336	0.14286	0.14286
332	2068	0.14286	0.14294	30.98532	0.14288	342.30028	0.14286	0.14286
333	1577	0.14286	2.55996	10.54728	0.14290	360.32127	0.14286	0.14287
334	2370	0.14286	0.14286	0.14287	370.68940	0.14287	2.59238	0.14677
335	2237	0.14286	0.14286	0.14286	366.84286	0.14287	6.44153	0.14416
336	2583	0.14286	373.14286	0.14286	0.14286	0.14286	0.14286	0.14286
337	2378	0.14286	373.14286	0.14286	0.14286	0.14286	0.14286	0.14286
338	2503	373.14286	0.14286	0.14286	0.14286	0.14286	0.14286	0.14286
339	2114	373.14286	0.14286	0.14286	0.14286	0.14286	0.14286	0.14286
340	2260	373.14286	0.14286	0.14286	0.14286	0.14286	0.14286	0.14286
341	2307	0.14286	0.14286	0.14286	373.12679	0.14286	0.14287	0.15891
342	2336	0.14286	0.14291	31.62268	0.14610	341.65935	0.14317	0.14293
343	2120	373.14286	0.14286	0.14286	0.14286	0.14286	0.14286	0.14286
344	2105	373.14286	0.14286	0.14286	0.14286	0.14286	0.14286	0.14286
345	2161	0.14286	0.14286	373.14286	0.14286	0.14286	0.14286	0.14286
346	2287	0.14286	0.14286	0.14286	373.14285	0.14286	0.14286	0.14286
347	2529	0.14286	57.54998	0.14291	0.14286	315.73568	0.14286	0.14286
348	1966	0.14287	0.14296	0.14443	346.10472	0.14298	24.68853	2.63352
349	2285	0.14286	0.14287	15.54619	0.14289	357.73947	0.14287	0.14286
350	2247	0.14286	12.10951	26.82278	0.14288	334.49625	0.14286	0.14286
351	2261	0.14286	0.14286	0.14286	373.11818	0.14287	0.14301	0.16737
352	2504	0.14286	0.14286	0.14286	370.60367	0.14286	2.68023	0.14467
353	2495	0.14286	0.14286	0.14286	370.49247	0.14287	2.78966	0.14643
354	2343	0.14286	0.14288	5.45479	0.14325	367.83047	0.14287	0.14288
355	2487	0.14286	0.14286	0.14286	373.14286	0.14286	0.14286	0.14286
356	2245	0.14286	0.14286	0.14286	373.14286	0.14286	0.14286	0.14286
357	1988	0.14286	0.14286	0.14286	0.14286	0.14286	0.14286	373.14286
358	2466	0.14286	0.14286	0.14286	0.14286	0.14286	0.14286	373.14286
359	2223	0.14286	0.14291	33.07463	0.14488	340.20872	0.14311	0.14289
360	2653	0.14286	0.14286	0.14286	0.14286	373.14286	0.14286	0.14286
361	2164	0.14286	0.14286	0.14286	368.87179	0.14286	4.34068	0.21610
362	2472	0.14286	65.49367	0.14291	0.14290	307.79194	0.14286	0.14286
363	2241	0.14286	0.14287	7.35869	0.14287	365.92699	0.14286	0.14286
364	136	0.14286	104.43805	3.92935	0.14287	265.06115	0.14286	0.14286
365	2451	0.14286	0.14287	77.99440	0.14296	295.29118	0.14287	0.14286
366	2050	0.14286	373.14286	0.14286	0.14286	0.14286	0.14286	0.14286
367	2196	0.14286	0.14286	0.14286	0.14286	373.14286	0.14286	0.14286
368	2075	0.14286	0.14286	373.14286	0.14286	0.14286	0.14286	0.14286
369	2501	0.14286	0.14291	333.50930	0.15617	0.14563	4.30050	35.60263
370	2423	0.14286	0.14286	0.14286	370.79081	0.14287	2.48777	0.14998
371	2250	0.14286	7.34088	0.14291	0.14288	365.94475	0.14286	0.14286
372	2180	0.14286	0.14287	7.63108	0.14288	365.65459	0.14286	0.14286
373	2478	0.14286	0.14286	0.14317	0.19548	0.14378	341.42443	31.80741
374	2058	0.14286	0.14286	0.14823	310.85998	0.14342	62.39223	0.17043
375	2183	0.14286	0.14290	26.47677	0.14291	346.80883	0.14286	0.14287
376	2533	0.14286	4.01387	0.14293	0.14316	369.27145	0.14286	0.14287
377	2409	0.14286	0.14286	0.14290	364.40465	0.14346	8.86703	0.15624
378	2582	0.14286	0.14287	4.26852	0.14288	369.01715	0.14286	0.14286
379	2377	0.14286	0.14287	82.32507	0.14287	290.96061	0.14286	0.14286
380	2215	0.14286	0.14287	7.25819	0.14318	366.02709	0.14287	0.14295
381	2197	373.14286	0.14286	0.14286	0.14286	0.14286	0.14286	0.14286
382	2236	373.14286	0.14286	0.14286	0.14286	0.14286	0.14286	0.14286
383	2499	0.14286	0.14286	0.14286	328.74980	0.14288	32.18285	12.49589
384	2322	171.35492	201.92723	0.14368	0.14290	0.14557	0.14286	0.14286
385	2098	0.14286	0.14286	0.14286	372.81105	0.14287	0.14459	0.47292
386	2418	0.14286	0.14286	0.14286	373.14286	0.14286	0.14286	0.14286
387	2381	0.14286	0.14286	0.14287	368.80695	0.14288	4.47784	0.14375
388	2603	0.14288	18.93670	354.34591	0.14286	0.14593	0.14286	0.14286
389	2644	373.14286	0.14286	0.14286	0.14286	0.14286	0.14286	0.14286
390	2417	0.14286	67.40690	18.51616	0.14287	287.50548	0.14287	0.14286
391	1999	0.14286	373.14286	0.14286	0.14286	0.14286	0.14286	0.14286
392	2220	0.14286	0.14286	0.14287	371.16825	0.14286	2.11062	0.14968
393	2578	0.14286	0.14286	0.14286	370.75952	0.14287	2.49533	0.17371
394	2045	0.14286	0.14286	0.14286	373.10879	0.14286	0.14310	0.17667
395	1953	0.14286	0.14286	0.14286	373.14285	0.14286	0.14286	0.14286
396	2028	0.14286	0.14286	0.14286	0.14286	373.14286	0.14286	0.14286
397	2556	0.14286	0.14286	0.14286	364.08609	0.14287	8.57023	0.77224
398	2191	0.14286	0.14286	0.14286	0.14286	373.14286	0.14286	0.14286
399	2235	0.14297	29.71467	343.56868	0.14286	0.14501	0.14294	0.14287
400	2288	0.14291	85.64845	31.03716	0.15042	0.14399	256.73396	0.14312
401	1987	0.14286	0.14286	0.14286	0.14286	373.14286	0.14286	0.14286
402	2475	0.14286	0.14292	21.90453	0.14288	351.38109	0.14286	0.14286
403	2547	0.14286	0.14287	33.02628	7.61809	332.78416	0.14288	0.14286
404	2319	0.14286	6.44220	13.71543	0.14293	353.27085	0.14286	0.14287
405	2617	0.14286	0.14288	97.04928	0.14287	276.23639	0.14286	0.14286
406	1914	0.14286	373.14286	0.14286	0.14286	0.14286	0.14286	0.14286
407	2658	0.14286	373.14286	0.14286	0.14286	0.14286	0.14286	0.14286
408	2163	0.14286	0.14290	0.82303	0.15549	346.61868	0.14302	25.97403
409	2311	0.14286	0.14286	0.14286	357.75349	0.14286	15.52971	0.14537
410	2052	0.14286	0.14287	19.96541	0.14288	353.32025	0.14286	0.14286
411	2594	0.14286	4.38361	80.42313	0.14327	272.27134	10.69757	5.93822
412	2273	0.14286	0.14288	9.60816	0.14287	363.67752	0.14286	0.14286
413	2202	0.14286	373.14286	0.14286	0.14286	0.14286	0.14286	0.14286
414	2222	0.14286	0.14286	373.14286	0.14286	0.14286	0.14286	0.14286
415	1922	373.14286	0.14286	0.14286	0.14286	0.14286	0.14286	0.14286
416	2341	351.10447	22.18125	0.14286	0.14286	0.14286	0.14286	0.14286
417	2139	0.14286	0.14286	0.14286	373.12231	0.14286	0.14610	0.16016
418	2462	0.14288	0.14304	4.46660	349.18973	17.71278	0.28639	2.05858
419	2591	0.14286	0.14286	0.14286	373.08045	0.14286	0.14287	0.20524
420	2628	373.14286	0.14286	0.14286	0.14286	0.14286	0.14286	0.14286
421	2291	0.14286	373.14286	0.14286	0.14286	0.14286	0.14286	0.14286
422	2643	0.14286	0.14287	8.27325	0.14288	365.01242	0.14286	0.14286
423	2293	0.14286	0.14286	0.14286	0.14286	373.14286	0.14286	0.14286
424	1975	373.14286	0.14286	0.14286	0.14286	0.14286	0.14286	0.14286
425	1930	373.14286	0.14286	0.14286	0.14286	0.14286	0.14286	0.14286
426	2516	0.14286	0.14287	9.88285	0.14303	363.40267	0.14286	0.14286
427	2057	0.14286	0.14286	0.14292	0.16634	363.88173	0.14302	9.38027
428	2623	0.14286	0.14286	0.14289	355.23479	4.20352	13.96984	0.16324
429	2006	0.14286	373.14286	0.14286	0.14286	0.14286	0.14286	0.14286
430	2366	40.42769	218.11325	55.99330	0.14286	59.03718	0.14286	0.14286
431	2211	0.14310	313.71873	59.56281	0.14287	0.14676	0.14286	0.14286
432	2352	0.14286	0.14286	0.14289	370.84772	0.14286	2.41562	0.16520
433	2427	0.14286	0.14286	0.14301	0.15979	55.25489	318.01345	0.14314
434	1934	373.14286	0.14286	0.14286	0.14286	0.14286	0.14286	0.14286
435	2299	0.14286	0.14286	0.14286	373.11183	0.14288	0.14311	0.17360
436	2226	0.14294	142.28599	230.93521	0.14344	0.20661	0.14293	0.14288
437	2573	0.14286	0.14286	0.14290	368.02261	0.14450	2.70474	2.69953
438	1923	0.14287	159.73444	22.36483	0.14286	191.32927	0.14287	0.14286
439	2575	0.14286	0.14286	0.14286	367.48608	0.14842	2.89903	3.03790
440	2559	0.14286	0.14286	0.14286	373.09215	0.14287	0.14289	0.19352
441	2368	4.99392	5.38462	35.70167	0.14330	327.49076	0.14287	0.14288
442	2642	0.14293	68.23151	18.34078	0.14301	286.85605	0.14286	0.14286
443	2349	0.14286	0.14286	0.14286	0.14286	0.14286	0.14286	373.14286
444	2384	0.14286	8.62969	63.64544	0.14458	301.15168	0.14287	0.14288
445	2645	0.14286	373.14286	0.14286	0.14286	0.14286	0.14286	0.14286
446	2210	0.14286	0.14287	0.14290	349.15779	24.08898	0.14294	0.18166
447	2159	0.14286	373.14286	0.14286	0.14286	0.14286	0.14286	0.14286
448	2424	373.14286	0.14286	0.14286	0.14286	0.14286	0.14286	0.14286
449	2000	0.14286	373.14286	0.14286	0.14286	0.14286	0.14286	0.14286
450	2157	0.14286	373.14286	0.14286	0.14286	0.14286	0.14286	0.14286
451	2539	0.14286	0.14286	0.14286	373.14285	0.14286	0.14286	0.14286
452	2657	0.14286	373.14286	0.14286	0.14286	0.14286	0.14286	0.14286
453	1935	0.14286	373.14286	0.14286	0.14286	0.14286	0.14286	0.14286
454	2313	288.13687	25.28371	46.07544	14.07342	0.14451	0.14302	0.14303
455	2613	0.14286	0.14286	0.14286	373.14286	0.14286	0.14286	0.14286
456	2356	0.14286	0.14286	0.14286	373.14285	0.14286	0.14286	0.14287
457	2108	0.14286	0.14286	0.14286	373.11060	0.14287	0.14291	0.17505
458	2155	0.14286	74.78208	77.04261	0.14287	221.60385	0.14286	0.14287
459	2144	0.14286	0.14287	5.46051	0.14288	367.82014	0.14286	0.14788
460	1921	0.14286	373.14286	0.14286	0.14286	0.14286	0.14286	0.14286
461	2072	0.14286	0.14287	94.06490	0.14291	279.22073	0.14286	0.14286
462	2461	0.14286	0.14293	32.21691	0.14287	341.06871	0.14286	0.14286
463	2310	0.14299	110.91942	63.37755	0.14286	199.13146	0.14286	0.14286
464	2465	0.14286	0.14287	7.07968	0.14288	366.20600	0.14286	0.14286
465	2083	0.14286	0.14286	0.14286	367.90311	0.14286	5.02373	0.50172
466	2232	15.49373	56.61914	53.12707	0.14288	248.33145	0.14287	0.14286
467	1919	0.14286	373.14286	0.14286	0.14286	0.14286	0.14286	0.14286
468	1951	0.14286	373.14286	0.14286	0.14286	0.14286	0.14286	0.14286
469	2026	0.14286	0.14289	27.85012	54.64519	290.93256	0.14294	0.14343
470	2270	0.14286	373.14286	0.14286	0.14286	0.14286	0.14286	0.14286
471	2011	0.14286	373.14286	0.14286	0.14286	0.14286	0.14286	0.14286
472	1995	0.14286	373.14286	0.14286	0.14286	0.14286	0.14286	0.14286
473	2639	0.14286	373.14286	0.14286	0.14286	0.14286	0.14286	0.14286
474	1965	270.08957	103.19341	0.14301	0.14286	0.14544	0.14286	0.14286
475	1918	0.14286	0.14286	0.14286	373.12687	0.14289	0.14292	0.15875
476	2208	0.14286	0.14286	0.14296	0.15413	334.91778	0.14303	38.35638
477	2308	0.14286	0.14286	0.14286	368.13923	0.14286	4.97211	0.31722
478	1931	0.14286	373.14286	0.14286	0.14286	0.14286	0.14286	0.14286
479	2221	0.14286	0.14286	373.14286	0.14286	0.14286	0.14286	0.14286
480	2027	0.14286	373.14286	0.14286	0.14286	0.14286	0.14286	0.14286
481	2081	0.14286	0.14289	72.43393	0.14328	300.85130	0.14286	0.14288
482	2609	0.14286	0.14286	0.14286	0.14286	373.14286	0.14286	0.14286
483	2038	0.14299	62.66569	6.37537	0.14287	304.38737	0.14286	0.14286
484	2048	0.14289	122.73883	41.09226	68.32333	141.41535	0.14289	0.14446
485	2587	373.14286	0.14286	0.14286	0.14286	0.14286	0.14286	0.14286
486	2067	0.14286	0.14286	0.14286	0.14286	0.14286	373.14286	0.14286
487	1980	0.14286	373.14286	0.14286	0.14286	0.14286	0.14286	0.14286
488	2185	0.14288	35.62445	32.37820	0.14286	305.42585	0.14286	0.14290
489	2537	0.14286	0.14286	373.14286	0.14286	0.14286	0.14286	0.14286
490	2004	0.14286	373.14286	0.14286	0.14286	0.14286	0.14286	0.14286
491	2315	0.14286	0.14287	5.77259	0.14289	367.51302	0.14286	0.14291
492	2249	11.83762	0.14293	38.99411	0.14297	322.59665	0.14287	0.14286
493	2147	0.14286	0.14286	0.14286	0.14286	0.14286	373.14286	0.14286
494	2502	0.14297	9.39166	0.14289	0.14288	363.89389	0.14286	0.14286
495	2137	0.14286	0.14286	6.20916	0.16765	333.14009	0.14356	34.05381
496	2362	0.14286	373.14286	0.14286	0.14286	0.14286	0.14286	0.14286
497	2398	0.14286	0.14288	14.60483	0.14825	343.37000	0.14315	15.44803
498	2589	0.14286	0.14289	10.94745	0.14286	362.33822	0.14286	0.14286
499	2463	0.14286	0.14286	0.14286	0.14286	373.14286	0.14286	0.14286
500	2170	0.14286	0.14286	0.14286	0.14286	0.14286	0.14286	373.14286
501	2479	0.14286	0.14286	373.14286	0.14286	0.14286	0.14286	0.14286
502	2134	0.14286	0.14289	10.25526	0.14288	363.03014	0.14296	0.14301
503	2115	0.14286	0.14286	0.14289	370.28155	0.14294	2.97217	0.17474
504	2088	0.14286	0.14286	0.14290	363.41356	0.14287	9.26458	0.75038
505	2145	75.18886	298.09269	0.14344	0.14286	0.14644	0.14286	0.14286
506	2174	0.14287	16.51531	4.12500	0.14286	352.78824	0.14286	0.14286
507	2546	0.14286	0.14286	0.14286	367.74059	0.14286	5.54491	0.14306
508	2344	0.14286	0.14289	103.67857	0.14291	269.60705	0.14286	0.14286
509	2274	0.14286	0.14286	373.14286	0.14286	0.14286	0.14286	0.14286
510	2415	0.14286	0.14286	373.14286	0.14286	0.14286	0.14286	0.14286
511	2037	0.14286	0.14286	0.14286	346.31545	0.14287	26.45043	0.66267
512	2136	0.14286	0.14286	0.14286	367.92103	0.14287	5.36467	0.14286
513	1958	0.14286	373.14286	0.14286	0.14286	0.14286	0.14286	0.14286
514	2486	0.14286	0.14286	0.14286	0.14286	0.14286	0.14286	373.14286
515	2513	0.14286	0.14286	0.14286	0.14286	0.14286	0.14286	373.14286
516	2471	0.14286	0.14287	17.07822	0.14360	356.20666	0.14293	0.14286
517	2190	0.14286	0.14286	0.14286	370.86293	0.14286	2.41246	0.15317
518	2041	373.14286	0.14286	0.14286	0.14286	0.14286	0.14286	0.14286
519	2456	373.14286	0.14286	0.14286	0.14286	0.14286	0.14286	0.14286
520	2610	0.14286	373.14286	0.14286	0.14286	0.14286	0.14286	0.14286
521	2401	0.14286	0.14286	40.30623	0.14697	0.18041	0.14296	332.93770
522	2540	240.28205	133.00253	0.14322	0.14288	0.14359	0.14286	0.14287
523	2198	0.14286	0.14287	8.43002	0.14286	364.85568	0.14286	0.14286
524	2039	0.14286	0.14287	3.75968	0.14288	369.52600	0.14286	0.14286
525	1973	0.14286	373.14286	0.14286	0.14286	0.14286	0.14286	0.14286
526	2525	0.14293	183.49996	18.36932	0.14286	171.55923	0.14286	0.14286
527	2128	0.14299	13.18515	32.37705	14.40399	313.60508	0.14287	0.14286
528	2474	373.14286	0.14286	0.14286	0.14286	0.14286	0.14286	0.14286
529	2411	373.14286	0.14286	0.14286	0.14286	0.14286	0.14286	0.14286
530	2476	0.14286	0.14286	0.14286	0.14286	0.14286	373.14286	0.14286
531	2443	0.42416	0.14295	69.83377	0.15144	0.14336	163.25499	140.04933
532	2545	0.14286	0.14286	0.14286	0.14357	0.14287	323.06186	50.22312
533	2314	373.14286	0.14286	0.14286	0.14286	0.14286	0.14286	0.14286
534	2576	0.14286	0.14286	0.14286	0.14286	0.14286	373.14286	0.14286
535	2318	0.14289	324.48335	48.79991	0.14286	0.14527	0.14286	0.14286
536	2618	373.14286	0.14286	0.14286	0.14286	0.14286	0.14286	0.14286
537	2021	0.14286	0.14286	0.14286	373.14285	0.14286	0.14286	0.14286
538	1933	373.14286	0.14286	0.14286	0.14286	0.14286	0.14286	0.14286
539	2403	373.14286	0.14286	0.14286	0.14286	0.14286	0.14286	0.14286
540	2179	0.14286	0.14286	0.14286	373.14286	0.14286	0.14286	0.14286
541	2031	0.14289	205.47003	0.14306	0.14286	167.81543	0.14286	0.14286
542	2216	0.14286	0.14286	0.14286	367.30027	0.14287	5.98524	0.14306
543	2444	0.14286	0.14286	0.14286	0.14286	0.14286	0.14286	373.14286
544	2473	0.14292	82.11682	40.22931	0.14289	251.08234	0.14286	0.14286
545	2325	12.81284	111.97814	28.97914	0.14286	219.80129	0.14286	0.14286
546	2119	373.14286	0.14286	0.14286	0.14286	0.14286	0.14286	0.14286
547	2566	0.14286	373.14286	0.14286	0.14286	0.14286	0.14286	0.14286
548	2205	0.14286	373.14286	0.14286	0.14286	0.14286	0.14286	0.14286
549	2652	0.14286	0.14286	373.14286	0.14286	0.14286	0.14286	0.14286
550	2330	0.14286	0.14286	0.14286	0.14286	373.14286	0.14286	0.14286
551	2316	373.14286	0.14286	0.14286	0.14286	0.14286	0.14286	0.14286
552	2178	373.14286	0.14286	0.14286	0.14286	0.14286	0.14286	0.14286
553	2035	373.14286	0.14286	0.14286	0.14286	0.14286	0.14286	0.14286
554	2049	373.14286	0.14286	0.14286	0.14286	0.14286	0.14286	0.14286
555	2268	0.14286	70.60189	3.39084	0.14287	299.43582	0.14286	0.14286
556	2332	0.14286	0.14287	12.38744	0.14288	360.89823	0.14286	0.14286
557	2146	373.14286	0.14286	0.14286	0.14286	0.14286	0.14286	0.14286
558	2383	0.14286	0.14286	0.14286	0.14286	0.14286	373.14286	0.14286
559	2637	0.14292	201.61775	2.38877	0.14286	169.42197	0.14286	0.14287
560	1970	0.14286	6.62642	195.75821	0.14286	171.04393	0.14286	0.14287
561	2012	0.14286	373.14286	0.14286	0.14286	0.14286	0.14286	0.14286
562	2171	0.14286	373.14286	0.14286	0.14286	0.14286	0.14286	0.14286
563	2209	0.14286	373.14286	0.14286	0.14286	0.14286	0.14286	0.14286
564	1963	0.14286	0.14286	0.14286	368.61261	0.14286	1.79420	3.02176
565	2304	0.14286	0.14286	373.14286	0.14286	0.14286	0.14286	0.14286
566	2355	0.14286	81.49854	17.33454	0.14293	274.59541	0.14286	0.14286
567	2148	0.14286	0.14287	4.71204	0.14289	368.57363	0.14286	0.14286
568	2259	0.14286	0.14291	56.87006	0.14299	279.18419	0.14292	37.37408
569	2066	0.14286	373.14286	0.14286	0.14286	0.14286	0.14286	0.14286
570	2151	0.14286	0.14286	0.14286	0.14286	373.14286	0.14286	0.14286
571	2393	0.14286	0.14286	0.14291	0.15295	0.14310	319.84839	53.42695
572	2438	0.14286	0.14286	373.14286	0.14286	0.14286	0.14286	0.14286
573	2400	0.14286	70.59123	0.14289	0.14286	302.69445	0.14286	0.14286
574	2454	0.14286	0.14286	0.14286	0.14286	0.14286	373.14286	0.14286
575	2284	0.14286	373.14286	0.14286	0.14286	0.14286	0.14286	0.14286
576	2298	0.14286	110.03376	0.14331	0.14293	263.25140	0.14286	0.14288
577	2003	0.14286	0.14286	373.14286	0.14286	0.14286	0.14286	0.14286
578	2295	0.14286	0.14286	0.14286	0.14286	373.14286	0.14286	0.14286
579	1990	373.14286	0.14286	0.14286	0.14286	0.14286	0.14286	0.14286
580	2544	0.14297	13.77616	0.14292	0.14378	359.50842	0.14287	0.14288
581	2061	0.14286	373.14286	0.14286	0.14286	0.14286	0.14286	0.14286
582	1976	0.14286	373.14286	0.14286	0.14286	0.14286	0.14286	0.14286
583	1927	0.14286	373.14286	0.14286	0.14286	0.14286	0.14286	0.14286
584	2055	0.14286	0.14287	0.14286	367.30686	5.42631	0.16054	0.67770
585	2350	0.14286	0.14287	15.01719	0.19723	44.83425	313.52261	0.14300
586	2588	0.14286	0.14286	0.14286	0.14286	373.14286	0.14286	0.14286
587	2450	240.66756	0.14287	132.61813	0.14287	0.14286	0.14286	0.14286
588	2320	0.14286	0.14286	0.14286	0.14286	0.14286	0.14286	373.14286
589	1992	0.14286	0.14286	0.14286	0.14286	0.14286	0.14286	373.14286
590	2571	0.14286	62.62586	50.29432	0.14289	260.50835	0.14286	0.14286
591	2234	0.14286	0.14286	0.14286	0.14286	0.14286	373.14286	0.14286
592	2387	0.14286	0.14286	16.00417	0.16488	0.16297	357.23920	0.14306
593	1968	0.14286	373.14286	0.14286	0.14286	0.14286	0.14286	0.14286
594	2585	0.14286	373.14286	0.14286	0.14286	0.14286	0.14286	0.14286
595	2405	373.14286	0.14286	0.14286	0.14286	0.14286	0.14286	0.14286
596	2162	373.14286	0.14286	0.14286	0.14286	0.14286	0.14286	0.14286
597	2402	373.14286	0.14286	0.14286	0.14286	0.14286	0.14286	0.14286
598	2238	373.14286	0.14286	0.14286	0.14286	0.14286	0.14286	0.14286
599	2089	373.14286	0.14286	0.14286	0.14286	0.14286	0.14286	0.14286
600	2044	0.14286	0.14286	0.14286	0.14286	0.14286	373.14286	0.14286
601	2379	0.14293	93.62618	279.65316	0.14337	0.14849	0.14299	0.14287
602	2651	0.14290	304.50618	68.77935	0.14286	0.14298	0.14286	0.14287
603	2009	0.14286	373.14286	0.14286	0.14286	0.14286	0.14286	0.14286
604	2177	0.14286	0.14286	373.14286	0.14286	0.14286	0.14286	0.14286
605	2252	0.14286	0.14286	373.14286	0.14286	0.14286	0.14286	0.14286
606	2231	373.14286	0.14286	0.14286	0.14286	0.14286	0.14286	0.14286
607	2076	0.14286	0.14286	0.14286	0.14286	0.14286	0.14286	373.14286
608	2367	0.14294	122.21710	251.06270	0.14330	0.14821	0.14289	0.14286
609	2303	0.14286	0.14286	0.14286	0.14286	0.14286	373.14286	0.14286
610	2455	373.14286	0.14286	0.14286	0.14286	0.14286	0.14286	0.14286
611	2627	0.14286	373.14286	0.14286	0.14286	0.14286	0.14286	0.14286
612	2534	373.14286	0.14286	0.14286	0.14286	0.14286	0.14286	0.14286
613	2130	373.14286	0.14286	0.14286	0.14286	0.14286	0.14286	0.14286
614	2480	0.14291	284.65978	88.61966	0.14286	0.14905	0.14287	0.14287
615	2531	0.14286	120.87508	1.48518	0.14377	251.06738	0.14287	0.14286
616	2389	0.14286	165.84087	18.07578	0.14286	189.51191	0.14287	0.14286
617	2568	0.14286	0.14286	373.14286	0.14286	0.14286	0.14286	0.14286
618	2014	0.14286	373.14286	0.14286	0.14286	0.14286	0.14286	0.14286
619	1982	0.14297	21.63151	192.82180	0.14687	0.14676	69.09357	90.01652
620	2452	0.14286	373.14286	0.14286	0.14286	0.14286	0.14286	0.14286
621	2107	373.14286	0.14286	0.14286	0.14286	0.14286	0.14286	0.14286
622	2239	0.14286	0.14406	9.70471	0.14292	363.57971	0.14287	0.14286
623	2186	0.14286	373.14286	0.14286	0.14286	0.14286	0.14286	0.14286
624	2621	278.14866	0.14288	0.14326	95.13663	0.14286	0.14286	0.14286
625	2091	373.14286	0.14286	0.14286	0.14286	0.14286	0.14286	0.14286
626	2256	0.14286	373.14286	0.14286	0.14286	0.14286	0.14286	0.14286
627	2022	0.14286	373.14286	0.14286	0.14286	0.14286	0.14286	0.14286
628	2508	0.14286	0.14290	17.61614	0.14289	355.66949	0.14286	0.14286
629	1937	373.14286	0.14286	0.14286	0.14286	0.14286	0.14286	0.14286
630	2632	373.14286	0.14286	0.14286	0.14286	0.14286	0.14286	0.14286
631	2605	0.14286	0.14308	31.26387	0.18998	318.43751	5.96208	17.86063
632	2572	0.14286	0.14287	24.49596	0.14526	329.35421	0.14286	19.57598
633	2641	0.14291	261.06877	108.03582	0.14286	4.32393	0.14286	0.14286
634	2522	0.14286	0.14288	94.68423	0.14297	278.60117	0.14293	0.14296
635	2528	276.91203	0.14287	0.14319	96.37333	0.14286	0.14286	0.14286
636	2439	212.03475	0.14287	161.25076	0.14305	0.14286	0.14286	0.14286
637	2612	18.10547	355.17688	0.14340	0.14286	0.14567	0.14286	0.14286
638	2448	373.14286	0.14286	0.14286	0.14286	0.14286	0.14286	0.14286
639	1950	0.14286	373.14286	0.14286	0.14286	0.14286	0.14286	0.14286
640	2493	0.14286	63.49604	309.78757	0.14286	0.14496	0.14286	0.14286
641	2181	373.14286	0.14286	0.14286	0.14286	0.14286	0.14286	0.14286
642	2024	0.14286	373.14286	0.14286	0.14286	0.14286	0.14286	0.14286
643	2001	0.14286	373.14286	0.14286	0.14286	0.14286	0.14286	0.14286
644	2217	249.17872	0.14293	124.10691	0.14287	0.14286	0.14286	0.14286
645	1969	0.14286	0.14286	0.14286	0.14286	373.14286	0.14286	0.14286
646	2497	373.14286	0.14286	0.14286	0.14286	0.14286	0.14286	0.14286
647	2345	0.14291	103.90726	269.36916	0.14673	0.14728	0.14362	0.14304
648	2017	159.97775	63.69613	0.14286	0.14286	0.14286	149.75470	0.14286
649	2321	353.25588	20.02832	0.14286	0.14286	0.14373	0.14350	0.14286
650	2459	0.14286	373.14286	0.14286	0.14286	0.14286	0.14286	0.14286
651	2514	0.14289	269.13934	0.14287	0.14286	104.14633	0.14286	0.14286
652	2562	373.14286	0.14286	0.14286	0.14286	0.14286	0.14286	0.14286
653	2581	21.21901	160.89027	0.14392	0.15514	142.00939	49.43917	0.14310
654	2019	0.14286	0.14286	0.14286	0.14286	0.14286	373.14286	0.14286
655	2106	200.77978	0.14286	0.14286	0.14286	0.14286	172.50594	0.14286
656	2421	277.60566	0.14290	0.14286	0.14294	0.14286	95.67994	0.14286
657	2141	0.14286	373.14286	0.14286	0.14286	0.14286	0.14286	0.14286
658	2449	0.14286	0.14297	11.12156	0.16261	0.14334	362.14360	0.14305
659	2440	373.14286	0.14286	0.14286	0.14286	0.14286	0.14286	0.14286
660	2129	373.14286	0.14286	0.14286	0.14286	0.14286	0.14286	0.14286
661	2494	0.14286	373.14286	0.14286	0.14286	0.14286	0.14286	0.14286
662	2013	0.14286	373.14286	0.14286	0.14286	0.14286	0.14286	0.14286
663	2099	149.39389	25.57107	0.14297	0.14295	198.46341	0.14286	0.14286
664	1977	0.14286	373.14286	0.14286	0.14286	0.14286	0.14286	0.14286
665	2160	373.14286	0.14286	0.14286	0.14286	0.14286	0.14286	0.14286
666	2251	373.14286	0.14286	0.14286	0.14286	0.14286	0.14286	0.14286
667	2286	373.14286	0.14286	0.14286	0.14286	0.14286	0.14286	0.14286
668	2577	373.14286	0.14286	0.14286	0.14286	0.14286	0.14286	0.14286
669	2519	0.14286	0.14286	0.14286	0.14286	373.14286	0.14286	0.14286
670	1936	373.14286	0.14286	0.14286	0.14286	0.14286	0.14286	0.14286
671	2413	0.14286	373.14286	0.14286	0.14286	0.14286	0.14286	0.14286
672	2065	0.14286	0.14286	0.14293	21.97544	326.85031	0.14303	24.60257
673	2599	0.14286	0.14286	0.14286	0.14286	373.14286	0.14286	0.14286
674	2490	0.14286	0.14286	0.14286	0.14286	0.14286	0.14286	373.14286
675	2248	373.14286	0.14286	0.14286	0.14286	0.14286	0.14286	0.14286
676	2342	373.14286	0.14286	0.14286	0.14286	0.14286	0.14286	0.14286
677	1949	373.14286	0.14286	0.14286	0.14286	0.14286	0.14286	0.14286
678	1956	0.14286	0.14286	0.14286	373.14286	0.14286	0.14286	0.14286
679	2281	0.14286	0.14286	0.14286	373.14286	0.14286	0.14286	0.14286
680	2070	373.14286	0.14286	0.14286	0.14286	0.14286	0.14286	0.14286
681	2272	0.14293	317.27430	56.00425	0.14695	0.14464	0.14286	0.14407
682	2080	373.14286	0.14286	0.14286	0.14286	0.14286	0.14286	0.14286
683	2265	0.14286	373.14286	0.14286	0.14286	0.14286	0.14286	0.14286
684	2167	0.14286	0.14286	0.14286	373.14286	0.14286	0.14286	0.14286
685	2426	0.14286	0.14286	0.14286	0.14286	0.14286	0.14286	373.14286
686	2255	0.14286	0.14286	0.14286	0.14286	0.14286	0.14286	373.14286
687	2622	0.14286	0.14286	0.14286	0.14286	0.14286	0.14286	373.14286
688	2524	0.14286	0.14286	7.79205	0.17240	40.62523	137.54718	187.57742
689	2008	373.14286	0.14286	0.14286	0.14286	0.14286	0.14286	0.14286
690	2173	373.14286	0.14286	0.14286	0.14286	0.14286	0.14286	0.14286
691	1915	373.14286	0.14286	0.14286	0.14286	0.14286	0.14286	0.14286
692	2614	329.10085	0.14298	44.18415	0.14287	0.14345	0.14286	0.14286
693	2023	373.14286	0.14286	0.14286	0.14286	0.14286	0.14286	0.14286
694	2193	373.14286	0.14286	0.14286	0.14286	0.14286	0.14286	0.14286
695	2422	373.14286	0.14286	0.14286	0.14286	0.14286	0.14286	0.14286
696	2441	373.14286	0.14286	0.14286	0.14286	0.14286	0.14286	0.14286
697	1961	65.13550	0.14288	0.14293	258.35434	49.93863	0.14286	0.14286
698	2505	0.14286	373.14286	0.14286	0.14286	0.14286	0.14286	0.14286
699	2094	0.14286	0.14286	0.14286	373.14286	0.14286	0.14286	0.14286
700	2036	0.14286	373.14286	0.14286	0.14286	0.14286	0.14286	0.14286
701	2656	330.71951	42.56605	0.14301	0.14286	0.14286	0.14286	0.14286
702	2100	188.24051	0.14288	185.04514	0.14290	0.14286	0.14286	0.14286
703	2277	302.64637	70.63734	0.14292	0.14286	0.14480	0.14286	0.14286
704	2580	373.14286	0.14286	0.14286	0.14286	0.14286	0.14286	0.14286
705	1974	0.14286	373.14286	0.14286	0.14286	0.14286	0.14286	0.14286
706	2380	373.14286	0.14286	0.14286	0.14286	0.14286	0.14286	0.14286
707	2301	62.27527	0.14286	0.14286	311.01043	0.14287	0.14286	0.14286
708	2182	0.14286	373.14286	0.14286	0.14286	0.14286	0.14286	0.14286
709	2175	130.86706	242.41348	0.14302	0.14286	0.14786	0.14286	0.14286
710	2481	0.14286	0.14286	0.14286	373.14286	0.14286	0.14286	0.14286
711	2515	0.14286	0.14286	0.14286	0.14286	0.14286	0.14286	373.14286
712	2488	373.14286	0.14286	0.14286	0.14286	0.14286	0.14286	0.14286
713	2015	373.14286	0.14286	0.14286	0.14286	0.14286	0.14286	0.14286
714	2312	0.14286	373.14286	0.14286	0.14286	0.14286	0.14286	0.14286
715	2635	0.14286	0.14296	116.80517	0.14286	256.47994	0.14308	0.14313
716	2051	307.26219	0.14287	66.02349	0.14288	0.14286	0.14286	0.14286
717	2262	0.14286	0.14286	0.14286	0.14286	0.14286	373.14286	0.14286
718	2305	0.14286	0.14286	0.14286	0.14286	373.14286	0.14286	0.14286
719	2230	373.14286	0.14286	0.14286	0.14286	0.14286	0.14286	0.14286
720	2034	373.14286	0.14286	0.14286	0.14286	0.14286	0.14286	0.14286
721	2527	0.14286	0.14286	0.14311	248.81052	0.14286	0.14340	124.47440
722	2227	307.80334	0.14287	0.14297	65.48224	0.14286	0.14286	0.14286
723	2113	0.14286	0.14286	373.14286	0.14286	0.14286	0.14286	0.14286
724	1996	0.14286	0.14286	0.14286	0.14286	0.14286	373.14286	0.14286
725	2541	373.14286	0.14286	0.14286	0.14286	0.14286	0.14286	0.14286
726	2358	373.14286	0.14286	0.14286	0.14286	0.14286	0.14286	0.14286
727	2431	242.75825	0.14288	0.14307	130.52722	0.14286	0.14286	0.14286
728	2373	373.14286	0.14286	0.14286	0.14286	0.14286	0.14286	0.14286
729	2548	0.14286	0.14286	373.14286	0.14286	0.14286	0.14286	0.14286
730	2085	74.34191	298.94140	0.14420	0.14288	0.14355	0.14300	0.14305
731	2382	373.14286	0.14286	0.14286	0.14286	0.14286	0.14286	0.14286
732	2263	0.14286	0.14286	0.14286	373.14286	0.14286	0.14286	0.14286
733	2595	0.14286	0.14286	0.14286	373.14286	0.14286	0.14286	0.14286
734	1924	0.14286	0.14286	0.14286	0.14286	0.14286	0.14286	373.14286
735	2388	373.14286	0.14286	0.14286	0.14286	0.14286	0.14286	0.14286
736	2565	0.14286	0.14286	0.14286	0.14286	0.14286	373.14286	0.14286
737	563	0.14286	0.14286	0.14286	0.14286	373.14286	0.14286	0.14286
738	1967	0.14286	0.14286	0.14286	0.14286	373.14286	0.14286	0.14286
739	2483	0.14286	0.14286	0.14286	373.14286	0.14286	0.14286	0.14286
740	2634	279.89223	0.14302	0.14286	93.39316	0.14286	0.14301	0.14286
741	2204	373.14286	0.14286	0.14286	0.14286	0.14286	0.14286	0.14286
742	2168	0.14286	0.14286	0.14286	0.14286	0.14286	373.14286	0.14286
743	2219	0.14286	373.14286	0.14286	0.14286	0.14286	0.14286	0.14286
744	2442	0.14286	0.14286	0.14286	0.14956	0.14286	236.37045	136.90856
745	2437	373.14286	0.14286	0.14286	0.14286	0.14286	0.14286	0.14286
746	428	0.14286	0.14286	0.14286	0.14286	373.14286	0.14286	0.14286
