1577 1913 1941 1947 1961 1970 1972 1973 1976 2026 2095 2102 2116 2127 2128 2203 2233 2246 2247 2250 2283 2304 2312 2319 2328 2344 2351 2355 2384 2389 2400 2413 2459 2461 2502 2512 2529 2530 2531 2543 2571 2594 2610 2616 2629 2641 
1465 1920 1941 1959 1985 1987 2039 2042 2047 2053 2057 2065 2068 2081 2087 2102 2111 2117 2134 2137 2138 2148 2149 2153 2169 2180 2183 2191 2199 2208 2210 2215 2223 2239 2254 2264 2267 2268 2279 2283 2292 2302 2305 2332 2333 2336 2347 2348 2366 2372 2384 2385 2398 2445 2530 2543 2567 2572 2592 2608 2629 
1930 1933 1934 1936 1956 1960 1961 1964 1965 1975 1990 2023 2035 2047 2049 2051 2070 2080 2082 2089 2091 2099 2100 2105 2107 2113 2114 2117 2119 2120 2126 2129 2130 2146 2156 2158 2160 2162 2166 2173 2175 2178 2181 2193 2197 2199 2217 2227 2228 2230 2231 2236 2238 2248 2249 2251 2260 2263 2277 2283 2286 2289 2313 2314 2316 2317 2322 2335 2341 2342 2358 2360 2361 2371 2373 2375 2376 2380 2388 2397 2402 2403 2405 2411 2412 2422 2431 2433 2439 2440 2441 2448 2450 2456 2474 2488 2497 2503 2523 2528 2534 2540 2548 2558 2562 2570 2577 2580 2614 2618 2621 2628 2632 2634 2644 2656 2659 
1924 1982 1988 1992 2076 2110 2142 2170 2207 2226 2255 2259 2320 2345 2349 2398 2401 2425 2426 2443 2444 2449 2466 2468 2486 2490 2513 2515 2542 2560 2594 2622 2635 2650 
1915 1922 1975 1990 2008 2107 2114 2126 2156 2160 2162 2176 2325 2341 2368 2412 2424 2455 2587 
1919 1921 1935 1950 1968 2014 2025 2061 2202 2341 2346 2357 2389 2533 2626 2659 
136 1465 1577 1718 1920 1926 1932 1940 1941 1945 1947 1948 1954 1955 1959 1964 1987 2002 2007 2026 2031 2032 2038 2039 2042 2047 2052 2053 2054 2068 2071 2072 2081 2087 2102 2111 2117 2125 2127 2132 2133 2134 2135 2137 2138 2143 2144 2148 2149 2151 2153 2169 2174 2176 2180 2183 2185 2187 2189 2194 2196 2198 2199 2203 2210 2223 2224 2232 2239 2241 2246 2247 2249 2250 2254 2259 2266 2267 2268 2273 2279 2282 2283 2285 2289 2292 2293 2294 2302 2319 2327 2328 2330 2333 2334 2336 2338 2343 2344 2345 2347 2351 2367 2368 2372 2377 2379 2384 2394 2398 2399 2417 2419 2420 2434 2436 2445 2451 2458 2461 2463 2468 2471 2473 2475 2491 2498 2508 2509 2510 2511 2512 2514 2516 2518 2519 2522 2533 2536 2537 2543 2547 2555 2567 2582 2588 2589 2592 2594 2597 2598 2608 2616 2617 2629 2635 2642 2643 2649 2653 
1577 1920 1932 1941 1948 1955 1959 1981 1985 1994 2002 2007 2028 2039 2042 2047 2053 2054 2062 2063 2071 2072 2081 2087 2111 2117 2135 2137 2138 2143 2144 2148 2153 2183 2187 2189 2191 2194 2196 2199 2224 2249 2279 2282 2283 2285 2292 2302 2315 2316 2319 2328 2332 2333 2338 2347 2351 2372 2384 2385 2398 2420 2427 2451 2465 2472 2496 2510 2524 2533 2543 2555 2567 2572 2589 2592 2597 2598 2609 2629 2653 
1994 2315 2417 2571 
136 1465 1577 1718 1916 1920 1926 1932 1939 1940 1941 1945 1947 1948 1954 1955 1959 1970 1994 2002 2007 2010 2026 2028 2032 2039 2042 2047 2052 2053 2054 2068 2071 2081 2087 2099 2102 2111 2117 2125 2127 2128 2132 2133 2134 2135 2138 2143 2148 2149 2151 2153 2163 2169 2174 2176 2180 2183 2187 2191 2194 2196 2198 2199 2203 2224 2239 2241 2246 2247 2250 2254 2264 2267 2273 2279 2282 2283 2285 2289 2292 2293 2294 2295 2302 2315 2319 2327 2328 2332 2333 2336 2338 2343 2344 2347 2351 2368 2372 2377 2384 2399 2419 2420 2434 2436 2458 2461 2463 2465 2471 2472 2475 2491 2496 2498 2508 2509 2510 2511 2512 2516 2518 2519 2533 2543 2555 2567 2582 2588 2592 2594 2597 2598 2608 2609 2616 2629 2642 2643 2649 
1718 1923 1945 1959 1987 2002 2007 2010 2048 2052 2054 2087 2102 2111 2132 2138 2149 2153 2155 2176 2196 2226 2235 2241 2246 2267 2273 2294 2304 2310 2325 2343 2351 2368 2434 2461 2463 2475 2491 2509 2510 2511 2518 2525 2555 2581 2588 2589 2598 2603 2612 
2178 2321 
1718 1952 1974 1981 2003 2052 2081 2132 2169 2177 2180 2246 2282 2294 2304 2310 2324 2328 2333 2368 2392 2399 2438 2451 2462 2471 2501 2509 2512 2592 2603 2642 
1923 1926 1944 1952 1964 1965 1970 2017 2029 2031 2032 2036 2038 2047 2048 2060 2066 2116 2117 2128 2133 2141 2145 2155 2174 2175 2176 2177 2182 2185 2186 2199 2205 2209 2211 2221 2226 2232 2242 2247 2254 2270 2272 2289 2291 2292 2296 2298 2310 2318 2322 2325 2327 2328 2345 2362 2366 2367 2379 2396 2406 2415 2416 2419 2425 2452 2453 2473 2480 2493 2498 2514 2517 2525 2540 2544 2557 2581 2594 2603 2608 2610 2612 2637 2641 2642 2651 
428 563 1967 1972 2137 2302 2502 
1918 1925 1940 1987 2007 2026 2040 2048 2055 2058 2065 2071 2128 2131 2150 2153 2154 2191 2194 2208 2229 2233 2278 2287 2292 2293 2299 2302 2324 2328 2329 2333 2343 2369 2381 2384 2414 2429 2445 2462 2512 2521 2526 2530 2533 2536 2542 2544 2547 2550 2551 2554 2560 2567 2594 2597 2600 2601 2604 2607 2623 2629 2646 
1916 1939 1947 1952 1955 1959 1970 1981 2003 2029 2032 2053 2054 2060 2062 2072 2075 2081 2096 2101 2110 2111 2125 2128 2132 2155 2161 2199 2221 2222 2226 2229 2235 2243 2247 2272 2274 2279 2280 2282 2283 2294 2304 2327 2328 2333 2344 2377 2384 2390 2394 2396 2415 2432 2434 2438 2451 2453 2458 2459 2468 2479 2491 2501 2509 2511 2518 2537 2568 2572 2592 2603 2617 2651 2652 
1922 1926 1933 1934 1949 1964 1974 1977 2008 2015 2017 2023 2034 2035 2036 2038 2047 2048 2049 2080 2082 2085 2091 2107 2120 2126 2129 2133 2145 2146 2152 2156 2173 2181 2186 2197 2211 2214 2219 2226 2231 2232 2235 2236 2256 2265 2268 2277 2288 2291 2296 2301 2302 2313 2317 2321 2322 2341 2345 2357 2366 2367 2379 2397 2405 2406 2440 2443 2453 2473 2474 2483 2523 2527 2535 2562 2566 2570 2577 2581 2587 2595 2610 2612 2614 2624 2651 2656 2659 
1577 1920 1926 1941 1945 1981 2007 2026 2032 2068 2101 2102 2117 2127 2134 2148 2153 2161 2183 2187 2194 2223 2224 2232 2235 2243 2254 2259 2264 2267 2280 2292 2304 2332 2336 2338 2345 2367 2379 2394 2396 2398 2417 2436 2438 2461 2465 2473 2475 2501 2508 2510 2516 2522 2543 2547 2555 2571 2594 2597 2598 2608 2635 2643 2649 
136 1577 1916 1920 1940 1994 2028 2042 2111 2125 2128 2135 2143 2169 2187 2191 2198 2203 2223 2224 2267 2268 2282 2283 2292 2294 2295 2302 2315 2330 2336 2384 2399 2436 2463 2502 2509 2512 2516 2519 2533 2543 2544 2582 2629 2643 2649 
2106 2168 2204 2421 2437 
1465 1917 1943 1952 1966 1979 1989 2040 2043 2056 2062 2064 2069 2078 2083 2084 2090 2092 2112 2121 2123 2136 2137 2140 2147 2172 2188 2243 2244 2257 2262 2266 2271 2288 2300 2331 2369 2387 2391 2423 2454 2460 2468 2478 2501 2506 2524 2536 2542 2545 2560 2561 2573 2575 2576 2578 2590 2600 2604 2607 2615 2630 
1577 1916 1923 1947 2002 2028 2029 2060 2062 2096 2125 2142 2145 2163 2223 2233 2239 2242 2278 2282 2298 2313 2318 2325 2328 2336 2344 2395 2399 2438 2480 2501 2502 2512 2516 2518 2543 2582 2637 2642 
1918 1929 1941 1953 1971 1979 1984 1985 1993 2005 2021 2030 2033 2045 2056 2063 2064 2074 2086 2088 2090 2093 2103 2104 2118 2122 2123 2124 2131 2136 2150 2154 2172 2179 2184 2206 2220 2233 2240 2244 2266 2276 2278 2287 2309 2311 2323 2324 2326 2331 2339 2340 2348 2352 2359 2363 2369 2370 2376 2381 2386 2407 2408 2409 2410 2418 2428 2446 2464 2477 2484 2485 2489 2495 2500 2507 2526 2539 2542 2543 2553 2560 2563 2564 2574 2590 2593 2600 2601 2602 2604 2607 2625 2630 2638 2646 
136 1914 1919 1921 1927 1928 1931 1935 1951 1954 1956 1957 1958 1961 1968 1972 1973 1976 1980 1991 1995 1998 1999 2000 2001 2004 2006 2009 2011 2012 2013 2016 2018 2022 2024 2025 2027 2050 2061 2094 2097 2099 2116 2143 2157 2159 2167 2171 2192 2202 2225 2245 2268 2281 2284 2297 2301 2337 2346 2364 2365 2378 2417 2435 2447 2459 2472 2487 2494 2535 2538 2570 2571 2583 2585 2620 2627 2633 2636 2639 2640 2645 2647 2648 2657 2658 2659 2660 
1966 1996 2324 2462 2565 2581 
1942 1943 1963 1966 1983 1984 1985 1986 2007 2019 2037 2044 2056 2058 2060 2063 2067 2069 2084 2086 2088 2092 2131 2138 2142 2147 2184 2189 2200 2206 2218 2229 2234 2240 2258 2262 2266 2288 2300 2303 2309 2311 2334 2339 2376 2383 2387 2391 2393 2395 2404 2409 2410 2414 2427 2428 2429 2443 2449 2454 2476 2478 2489 2492 2499 2507 2512 2520 2526 2542 2550 2576 2584 2602 2611 2623 2631 2646 
2194 2325 
1917 1918 1925 1929 1938 1941 1942 1943 1946 1953 1962 1963 1966 1971 1979 1983 1984 1985 1986 1989 1993 1997 2005 2020 2030 2033 2037 2040 2043 2045 2046 2055 2056 2058 2059 2060 2063 2064 2069 2073 2074 2077 2078 2083 2084 2086 2088 2090 2093 2095 2098 2103 2104 2108 2109 2112 2115 2118 2121 2122 2123 2124 2131 2136 2139 2140 2142 2150 2154 2164 2165 2172 2179 2184 2188 2190 2200 2201 2206 2210 2212 2213 2216 2218 2220 2229 2233 2237 2240 2244 2253 2257 2258 2261 2266 2271 2275 2276 2278 2287 2290 2299 2300 2306 2307 2308 2309 2311 2323 2324 2326 2329 2331 2334 2339 2340 2347 2348 2352 2353 2354 2356 2359 2363 2369 2370 2374 2376 2381 2383 2386 2387 2391 2392 2395 2404 2407 2408 2409 2410 2414 2418 2423 2427 2428 2429 2430 2433 2446 2449 2460 2462 2464 2467 2468 2469 2477 2478 2482 2484 2485 2489 2492 2495 2499 2500 2504 2506 2507 2518 2520 2521 2524 2526 2532 2536 2539 2542 2543 2546 2549 2550 2551 2552 2553 2554 2556 2559 2560 2561 2563 2564 2573 2574 2575 2578 2579 2586 2590 2591 2593 2600 2601 2602 2604 2607 2611 2613 2615 2619 2623 2624 2625 2630 2631 2638 2646 2654 2655 
