0.6251	 0.9999 0.4874; 0.4389 0.2173
0.6518	 0.9999 0.3909; 0.3432 0.2175
0.6843	 0.9999 0.2962; 0.2563 0.2200
0.6012	 0.9999 0.5850; 0.5253 0.2160
0.6319	 0.9999 0.4868; 0.4409 0.1259
0.6571	 0.9999 0.3905; 0.3559 0.1258
0.6905	 0.9999 0.2940; 0.2606 0.1213
0.6084	 0.9999 0.5816; 0.5301 0.1261
0.3054	 0.8040 0.2400; 0.2935 0.9999
0.6839	 0.9999 0.3022; 0.2494 0.8039
0.6851	 0.9999 0.3033; 0.2439 0.8038
0.6250	 0.9999 0.4876; 0.4357 0.2156
0.6533	 0.9999 0.3928; 0.3439 0.2171
0.6867	 0.9999 0.2965; 0.2591 0.2204
0.5977	 0.9999 0.5867; 0.5226 0.2135
0.6316	 0.9999 0.4875; 0.4411 0.1258
0.6584	 0.9999 0.3903; 0.3449 0.1202
0.6934	 0.9999 0.2910; 0.2596 0.1210
0.6049	 0.9999 0.5829; 0.5266 0.1248
0.6877	 0.9999 0.2951; 0.2416 0.8039
0.6930	 0.9999 0.2956; 0.2310 0.8036
0.6896	 0.9999 0.2946; 0.2412 0.8038
0.6213	 0.9999 0.4907; 0.4401 0.2178
0.6535	 0.9999 0.3895; 0.3421 0.2157
0.6912	 0.9999 0.2949; 0.2543 0.2187
0.5937	 0.9999 0.5869; 0.5254 0.2157
0.6290	 0.9999 0.4850; 0.4366 0.1216
0.6593	 0.9999 0.3870; 0.3521 0.1237
0.6966	 0.9999 0.2936; 0.2555 0.1195
0.6074	 0.9999 0.5815; 0.5350 0.1345
0.6951	 0.9999 0.2910; 0.2290 0.8037
0.6846	 0.9999 0.3001; 0.2559 0.8040
0.2777	 0.8040 0.2388; 0.2843 0.9999
0.6219	 0.9999 0.4888; 0.4354 0.2156
0.6541	 0.9999 0.3883; 0.3516 0.2183
0.6951	 0.9999 0.2967; 0.2489 0.2183
0.5926	 0.9999 0.5876; 0.5371 0.2236
0.6324	 0.9999 0.4863; 0.4507 0.1335
0.6614	 0.9999 0.3881; 0.3484 0.1221
0.7008	 0.9999 0.2930; 0.2548 0.1197
0.6037	 0.9999 0.5842; 0.5341 0.1336
0.2676	 0.8040 0.2443; 0.2867 0.9999
0.6910	 0.9999 0.3021; 0.2476 0.8039
0.6931	 0.9999 0.2971; 0.2407 0.8038
0.6197	 0.9999 0.4922; 0.4343 0.2159
0.6537	 0.9999 0.3907; 0.3565 0.2207
0.6991	 0.9999 0.2921; 0.2520 0.2185
0.5880	 0.9999 0.5912; 0.5248 0.2168
0.6310	 0.9999 0.4848; 0.4444 0.1273
0.6636	 0.9999 0.3873; 0.3405 0.1172
0.7051	 0.9999 0.2897; 0.2582 0.1202
0.5975	 0.9999 0.5836; 0.5282 0.1280
0.2492	 0.8039 0.2332; 0.2780 0.9999
0.7032	 0.9999 0.2914; 0.2320 0.8038
0.2584	 0.8044 0.2561; 0.2830 0.9999
0.6217	 0.9999 0.4891; 0.4396 0.2181
0.6593	 0.9999 0.3935; 0.3477 0.2182
0.7058	 0.9999 0.2925; 0.2565 0.2193
0.5890	 0.9999 0.5871; 0.5284 0.2189
0.6317	 0.9999 0.4858; 0.4386 0.1224
0.6685	 0.9999 0.3861; 0.3460 0.1202
0.7111	 0.9999 0.2906; 0.2595 0.1207
0.6018	 0.9999 0.5836; 0.5335 0.1337
0.7012	 0.9999 0.2960; 0.2411 0.8039
0.2368	 0.8041 0.2449; 0.2706 0.9999
0.2381	 0.8042 0.2421; 0.2726 0.9999
0.6237	 0.9999 0.4888; 0.4381 0.2176
0.6637	 0.9999 0.3910; 0.3477 0.2180
0.7148	 0.9999 0.2919; 0.2487 0.2181
0.5845	 0.9999 0.5900; 0.5215 0.2146
0.6357	 0.9999 0.4856; 0.4428 0.1260
0.6752	 0.9999 0.3828; 0.3488 0.1221
0.7198	 0.9999 0.2882; 0.2548 0.1192
0.5970	 0.9999 0.5877; 0.5289 0.1288
0.2263	 0.8041 0.2475; 0.2759 0.9999
0.2210	 0.8041 0.2335; 0.2714 0.9999
0.2266	 0.8041 0.2531; 0.2746 0.9999
0.6291	 0.9999 0.4897; 0.4399 0.2180
0.6741	 0.9999 0.3861; 0.3475 0.2177
0.7207	 0.9999 0.2857; 0.2624 0.2203
0.5869	 0.9999 0.5899; 0.5229 0.2144
0.6411	 0.9999 0.4851; 0.4382 0.1232
0.6859	 0.9999 0.3803; 0.3432 0.1173
0.7316	 0.9999 0.2844; 0.2650 0.1210
0.6042	 0.9999 0.5818; 0.5289 0.1275
0.2136	 0.8041 0.2636; 0.2778 0.9999
0.2065	 0.8042 0.2447; 0.2645 0.9999
0.2075	 0.8041 0.2424; 0.2672 0.9999
0.6369	 0.9999 0.4854; 0.4419 0.2190
0.6856	 0.9999 0.3853; 0.3457 0.2168
0.7351	 0.9999 0.2843; 0.2674 0.2203
0.5927	 0.9999 0.5859; 0.5245 0.2157
0.6522	 0.9999 0.4805; 0.4407 0.1233
0.6963	 0.9999 0.3804; 0.3465 0.1186
0.7499	 0.9999 0.2770; 0.2489 0.1152
0.6061	 0.9999 0.5838; 0.5272 0.1263
0.1942	 0.8042 0.2474; 0.2661 0.9999
0.1843	 0.8043 0.2310; 0.2532 0.9999
0.1871	 0.8043 0.2341; 0.2585 0.9999
0.6467	 0.9999 0.4844; 0.4345 0.2145
0.7015	 0.9999 0.3801; 0.3416 0.2153
0.7558	 0.9999 0.2781; 0.2573 0.2182
0.5996	 0.9999 0.5838; 0.5342 0.2228
0.6616	 0.9999 0.4785; 0.4396 0.1220
0.7121	 0.9999 0.3755; 0.3496 0.1199
0.7620	 0.9999 0.2771; 0.2555 0.1177
0.6178	 0.9999 0.5784; 0.5302 0.1280
0.7437	 0.9999 0.2836; 0.2446 0.8040
0.1672	 0.8042 0.2421; 0.2557 0.9999
0.1674	 0.8042 0.2395; 0.2598 0.9999
0.6515	 0.9999 0.4815; 0.4412 0.2178
0.7125	 0.9999 0.3773; 0.3436 0.2154
0.7656	 0.9999 0.2765; 0.2583 0.2184
0.5940	 0.9999 0.5871; 0.5266 0.2177
0.6679	 0.9999 0.4769; 0.4372 0.1199
0.7246	 0.9999 0.3735; 0.3471 0.1179
0.7801	 0.9999 0.2704; 0.2537 0.1158
0.6137	 0.9999 0.5803; 0.5284 0.1252
0.1562	 0.8041 0.2686; 0.2690 0.9999
0.7680	 0.9999 0.2713; 0.2385 0.8040
0.1469	 0.8041 0.2510; 0.2566 0.9999
0.6572	 0.9999 0.4808; 0.4369 0.2152
0.7181	 0.9999 0.3790; 0.3550 0.2190
0.7868	 0.9999 0.2727; 0.2487 0.2166
0.5912	 0.9999 0.5860; 0.5308 0.2186
0.6796	 0.9999 0.4720; 0.4406 0.1222
0.7378	 0.9999 0.3723; 0.3511 0.1195
0.7931	 0.9999 0.2708; 0.2579 0.1169
0.6166	 0.9999 0.5790; 0.5316 0.1280
0.7634	 0.9999 0.2776; 0.2452 0.8041
0.1227	 0.8042 0.2409; 0.2579 0.9999
0.1153	 0.8044 0.2298; 0.2454 0.9999
0.6654	 0.9999 0.4788; 0.4391 0.2156
0.7431	 0.9999 0.3707; 0.3519 0.2164
0.8040	 0.9999 0.2706; 0.2498 0.2166
0.5920	 0.9999 0.5838; 0.5303 0.2191
0.6943	 0.9999 0.4720; 0.4471 0.1251
0.7608	 0.9999 0.3657; 0.3488 0.1167
0.8081	 0.9999 0.2662; 0.2662 0.1183
0.6156	 0.9999 0.5798; 0.5260 0.1234
0.7650	 0.9999 0.2790; 0.2519 0.8042
0.7748	 0.9999 0.2764; 0.2345 0.8040
0.7837	 0.9999 0.2724; 0.2292 0.8040
0.6469	 0.9999 0.4849; 0.4353 0.2150
0.7445	 0.9999 0.3717; 0.3451 0.2152
0.8128	 0.9999 0.2661; 0.2561 0.2172
0.5656	 0.9999 0.5936; 0.5283 0.2212
0.6817	 0.9999 0.4751; 0.4409 0.1220
0.7641	 0.9999 0.3676; 0.3450 0.1153
0.8190	 0.9999 0.2663; 0.2571 0.1155
0.6101	 0.9999 0.5800; 0.5348 0.1332
0.0803	 0.8042 0.2519; 0.2474 0.9999
0.0793	 0.8043 0.2401; 0.2458 0.9999
0.0775	 0.8044 0.2330; 0.2434 0.9999
0.6859	 0.9999 0.4753; 0.4325 0.2131
0.7893	 0.9999 0.3637; 0.3489 0.2150
0.8388	 0.9999 0.2645; 0.2498 0.2163
0.5763	 0.9999 0.5894; 0.5257 0.2186
0.7192	 0.9999 0.4685; 0.4420 0.1201
0.8090	 0.9999 0.3590; 0.3599 0.1190
0.8449	 0.9999 0.2628; 0.2572 0.1153
0.6250	 0.9999 0.5740; 0.5298 0.1249
0.7818	 0.9999 0.2757; 0.2435 0.8040
0.7823	 0.9999 0.2793; 0.2387 0.8040
0.8106	 0.9999 0.2632; 0.2427 0.8041
0.6552	 0.9999 0.4810; 0.4334 0.2130
0.7966	 0.9999 0.3644; 0.3433 0.2139
0.8430	 0.9999 0.2662; 0.2513 0.2165
0.5500	 0.9999 0.5976; 0.5303 0.2219
0.7045	 0.9999 0.4718; 0.4369 0.1175
0.8232	 0.9999 0.3573; 0.3514 0.1158
0.8557	 0.9999 0.2625; 0.2473 0.1133
0.6106	 0.9999 0.5790; 0.5268 0.1243
0.0717	 0.8044 0.2254; 0.2434 0.9999
0.0720	 0.8043 0.2333; 0.2440 0.9999
0.0732	 0.8042 0.2445; 0.2471 0.9999
0.7314	 0.9999 0.4661; 0.4338 0.2120
0.8308	 0.9999 0.3566; 0.3459 0.2132
0.8581	 0.9999 0.2634; 0.2499 0.2162
0.5636	 0.9999 0.5913; 0.5260 0.2183
0.7843	 0.9999 0.4574; 0.4364 0.1140
0.8541	 0.9999 0.3558; 0.3458 0.1138
0.8719	 0.9999 0.2589; 0.2667 0.1162
0.6459	 0.9999 0.5715; 0.5330 0.1268
0.0720	 0.8043 0.2397; 0.2432 0.9999
0.0692	 0.8044 0.2354; 0.2399 0.9999
0.8096	 0.9999 0.2697; 0.2341 0.8041
