3583	3435	3576	653	3430	3520	3432	3274	3392	3386	3419	3565	3307	3558	3556	3529	3253	1	3537	3015	3455	3540	3588	2451	3602	2641	3554	3421	1405	3552	3514	3525	3147	2082	3466	3517	905	3542	1740	3081	3495	3352	3095	3400	3429	3418	
3300	3537	3546	3168	707	2641	2900	3432	2735	3461	3455	2082	3533	3487	3435	3307	3184	3597	3414	3528	3565	3447	3517	1	3471	3583	3542	3539	2943	3430	3352	3209	3485	3306	2584	3415	3591	3443	1405	3459	3535	2868	3553	3482	3495	3540	3502	3588	3480	3392	3554	3400	3525	3581	3346	3106	3297	3570	3558	3527	3575	3407	492	611	408	461	752	821	1267	636	484	57	
3199	3503	3495	3499	3583	3482	3518	3142	3569	3540	3531	3076	3326	3058	3494	3409	3472	3419	3461	3554	3588	3525	1405	3386	3502	3542	3007	3466	3407	904	3463	3580	3218	3242	3488	3591	3253	3477	3445	1355	3517	3581	3529	3392	3410	3352	3567	3487	3184	3539	3421	3594	3573	3577	3514	3530	3214	3565	3551	3213	3575	3550	3492	3343	3576	3498	3208	2855	3483	1306	3432	3346	3356	3578	3520	2451	3297	3601	3081	905	3112	1881	3442	1769	542	836	3527	821	1105	3592	341	1910	1270	150	2533	2591	814	301	1187	477	464	124	1020	799	3480	650	366	316	399	3556	588	1826	349	652	1023	326	611	1864	1171	552	
3582	1740	3602	2982	3479	3408	3480	3562	3421	3095	3554	3579	3588	3529	2798	904	3455	3466	3570	3601	3482	3413	3058	3205	3540	3409	3300	3539	3581	3517	3493	3578	2868	3503	3452	3505	3419	3580	3481	3120	3495	3392	3328	3574	3594	3461	3352	3514	3600	2943	3081	3576	3492	3451	3252	3168	3344	905	3563	3015	3552	3442	3218	3559	3418	707	3450	3356	2451	3297	3565	3518	1049	200	2478	300	574	331	884	845	213	48	3573	2263	441	252	773	3587	500	891	3238	368	2507	968	2026	33	1161	1970	708	588	2547	491	675	
3225	3599	3559	3534	3517	3237	2995	2451	3421	2082	2597	3236	3558	3307	3058	3346	3419	3343	3366	904	3463	3514	3400	2842	3168	3472	3239	3455	3563	3573	3418	3594	3508	3454	3565	3322	3511	3598	3218	3592	3430	3556	3488	3588	3459	3428	3496	3580	3274	3574	3493	3482	1	3295	3015	3567	3447	3238	3581	3249	3291	3555	3539	3432	889	616	3450	3504	3525	677	905	1621	1678	496	1622	1164	528	463	1694	1623	3242	1682	2891	283	374	12	21	190	130	3461	192	706	705	1051	1661	945	165	588	
3489	3524	2426	204	2412	3224	3346	2943	3452	3407	2597	3081	2641	3482	3580	3556	3516	2855	3495	3472	3600	904	707	3542	3505	3581	3343	3518	3386	3517	2451	3544	3274	3487	1	3409	3253	3575	3578	3592	1740	3579	2966	3574	3419	905	3503	3540	3460	2584	3554	3563	3455	3300	3291	3602	3446	3421	2868	3508	3400	3529	3509	3225	3491	3344	3490	3142	3323	3502	1163	2316	633	1041	3552	2985	2114	2798	3480	3569	4	3599	452	3573	228	3281	3280	1969	3292	430	2301	207	3450	3408	906	877	924	1147	1150	2345	903	602	2833	3112	2302	1191	123	2928	2011	2962	490	708	1070	3249	3218	1243	1379	661	1021	3567	1777	566	2269	1042	3596	976	1502	2049	1173	975	2982	3533	61	1974	799	1245	349	1257	1204	2849	2850	2650	558	652	489	1757	1106	124	662	1880	1063	1768	2900	505	1363	3603	1422	3340	3329	1169	3168	200	3199	2909	2916	3571	3604	2559	491	654	1101	1970	639	968	2882	2895	168	495	3479	873	3601	177	1092	1171	1790	2380	967	400	2573	1458	1170	1722	3463	2438	2428	2439	1982	2399	3546	3104	167	2018	1559	2768	1761	1751	3504	777	3532	3352	67	3205	3608	3561	1091	3564	1232	2204	310	934	3520	3442	121	3477	2784	3093	2157	3217	363	651	38	690	3220	1102	1455	
3357	3361	3330	3205	3289	2451	3574	3184	3596	3199	3480	3400	3534	3511	3479	3487	3556	3142	2082	3352	2900	3300	3058	3106	3015	3518	3530	3529	3514	3482	3252	3602	3570	3450	3594	3598	3536	2891	3081	3577	3253	3344	3573	3497	3459	3542	3505	3306	3291	3114	3323	3242	3483	905	3495	3562	3481	3600	3525	3491	3527	3535	3592	3486	3461	3492	3386	3413	3471	3442	3392	431	1405	577	3409	3147	1035	45	1038	330	619	365	1223	64	690	3249	570	200	3588	748	410	851	657	
3378	3272	3362	3366	3558	3253	3443	3593	3525	3556	3114	3576	3147	3537	3573	1405	3451	3553	3552	3559	3514	3343	3563	3081	3479	3455	3419	3520	3534	3601	3540	3571	3602	3582	3421	3400	3565	3588	3529	3542	2995	3274	3297	3232	3539	3518	3466	2735	3346	3122	3581	3485	3095	3459	3447	3591	3491	3561	3598	3249	3409	905	3483	3058	3555	3461	757	3488	1875	1222	1051	174	534	227	569	2508	3291	2546	1354	1174	904	64	626	767	601	627	603	583	768	686	
3544	3545	3357	3379	3330	3455	3361	3600	3454	3534	2082	3525	1	2943	3583	3588	3540	2900	3579	3430	3343	3122	2868	3209	3517	3599	3472	2597	3307	3400	3546	3587	3168	3580	3147	3591	3554	3558	2958	3477	3415	3592	3232	3565	3576	3495	3486	3346	2451	3461	3291	2101	904	718	1119	689	1013	110	248	3419	2181	
89	3342	3341	904	653	905	3274	3520	204	3496	2995	2900	3447	2641	3343	3556	3430	3450	3435	3386	3486	3514	3418	3483	3432	654	3546	3587	1102	3400	3594	3058	3106	3015	33	3494	38	3511	1173	3596	2584	3114	3095	3366	3081	840	3307	3576	3529	650	3487	1355	3598	3306	2943	3209	1405	3168	3537	946	661	1082	1379	563	651	3508	342	3459	1161	300	3578	3563	846	387	3492	3429	3593	3218	3579	1127	3471	1171	3542	3421	3525	2451	941	3531	3555	555	3495	1106	3564	3518	68	3528	597	3597	113	552	3565	3480	3454	3550	556	931	3392	631	3463	1264	3477	3588	542	3602	3213	3326	3574	223	1049	67	3488	464	490	3592	3322	662	3242	3552	3536	3428	3591	65	852	627	3295	3499	3562	1502	244	1136	3142	2735	2597	3289	3356	3419	768	583	603	1768	3558	3238	601	124	767	1177	62	575	354	3600	316	742	626	253	851	577	3535	304	326	1147	1544	1518	1036	1300	886	370	614	3498	498	1584	3352	3249	431	3446	1096	3575	2958	3413	884	3530	1189	472	656	34	9	1	2699	535	853	305	588	1063	264	3553	748	3571	574	1128	1640	533	613	808	858	1881	3464	359	1232	652	1304	1241	548	3291	317	773	615	1389	1105	3485	1132	1130	3567	1422	1020	856	3502	968	3199	3493	202	3147	664	487	3581	2041	1086	219	1435	473	1114	168	3580	1007	3442	3534	64	875	1053	1661	1051	3076	3527	165	331	564	1164	3344	1123	1949	3007	3573	471	1757	52	1028	
3548	3549	3590	2798	2735	3466	3533	3479	3253	904	3594	3480	3520	3506	3493	2855	3560	3552	3432	3578	3297	3323	2868	2729	3595	3344	3291	3147	3554	3537	3542	3564	3392	3485	3580	1	3558	3481	3217	3555	3488	3573	3386	3492	3579	3242	2958	3400	3570	3295	3460	3184	3565	2082	3346	3472	3015	905	1306	3559	3442	3238	3415	202	3446	3532	3540	945	1000	588	374	941	3482	1102	1264	165	330	568	38	1175	804	3504	2310	743	840	569	934	1127	33	1053	886	
3125	3141	3140	2981	2966	2735	2699	3466	3184	3386	3554	3392	2798	3565	3442	3583	3443	3570	3533	3446	204	3505	3435	3599	3112	2855	3578	3480	3455	3595	3537	3483	3242	3461	904	3482	3514	2082	3147	3076	3539	3432	3525	3592	3253	3460	3415	3580	3542	3535	3484	260	1405	112	463	1098	
3510	3500	3501	3509	3581	3411	3444	3571	3567	3539	3415	3410	3511	3463	3552	3409	3414	3407	3291	3555	3493	3477	2958	2891	3502	2868	3218	3122	1	3346	3488	3238	3297	3242	2855	3559	3323	3429	3217	3232	3527	3428	3461	3352	3400	3579	3598	3595	3322	3459	3491	3495	3015	3081	3386	3479	1102	690	904	1173	3445	3147	2641	662	3418	588	33	651	490	38	852	1049	300	1300	1161	799	946	1859	3535	62	464	528	204	3460	365	1159	654	821	1053	12	1025	1264	941	515	408	50	585	578	751	299	370	67	3530	399	112	3580	68	336	908	
1949	2060	1405	3443	3534	3512	3076	3502	3007	3513	3494	3472	3217	3471	2451	3580	1	3517	2082	3587	3291	3565	1287	3535	3575	2798	3184	3573	3253	3599	3081	3569	3483	3430	3218	3485	3482	3407	3432	3532	3446	3578	2735	3496	3495	2868	3579	707	1123	
