3599	3583	3419	3225	3517	3559	3558	3421	3455	3576	3534	3366	3514	2995	2082	3430	3565	3556	3058	2597	3307	3237	3435	3253	3236	3274	3418	3343	3563	3472	3463	3573	3400	3432	3588	905	1405	2451	3168	3525	3346	3511	3537	3508	3392	3554	3015	904	3147	3239	3466	2842	3428	3482	3454	3386	3598	3553	2641	3579	3081	3574	3580	3594	3520	3529	3540	3249	3488	3555	3542	1694	3567	1622	1678	1682	1621	1623	3352	776	3571	1417	1416	697	1871	1557	625	25	864	1068	718	1297	677	463	1661	1164	92	1948	706	441	192	
653	3435	3583	3430	3520	3576	3432	3274	3392	1	2451	3307	3386	3558	3552	3015	3565	3419	3510	3540	3529	2082	3218	3517	3559	3429	3509	3602	3588	3455	3581	3534	3322	3537	3493	3450	3238	2842	3346	
3479	3582	1740	3480	3602	3529	3562	3576	3421	3554	3408	3095	3588	2982	3539	3601	3455	3413	3579	3392	3481	3058	3570	3205	3274	904	3581	3300	3419	3015	3517	3574	3540	3466	3352	3537	3328	3120	3495	3252	3253	3409	2798	3482	3493	3514	3505	3081	3565	3492	3594	3520	3430	3503	3578	3344	3552	3452	3168	2451	3542	3289	3435	2943	905	3147	2641	2263	2415	3450	3242	3583	2868	252	845	2026	2478	331	884	1090	1393	1392	253	574	48	2291	500	
3199	3503	3499	3495	3583	3518	3482	3540	3142	3058	3419	3554	3461	3386	3569	3472	3588	3542	3487	3502	3580	3531	1405	3326	3392	3494	3573	3525	3466	3409	3530	3218	904	3529	3514	3407	1355	3591	3253	3445	3488	3421	3517	3242	3463	3435	3520	3432	3556	3184	3081	3477	3289	3410	2982	3577	3565	3581	3492	3213	3214	3575	3550	1	2855	3576	3452	3537	3578	3551	3498	3343	301	1270	1826	1769	3356	2533	2641	698	624	542	366	1881	150	1910	340	1367	2591	3567	1020	3352	510	728	1401	611	724	1105	1097	1387	
3489	3524	204	2412	2426	3224	2943	3346	3081	2597	3472	3452	3516	3580	2641	3556	3407	904	3600	3579	3482	3517	3495	707	3581	3542	3602	3343	3544	3421	3505	3554	3419	3274	2451	3518	3253	1740	3540	3503	1	3455	3300	3487	3409	3574	3575	2982	2855	3386	905	3529	3578	3563	3592	2868	3408	3582	2798	3400	3291	3479	3480	2584	3344	2316	2985	2114	2966	3490	452	3225	1969	3292	633	3508	1163	1150	2302	3573	3502	3142	2011	3509	3280	2928	877	207	3281	3533	2301	2345	1070	3168	2833	1974	1041	2269	1243	4	566	1191	602	903	430	228	490	123	2049	2962	873	491	2650	489	924	906	2850	2849	1147	1021	124	1042	975	1257	976	2559	61	708	2895	505	3569	1106	1757	558	1101	1777	1169	349	1502	3218	639	661	1245	3576	2916	3604	2909	3552	3603	652	168	1379	1063	1768	3491	1880	3205	967	200	3599	2380	1173	495	799	1970	3340	3329	1363	1422	3323	3199	1204	1790	2882	177	1982	3460	654	662	2573	1170	3601	1722	3392	1171	2399	400	1092	3352	3596	3104	1559	3567	968	1458	2428	2438	2439	3520	2768	2018	2204	3093	1761	167	3249	1091	1751	3095	3112	2900	67	3546	3463	3608	3435	3466	3565	777	1455	1232	3308	3446	3588	3571	2784	310	363	3220	3477	121	3012	475	3450	38	934	2157	1222	690	
3537	3300	3533	707	2641	2082	3546	3184	3471	3352	3432	2735	3542	3447	3535	3565	3307	3435	3306	3430	3455	3443	3168	3487	653	3480	3253	3583	3485	3517	3554	3502	3553	3392	1	3576	3588	3556	3505	3539	3482	3514	3578	3555	2094	3492	3218	3466	
2451	3357	3534	3596	3184	3574	2900	3205	3594	3598	3106	2082	3527	3400	3352	3291	3496	3529	3592	3602	3463	3487	3459	3567	3346	3483	3511	3297	3253	3344	3343	3199	3307	3495	3556	3147	3577	3421	3076	3520	2891	3007	3536	1405	3497	3447	3289	3486	3081	3058	3525	3419	904	3454	3494	3491	3482	2842	3208	3274	3571	3242	3239	3015	3588	3443	3252	653	410	662	3514	38	905	1038	814	1161	619	686	33	690	1028	64	856	799	3461	1035	365	614	851	370	650	597	556	968	1053	563	1177	651	884	498	1082	1223	124	1379	490	348	1023	67	654	1102	1195	30	840	253	946	387	1130	1129	1238	555	1020	528	1051	
3510	3509	3225	3511	3366	3323	3218	3418	3199	3505	3571	3237	3562	3326	3493	3409	3530	3559	3356	2995	3555	3450	3408	3508	3428	3479	3322	3249	3295	3492	3601	3217	3142	3481	3058	904	3502	3534	3531	3578	3587	3236	3499	3480	3361	204	3238	657	1102	3494	3518	3482	1173	3477	3289	3563	3599	3546	33	654	2958	662	3407	3306	3015	588	3410	3567	3429	3471	799	1355	3411	3569	653	3552	3413	3415	651	3452	38	650	3550	3593	2982	3535	3573	1171	3213	1161	661	3114	3498	68	3444	528	387	946	840	67	3553	3488	3239	3595	941	1106	3442	2855	3483	3503	652	3460	464	1422	490	852	3447	1379	3209	3539	300	3214	905	3095	2584	3561	3445	1159	342	3485	846	113	631	690	555	2597	1264	2842	968	124	619	836	3581	3463	3076	3252	563	3451	3007	3386	64	65	1949	1082	3242	3577	304	370	3551	3532	1049	3446	1147	1300	3232	283	708	186	1768	1127	12	1177	3414	3514	244	566	62	228	1038	786	552	1105	3106	1232	365	777	967	3536	597	556	633	751	542	3122	3184	1036	931	637	3491	821	613	299	374	851	858	1280	2451	534	853	3464	614	1136	906	472	21	583	603	477	626	1661	768	601	767	3575	884	1502	801	1035	656	638	202	471	627	850	1051	924	168	1092	200	3454	1974	1222	4	3582	316	1053	213	165	498	575	61	641	3588	1163	748	102	174	1195	473	533	1257	1895	271	1898	430	1063	2101	37	1544	1132	264	574	
3544	3545	3581	3546	3597	3539	3528	3461	2900	2943	1	3517	3407	2584	3477	3525	3168	3579	3472	3454	3415	3346	3411	3444	3575	3076	3430	3459	3455	3400	3488	3432	3495	3599	3588	3410	3567	3343	3307	2082	3580	3594	3007	3537	3558	3503	3122	904	707	3463	3502	3218	3534	3554	3409	3209	1306	3485	3147	3352	3414	3482	48	944	964	752	107	2641	834	2101	3483	12	3540	686	300	631	454	814	3300	87	113	62	512	
3378	3272	3362	3558	3114	3451	3593	3253	3573	3147	3556	3443	3520	3081	3525	3540	3514	3552	3366	3297	3602	3095	3419	3459	3576	3563	3421	3479	3529	3343	3400	3537	3346	3559	3409	3466	3581	905	3483	2900	3461	3485	3588	3553	3291	904	3534	3488	3122	3168	3555	2508	2546	2779	757	1875	1051	
3548	3549	3291	3580	2855	3493	3466	3594	3520	3386	2868	3253	3512	3323	3297	3392	3513	2958	2798	3552	904	3242	3559	3558	3400	3542	3554	3432	1	3147	3480	3346	3579	3565	3537	3595	3419	3573	3274	3344	3217	2597	3578	3482	3446	3238	3525	3540	3184	3514	3295	3485	3571	3410	3479	3322	3472	3532	2735	3555	3502	1013	3421	1864	202	1264	740	50	328	905	1300	192	140	179	
2966	2981	3466	3442	3386	3570	3076	3583	3554	3446	3007	3184	3443	3435	3565	3482	204	3495	3542	3142	3392	3578	2855	3592	3112	2798	3580	3409	3569	3253	3242	2426	3514	3460	3015	3505	1740	3594	905	3461	904	3419	3483	3274	3588	2900	3502	3452	3484	3504	1405	3595	343	463	48	958	1694	1621	1682	1623	1622	
3379	3600	2868	3591	3209	3168	2900	3455	3357	3540	3587	2943	3232	3414	3435	1	3454	3588	3122	2597	3461	3537	3558	3307	3571	707	3486	3487	3583	3592	3556	3553	3546	2101	2082	3539	3289	3238	3542	3459	3465	560	1082	
3330	3357	3361	3576	3525	3583	3455	3400	3556	3554	3588	3565	3386	3421	2082	3534	1740	3466	3580	3602	3432	2943	3392	3415	3430	3529	3495	3517	2641	3540	3307	3274	3505	3460	3081	3520	905	3343	3015	3491	3573	3532	1674	1693	1452	1690	
2735	2798	2699	3461	3392	3518	3432	3570	2729	3415	3147	3525	3184	3386	3482	3455	3556	3300	3400	3205	3583	3450	3514	3540	3517	3576	3581	3595	3414	3466	3494	3504	112	2982	3578	3602	3529	3112	3553	3565	904	3573	3492	3559	
1405	1949	2060	2641	3443	2082	3517	3430	3534	3414	3583	3599	3565	3455	3217	1	3485	3495	3576	2584	3432	3307	3482	3502	3494	3592	1872	
89	3342	3341	904	3400	1405	905	2995	3421	3432	3514	3556	3565	3343	2641	3386	3058	3520	3447	3274	2900	3594	3598	3480	3430	2451	3495	3168	3542	3580	3537	3419	3366	3081	3588	3114	3563	3450	3418	3579	3463	3242	3546	3525	3529	3496	3392	3435	3534	3015	3357	2943	113	3583	3559	3517	3518	1263	2404	2405	3466	1444	1680	42	3576	3477	3482	3558	3095	223	3307	1241	1838	2597	3253	1868	1591	548	1483	3486	1744	318	1783	1128	1008	1539	1143	651	73	781	1661	773	771	3554	
3141	3125	3140	3565	2735	3455	3554	3583	3537	3435	3392	3525	3599	3533	3539	2451	1	3480	2082	3343	3415	3443	3274	3419	3546	981	3184	980	979	2982	977	978	3483	904	3147	3556	3242	3534	3578	
3590	3564	904	3506	3488	3560	3479	2641	3472	3556	3459	2891	3561	3578	1	3539	3081	3015	3253	3579	3542	3533	3242	2868	3494	1306	3095	3415	3552	3485	3466	905	3555	3528	3573	3480	3274	3400	983	984	985	3300	982	3531	1106	1422	33	330	588	1102	569	1157	840	821	
3501	3500	477	3495	3409	3539	3487	3525	3540	2995	3421	3554	3579	3580	3415	3602	3343	3400	2868	1215	3559	3493	3122	3081	3472	3552	3463	2641	2982	3514	29	3491	3414	1	2684	3558	2548	
