2082	3435	653	3583	1	3307	3430	3455	3534	2451	3588	3576	3537	3432	2641	3559	3558	3517	3599	3392	3520	904	3565	3343	3346	3554	3386	3419	3539	3463	
3576	3583	3435	3274	3520	3430	3419	3514	3565	3225	3556	3392	3558	3421	3366	3253	3147	3432	3540	3525	1405	3529	3081	3015	3602	3386	3400	3307	3418	3517	3352	3537	3552	3168	2995	3058	905	3455	3542	3553	3508	707	1557	1979	
3199	3495	3142	3499	3482	3540	3583	3518	3503	3076	3461	3386	3419	3569	1405	3554	3542	3007	3409	3058	3580	3184	3407	3525	3392	3472	3326	3591	3588	3435	3487	3502	3530	3466	3242	3494	3517	3421	3352	3410	3253	3432	3529	3539	3565	3463	3218	3477	3581	3567	3531	3577	3445	3300	3514	3520	3081	1355	3430	3208	1769	1881	2591	3550	814	905	366	3551	301	3576	1105	1270	
1740	3602	3582	2982	3588	3579	3408	3095	3421	2868	3455	3409	3554	3466	3562	2943	3503	3419	2798	3576	3552	3580	3574	3482	3540	3352	3058	3300	3581	905	3205	3168	904	3598	707	3392	3517	2855	3430	3477	3297	3081	3435	2451	2547	3242	891	2507	
3546	3168	3544	3545	3209	2943	3414	707	3537	3597	2900	3455	3454	3461	2584	3528	3415	3300	3539	3487	3525	3432	3485	2641	3400	3565	3540	3591	3517	3122	3542	3575	3407	3477	3346	3430	1306	3553	3297	2868	3307	2101	1405	3343	904	48	484	686	201	834	
3489	3524	2426	2412	204	3224	3346	2597	3081	3516	3556	3600	3407	2641	3452	3482	2943	3274	3495	3542	3472	3505	3517	3343	3544	1	2451	3580	3253	3518	3386	3581	3540	707	2855	3487	3575	3563	3578	3592	3574	3419	904	3529	2584	3300	3455	3554	905	3409	1740	3344	3480	3503	3421	3490	3400	3579	3509	3508	3142	2316	3291	3280	3281	3292	2114	1150	2985	207	3479	452	1163	2011	3502	1969	633	2928	3602	3225	1041	2302	2833	903	2301	2345	3569	1070	2798	3249	602	1191	3533	1243	2868	3520	3491	906	2049	3573	1042	489	877	2962	123	4	924	430	228	975	2850	2849	3599	505	3460	1363	490	3340	3329	708	61	566	976	2650	1974	2269	558	1147	1768	1777	1169	491	1502	1021	3601	2573	124	1257	3218	1379	1757	2895	3435	1880	1063	1204	2559	1101	168	1245	2916	2909	349	495	1970	661	1173	652	1722	2380	967	639	2882	3603	3604	3567	1106	799	1422	177	1790	200	873	1170	3323	654	400	1458	2438	2428	2439	1092	1982	968	662	3168	3104	3205	1171	3392	2399	167	1761	1751	1559	3571	3112	3565	3199	3608	2018	2204	3463	1091	2900	2768	3093	1455	3576	3596	3450	2784	1232	777	67	3446	3308	3217	3220	121	3408	363	3532	475	934	
2735	2798	3184	3533	3300	2699	3443	3392	3432	3554	3466	3306	3386	3435	3537	3471	3583	3430	3461	3535	3482	3505	3542	3517	3518	3565	2855	3253	3502	3455	3446	2729	3352	3452	3570	3147	707	3553	3514	3218	3112	3494	3540	3576	2237	2102	
3357	2900	3574	3289	2451	3592	3487	3352	3184	3205	3511	3596	3598	3534	3573	3527	3400	3058	3486	3300	2995	3106	3343	3471	1355	3253	3306	3556	3307	3463	2891	3252	3508	3291	3249	3483	3454	3346	3147	3536	3218	3514	3482	3540	3577	3602	3242	3419	365	614	851	904	686	556	597	535	1195	1038	619	33	373	555	690	370	385	30	498	
3510	3509	3225	3366	3534	3571	3361	657	3428	3199	3418	3511	3567	3530	3410	2082	3477	3409	3562	3505	3326	3272	3546	3442	3407	3535	3553	3147	3518	2451	3539	204	3415	3588	3482	3555	3106	3346	3330	3217	3508	3559	3502	3552	3593	3525	3483	3122	3451	3454	3295	905	3446	3485	3414	3492	3184	3471	3306	3599	3595	3142	3114	654	2995	3532	3357	1161	1102	3297	662	3494	2101	1173	3514	651	3558	3460	3587	3491	38	904	387	799	3551	33	588	67	1036	1171	65	490	68	342	2855	3322	650	3307	852	528	370	690	464	3520	661	619	1106	946	3352	840	555	3591	891	1049	3400	3408	219	3569	3550	1159	846	1559	1379	477	767	652	603	583	626	3463	601	768	941	3598	1082	1768	821	968	62	213	1038	186	283	1661	365	300	124	293	228	1300	1177	3498	931	627	515	1136	3209	1280	633	638	1405	3343	851	3081	742	244	777	21	508	614	942	938	556	597	1222	853	3386	1422	1127	1034	3421	658	1147	695	752	1390	534	1065	473	1035	1264	399	566	1051	1895	1053	113	
653	3459	3594	3447	3529	3578	3495	3015	3461	3556	3450	3496	3570	3559	2900	3432	3520	3346	2641	3238	3552	3542	3168	3095	3147	3400	3274	1405	3581	3553	904	
3480	3479	3481	3570	3413	3344	3529	3492	3582	3015	3539	3493	3514	3205	3120	3392	3253	3328	3520	3602	3554	3252	3058	3505	3542	3482	3562	3274	3463	3421	3491	904	3300	3537	583	626	767	603	601	768	627	
3237	3236	3563	2597	2842	3599	3517	3558	3239	3322	2995	3429	3510	3307	3430	3274	3343	3168	3058	3511	3472	2451	3463	3567	3580	3421	3581	3218	3559	3454	3565	3419	3509	3528	3514	3015	3238	2891	3435	3400	3561	1	3386	291	904	3571	12	528	616	3491	841	889	361	1051	651	588	494	33	705	1102	575	87	3598	7	1682	1622	1678	1621	1623	3432	1127	
1949	2060	1405	3581	3411	3444	1	3443	3472	3502	3531	3587	3517	3573	3445	408	3494	3575	3599	3430	2641	3218	3463	3556	3535	3471	3297	3407	3495	3485	3569	3410	3217	2855	3482	3565	3352	3081	904	253	150	3477	47	
3291	3493	2958	3386	3544	3545	3323	3392	3555	3580	3594	3579	904	2597	3400	3081	3512	3217	3242	3472	3295	3513	3419	3565	3253	2855	3540	3218	3058	3421	3517	3007	3525	3571	3344	905	3477	3465	3532	3343	1102	1264	202	1013	3559	2891	588	1092	840	662	
904	3601	3506	3356	3560	3452	3564	3199	3213	3214	3081	3503	3577	3581	3323	3499	3497	3058	3531	3596	3536	3494	3106	3498	3218	3576	3483	3238	1306	3514	3463	3518	3593	3076	3487	3567	3112	3142	3007	3168	3297	3550	3492	3575	3205	3095	2891	3242	3326	662	3529	1102	3561	588	3520	33	3408	1173	654	3208	1171	38	3569	1422	3413	552	661	652	1379	650	3537	840	631	113	1355	204	3508	3502	223	941	1147	708	64	1502	3594	1106	563	387	3343	3443	542	651	3450	846	1049	228	3491	1082	2729	4	528	1127	799	1157	3565	683	1136	1161	316	967	176	1187	212	1063	490	233	963	472	1332	3562	1757	569	968	906	905	1000	410	124	200	3239	3517	850	3551	615	1035	808	67	3464	638	331	1177	
3378	3362	3443	3114	3451	3253	3558	3593	3601	3556	1405	3537	3563	3581	3540	3366	3343	3525	3479	3455	3539	3576	3573	3419	3147	3249	3602	3587	3534	3591	3491	3553	3598	3485	3300	2104	3582	3122	3218	227	2546	757	905	2508	904	768	445	
3330	3357	3361	3576	3583	3525	3400	3556	3455	3565	3554	3421	3386	3432	3466	3517	3430	3392	3274	3580	2597	3529	3520	905	3495	3460	2943	3415	3539	3505	3540	1690	1452	1674	1693	3588	
3548	3549	3272	3573	3520	3466	3297	3558	3542	3485	3483	3432	3274	3583	3565	3525	3147	3346	3514	3559	3421	2641	3571	3535	3484	3580	3537	3552	3539	904	
3488	3590	3552	3466	3472	3533	3595	1	3253	2798	3479	3554	3578	3599	2855	3274	3573	3415	2641	3502	2868	3446	3564	3242	3494	3537	905	3300	3357	3504	3531	3561	985	3558	3485	982	984	983	3534	3539	3435	465	904	
89	3342	3341	905	3514	3400	3421	904	3556	2995	1405	3480	3386	3565	3274	3058	3432	3343	3419	3520	3081	3392	3588	3430	3598	3576	3366	3435	2641	3418	3563	2451	3525	3242	3537	3542	3583	3253	3463	3114	3095	3558	3534	3168	2900	3546	3587	2404	2405	3573	3357	1444	3482	8	3518	3495	2943	3580	3517	3554	3147	1263	223	3529	3307	1838	219	1703	1483	3579	1680	42	2082	1008	453	851	771	1661	773	487	1037	2097	781	1246	213	1518	398	2597	880	614	1164	1679	3602	615	342	1591	73	
2966	2981	3442	204	3386	3466	3076	3583	904	3592	3460	3435	3554	3392	3495	2426	905	3112	3419	1740	3184	3253	3580	3428	3594	3007	3482	3446	3578	3242	3409	707	3504	3569	1405	1694	1682	1623	1621	1678	1622	3443	3224	3463	3565	463	3570	3514	3430	
3140	3125	3141	3565	2735	3533	3599	3554	3184	3525	3537	3539	3443	3274	3415	3392	904	3386	3483	3466	3435	3242	
3379	3600	2868	3591	3232	742	1	3122	707	3587	3357	3540	3542	945	3571	3463	3081	3142	3550	3514	2597	3556	3307	
3501	3500	477	3495	3539	3540	3487	3579	3409	3525	2868	3463	2995	3554	3122	3567	3428	3472	3415	3343	3573	
