653	3435	3583	3430	3432	3274	3576	3392	3520	3537	3386	3015	2641	3307	3558	3556	2451	3565	1	3529	
3495	3540	3583	3482	3419	3554	3499	3199	3503	1405	3435	3525	3466	3588	3461	3386	3542	3518	3326	3253	3576	3565	3421	3569	3409	3529	3407	3472	3531	3517	3410	3058	3520	3142	2451	3242	904	2641	3430	3392	3214	3300	3573	3498	905	1769	
2082	3534	3599	3517	3455	3343	3559	3307	1	2597	2451	3419	904	3583	3435	3558	3588	3430	3592	3472	3565	3463	3058	3253	2900	3238	3576	3511	3508	3573	3295	3346	3554	
1740	3579	2982	3602	3408	3582	3421	3588	3554	2943	3419	3095	3503	3455	3580	904	3562	3517	3452	3574	3601	3413	3058	3466	3168	905	3529	2451	707	3300	3576	3205	2798	3542	
3602	3081	3558	3576	3352	3253	3553	3556	3593	3552	3147	3366	1405	3419	3520	3563	3588	3443	3514	3307	3529	3582	3058	3459	3565	3525	3232	3409	3537	3114	3122	3435	905	3571	3491	1740	3562	429	
3489	3524	2426	204	2412	3452	3081	2597	3346	3482	3495	3407	3556	3600	2641	3505	2943	3516	3544	3274	3224	3343	3540	2451	707	3592	904	3542	3575	3518	3472	3386	3581	3563	3517	3253	2966	1	3580	3487	905	2584	3409	3300	1740	3480	3574	3529	3419	3490	3455	3344	3400	2985	3508	3509	3602	3491	3503	1163	2316	2928	2301	3281	3280	3569	452	2302	1041	906	2011	2114	3554	3552	2269	1969	3479	4	430	207	2850	228	2849	1070	633	903	602	3576	976	1204	2345	2798	2962	1974	489	3142	2049	2895	877	975	1147	1150	3292	61	3520	1191	1243	708	1042	123	1063	2559	505	2650	2833	2909	2916	1245	3599	661	1502	924	566	1363	491	1790	1257	1379	1757	124	3392	1768	1106	200	168	1101	1880	2882	639	1021	349	799	490	1169	1722	1173	1422	662	2428	2438	2439	3112	2380	2855	1777	652	873	1970	558	3502	2900	654	1559	3533	3603	3604	495	967	177	2573	3249	3435	1982	167	2399	1751	3218	1458	968	3608	1091	1761	1170	2204	3199	400	3421	3104	1092	2784	3546	3573	2018	3168	3352	3205	3093	1171	2768	3548	3308	3460	310	3571	1455	3601	777	3579	3561	3596	3220	
3546	3544	3545	3537	3414	3597	707	2641	3168	3455	2584	3461	2943	3487	2082	3432	2900	3400	3307	3525	3454	3459	3528	3539	1	3122	3565	3485	3300	3430	3407	3517	3435	3346	1306	3527	904	3583	2101	
3487	3199	3205	3289	3596	3142	3530	3184	3574	3518	3577	3058	3529	3357	3252	3536	1355	3344	2451	3081	3573	3356	3479	3562	3494	3550	3307	3497	2891	2900	3352	3208	3106	3602	3291	904	3564	3213	3527	3592	3242	3218	3168	3486	3413	3514	3214	3409	577	431	33	707	650	61	1173	654	38	1106	1238	1161	652	662	64	1502	968	1171	1270	1038	614	851	1049	619	856	631	799	661	542	1422	1163	552	1544	846	113	
3076	3471	3352	3007	3580	3502	3443	3575	3218	3300	3306	3569	3445	3463	3472	3253	3058	3494	3184	3242	3542	3517	3142	3409	3528	1355	3531	3592	3565	3386	3487	3551	3540	2900	707	1306	3527	3407	2102	449	253	343	498	3112	1389	347	150	1289	836	348	
3578	2855	3291	3493	2868	3323	3472	3217	3253	3559	3242	3460	3409	2641	3552	3386	3494	3573	3580	904	3555	3531	3502	1	3218	3081	3579	2958	905	3551	3356	528	
3225	3400	3514	2995	3421	3366	3447	3168	3559	3463	3455	3556	3565	3574	3346	3419	3573	3224	3525	3322	3454	3517	2900	3583	904	3576	707	3307	3504	
3533	3548	3549	2735	3535	3542	3184	3300	3537	3485	3512	3466	3432	3447	3513	3554	3482	3595	2082	2641	3565	3306	3558	1	904	2958	1056	
3581	3567	3477	3488	3411	3444	1	653	3502	2900	3106	3558	3539	3346	904	3556	3410	3525	3459	3588	3407	3495	1405	3518	3357	3503	3218	3527	905	3494	3461	3343	2451	365	
3357	3330	3361	3400	3525	3556	3576	3583	3455	3565	3386	3421	3554	3432	3466	3580	3300	3588	3529	3430	3517	3392	3461	905	2641	3532	
2735	2798	2699	3443	3466	3461	3392	3184	3552	3455	3518	2729	3386	3514	3517	3112	3432	3583	3300	3435	3573	904	707	
3510	3509	3511	3238	3499	3326	3508	3361	3599	3407	3463	3413	1949	3598	3410	3587	3505	3532	3531	3592	3534	3571	3015	3232	3322	3213	3491	3452	3447	3503	3593	3569	3498	2597	3559	3408	3199	3343	3218	3485	3330	3530	2101	204	33	3295	3122	662	3306	3214	3595	2958	654	653	588	3482	3409	1173	1102	840	3414	3496	3553	3464	38	1161	904	852	631	799	387	651	113	1159	2735	1171	3535	3551	650	661	1306	3114	67	563	941	3495	3486	652	836	1177	3209	1379	555	968	850	244	821	464	946	342	3480	619	124	1082	690	1049	490	1038	556	597	186	3601	528	1266	708	1106	1105	365	542	65	3274	1422	1264	68	3366	777	1127	477	12	534	1355	64	1036	37	3307	1297	3415	219	471	300	472	953	1136	421	
3590	3415	3442	3446	3015	3554	3488	3542	3529	3539	3344	3461	3482	3253	3466	3184	3540	3504	1437	2900	3565	3485	904	3595	
3479	3480	3481	3539	3392	3514	3583	3573	3565	3554	3300	3421	3601	3542	1	3520	535	2451	3588	3307	3419	3218	3058	3435	3407	3482	904	905	
3594	3272	3147	3297	3346	3095	3520	3466	3564	3291	3552	3386	904	3573	3558	3421	3580	3392	2451	3527	3419	3565	1306	750	3184	905	
3591	3379	3600	3209	2868	3168	3454	3540	3455	2900	3300	2943	3587	1	707	3588	1140	3184	3486	3527	3122	3307	2101	904	
3570	3483	3505	3492	3582	3482	3480	3120	3328	3493	3205	3562	3529	3142	3184	3517	1405	3479	3494	3252	3413	3466	3199	2735	3300	3484	3340	3329	3409	3595	3554	904	3465	3516	653	627	768	626	767	601	583	603	3455	3386	708	387	1232	
89	3342	3341	3598	1405	905	3556	3400	3343	2995	2451	3432	3058	3520	2641	3495	3430	904	3565	3274	3386	3421	2900	3514	3242	3588	3563	3435	3537	3529	3392	3114	3253	3542	3419	3488	3482	3583	3472	3525	3576	3480	3518	3554	3447	3366	3015	1263	3463	3081	1903	1164	1189	1838	3558	1679	223	3168	1444	1482	697	
3418	3450	3428	3511	3496	3571	3421	3249	3015	3400	2597	3461	3514	2900	3601	3486	3366	3454	3419	3529	3106	3542	3508	3525	3295	3518	3205	3114	3058	3300	3306	3356	768	626	583	3493	601	767	603	3498	627	3495	904	3550	641	3573	3556	654	1102	
3357	2451	3239	3534	657	3429	3506	2842	3555	3560	3528	2082	3459	3563	3561	2995	3562	905	3552	3184	2891	3322	3488	1949	3419	3386	3558	3574	3400	3274	3430	3435	1405	3343	904	3588	3511	3366	575	1102	3485	33	588	1127	1173	3361	3307	3392	38	528	3295	67	64	3454	1171	204	569	840	
3378	3362	3451	3253	3540	3114	3546	3556	3443	3539	3479	3573	3525	3455	3558	3601	3343	3300	3430	3485	3537	3218	3588	3447	904	3583	3517	3542	
1405	2060	1949	408	3517	3495	3587	1	3502	707	3300	3407	3565	55	2641	3485	3573	3432	3472	3482	3081	3531	3430	
3141	3125	3140	3565	3525	3554	3386	3184	3537	3443	3466	3455	3435	904	3539	3242	
3237	3236	283	2958	3558	3517	3168	3563	3580	2597	3599	2842	3307	3058	3218	2451	3594	3472	2995	1	3565	904	3322	3343	3242	2891	3430	1678	1623	1682	1621	1622	3392	1694	3112	3556	3592	1037	463	424	1676	433	104	3291	585	578	
2981	2966	89	651	204	1300	905	113	3466	3357	3531	1740	904	3142	3184	3485	3076	
3501	3500	3540	3495	3579	3487	477	3409	3122	3539	3602	3554	3552	3525	3580	3421	3343	3307	3485	3491	3542	1904	2684	2548	2550	2549	
