3583	3386	3392	3435	3466	3554	3540	3419	3495	3576	3565	3517	3588	3430	3432	3455	3199	3542	3580	3058	3574	3569	3525	
3274	653	3520	3430	3435	3576	3432	3583	3307	3556	3510	1	3392	3529	3558	3015	2842	3509	3552	291	
3537	2641	3546	3591	3455	2082	3414	3300	3168	3307	3461	3565	3435	3485	3542	3588	3583	3432	707	3122	653	2735	2584	3447	3487	3553	1405	3430	1	2101	
3503	3499	3518	3199	1405	3494	3326	3531	3495	3410	3482	3409	2451	3472	3502	3569	904	3577	3540	3529	3581	3058	3407	3488	3539	3520	3461	3573	3463	3567	3289	3445	3542	3142	3356	3213	3580	1355	3081	3550	3419	3525	3214	3487	3498	3588	3479	3208	3601	3556	1	3218	316	1881	1105	326	399	301	687	1769	2533	542	1020	
3489	3524	2426	204	2412	2641	2943	2597	3346	2451	3081	3224	3556	3452	3580	3407	3472	3600	3581	3482	3343	3542	3516	3544	3495	707	3253	3517	3518	3274	1	3505	1740	3574	3487	3575	3563	2855	3592	3540	905	3400	3419	3503	3455	904	3554	3409	2584	3291	3344	3386	3300	2868	3480	3578	3509	2966	3490	3579	2316	2985	452	2928	2011	3281	3280	3552	207	2114	3479	3292	633	1163	1150	877	903	2302	3573	1041	1969	2301	3529	489	3569	2345	1070	4	906	602	3491	2269	1191	430	228	2049	2650	3249	1243	2962	566	1042	124	123	61	2850	976	2849	3502	491	1974	1257	1245	1790	975	2833	873	708	3323	3460	924	1777	1147	3421	1502	1363	1021	505	639	2916	1757	200	1768	2909	2559	1063	1101	1204	2895	1169	661	2882	652	1106	168	799	1880	349	2573	3205	495	1379	558	1970	177	490	967	1422	1722	2380	3142	1458	3604	3603	1173	3601	3508	2399	662	654	1982	2439	2438	2428	1092	3168	167	968	400	1751	1559	3218	1170	3520	1761	3596	3608	2768	3199	1091	2204	3104	3112	3093	1171	2018	3599	1455	2784	310	3576	3308	3012	777	121	2157	3546	
3559	3225	3514	3366	3421	3558	3599	3455	3400	2995	2597	3573	3463	3168	3419	3565	3576	3454	3307	3430	3472	3539	3588	3525	3517	3346	3058	3556	3583	3553	3224	3592	
3352	3184	3300	3487	3253	3242	3471	3306	3291	3147	3596	3594	3142	3058	3530	3357	3218	3495	3482	3479	3502	1355	3527	3443	3592	3472	1306	3205	3307	3580	3569	3208	
2082	3534	3517	3599	1	3307	3455	3583	3565	3554	3253	3482	3419	3343	3576	3407	3592	3446	3346	3058	3463	3184	3480	707	
3361	3510	3509	3225	657	3199	1949	3546	3366	3386	204	3534	3530	3330	3574	3511	3323	3411	3562	3114	3357	3587	3599	3414	3592	3407	3496	904	3447	3567	3106	3409	3559	3450	654	3444	662	3569	3272	1102	2995	3442	3217	1173	33	3485	588	3578	3408	2584	799	1161	3058	3446	3494	38	3477	651	2060	3356	3553	3295	3591	3531	3550	3463	3593	3505	3555	3596	3122	3451	650	3213	1379	2101	67	3326	3142	3454	1355	968	1171	3400	3498	3306	490	3392	65	387	852	3571	905	661	3573	3532	3577	3491	464	2982	124	1106	528	946	555	846	690	1422	941	652	3410	552	631	68	3464	3205	1049	2082	3527	840	3471	3214	3184	2855	228	342	1159	3601	3297	365	1082	566	283	3493	851	3218	3413	3289	1105	3429	619	614	64	563	708	3249	219	637	836	113	1895	3346	1264	633	534	300	186	1768	3597	597	1177	906	370	1502	556	2842	304	786	3208	777	1232	3588	508	967	1053	613	601	477	858	884	1038	3428	1127	931	3539	1147	1092	1280	626	1136	3322	1222	751	627	1036	768	1757	583	797	1035	12	801	767	227	742	1300	472	1777	1063	1306	535	408	2891	603	1041	37	3488	3362	1051	354	658	756	471	1195	3561	343	168	991	271	821	374	542	1128	891	233	
3602	3582	2982	3408	3579	3562	3421	3529	2798	3588	3578	3409	3455	3503	3450	3142	3300	3413	3482	3205	3601	3461	3058	2943	3552	3168	707	574	491	
1740	3095	3297	3594	3602	3451	3576	3495	3419	3540	3582	3081	905	3272	3588	3343	3581	3565	3346	3432	3479	3554	3563	3274	2735	3601	3253	3409	3583	904	3058	3546	3168	3527	3291	3517	2597	460	326	3552	
3015	3570	3511	3529	3205	3514	3081	3542	3556	3252	3344	3574	3461	3496	3447	3479	3249	3573	3525	3289	3413	3482	2597	3142	3450	3058	3552	
2451	3459	3357	2943	3400	3528	3430	3322	3239	3558	3343	3432	3421	3429	905	3517	3552	3435	2995	3218	3527	3487	3346	3535	3563	3561	3580	3450	2082	3447	3454	1233	
3533	3505	3492	3184	3466	3535	2798	3480	3595	3554	3502	653	3537	3300	3460	3120	3452	3514	3328	3392	2735	3112	3218	3217	3482	2868	3552	3494	3542	3581	3463	3553	3551	1405	3479	3578	264	1159	588	253	1102	300	661	654	597	641	556	374	387	
3378	3362	3558	3147	3253	3114	3443	3556	3593	3366	1405	3525	3576	3552	3537	3563	3581	3419	3601	3491	3455	3081	3540	3409	3553	2104	
3493	2855	2868	1	2958	3555	3323	3558	3392	3559	3594	3512	3295	904	3513	3580	3291	3472	3307	3218	3579	3565	3552	2735	3409	3517	3217	3329	3340	3532	3516	3502	3344	3386	67	2578	
2900	3418	3571	3477	3421	3357	3588	3106	3567	3232	3419	3428	3602	653	3525	3346	2891	3574	3147	3400	3463	3518	1	2943	515	685	
3544	3545	3597	3581	3546	3444	3411	3472	3579	3525	3539	1	2900	3528	3461	3454	3346	3430	3407	2943	3432	3477	2584	3517	3588	3122	3482	3400	3495	1306	707	3455	3218	3409	3463	3558	3168	48	296	1923	
89	3342	3341	3386	905	3520	2995	3565	1405	3058	3392	3400	3419	3514	3435	3583	3556	3366	3432	3447	3537	3421	3430	2641	3529	3253	3081	3534	3579	3580	3272	3588	3576	3418	3496	3274	3450	880	1725	1726	3495	1850	2900	1562	3242	2405	2404	3517	3563	2451	3542	2403	3558	3147	781	1700	2597	771	70	3554	1838	1598	3555	1469	3472	3168	465	1310	3466	1539	1719	1919	429	1868	842	3307	
3361	3357	3330	3525	3576	3556	3400	3583	3455	3565	3421	3432	3580	3430	3529	2943	3517	905	3588	1690	1452	1693	1674	
3590	3415	3488	3253	3578	3461	3540	3573	3539	3518	3242	3443	3485	2891	3504	3482	3455	3446	3346	3552	1860	3479	3554	
2735	2798	2699	3432	3443	3392	3461	3576	3184	2729	3583	3533	3518	3525	3514	3430	3517	3581	3552	3435	3520	3565	3479	
3379	3600	3209	2868	707	3587	3168	3540	1949	1	3454	2943	3471	3455	3487	3289	
3480	3479	3481	3539	3520	1641	535	3482	3344	3588	3565	3554	3421	3601	3583	3576	3517	3392	3199	3581	3058	3253	3542	905	3552	3435	3307	3407	
3548	3549	3272	3466	3520	3533	3542	3432	3573	3297	3580	3447	3147	3558	3400	904	3485	3291	3552	1306	3525	
904	3238	3564	651	3536	113	3199	3452	3601	3289	3421	3491	3352	3552	3106	3551	3537	2597	3517	3300	3432	3463	3542	3081	3058	3592	653	3479	2451	3554	3514	3205	3540	3588	3577	3576	3500	3597	1355	2082	3142	3539	3525	3487	3534	3596	1398	3529	1373	2900	1395	1397	3015	387	3168	1396	33	472	3591	3435	3400	542	3419	1173	3567	
3141	3125	3140	3565	2735	3533	3184	3525	3435	3539	3554	3537	3443	3455	904	3346	3491	
1949	1405	2060	408	1	3495	3502	564	3517	3430	3472	3432	707	3482	3447	3081	
3237	3236	3168	2597	3563	2842	3580	3307	3594	3558	3472	3058	3517	3599	3581	904	3253	3556	1621	1682	1678	1622	1623	3242	3274	1694	3343	3565	3461	3567	3432	3418	463	2584	3352	3291	707	3428	2451	3419	3209	3488	3546	3392	3112	2995	1137	3504	783	424	1025	383	165	1283	
2981	2966	3442	204	1740	3466	1405	3570	3482	3592	3446	3443	3554	3112	905	3386	3542	3409	3578	904	3565	3142	3184	1791	3569	
3076	3007	3575	3443	3580	3445	3217	3551	3494	3502	3463	3569	3142	3218	2735	3479	3454	
3598	3483	3343	89	3480	3556	2451	3484	1405	904	3291	1306	3488	
3508	3486	3506	3560	3497	904	2995	3168	3218	3081	3291	3563	3356	3562	3579	3413	3465	3343	3561	3556	3567	945	1173	1973	3574	38	1422	563	840	
3500	3501	477	3495	3409	3540	3487	3579	3122	3525	3552	
