0	2290	0.08333	0.08333	371.03208	0.08333	0.08333	0.08333	0.08333	0.08333	0.08333	2.13459	0.08333	0.08333
1	2363	0.08333	3.09592	368.54174	0.08333	0.08333	0.08333	0.08333	0.08333	0.08333	1.61234	0.08333	0.08333
2	2346	0.08333	0.08333	0.08333	0.08333	0.08333	373.08333	0.08333	0.08333	0.08333	0.08333	0.08333	0.08333
3	2025	0.08333	0.08333	0.08333	0.08333	0.08333	373.08333	0.08333	0.08333	0.08333	0.08333	0.08333	0.08333
4	2140	0.08333	3.43735	368.56572	0.08333	0.08333	0.08333	0.08333	0.08333	0.08333	1.24693	0.08333	0.08333
5	2428	0.08334	12.01654	357.04566	0.08333	0.08333	0.08333	0.08333	0.08333	0.08333	4.18780	0.08333	0.08333
6	2201	0.08333	5.43229	367.02192	0.08333	0.08333	0.08333	0.08333	0.08333	0.08333	0.79578	0.08333	0.08333
7	2506	0.08337	9.43798	360.67100	0.08333	0.08334	0.08333	0.08333	3.14098	0.08333	0.08333	0.08333	0.08333
8	2425	0.08336	0.08333	0.08337	77.36189	0.08333	0.08333	295.80471	0.08333	0.08334	0.08333	0.08333	0.08333
9	2557	0.08333	0.08333	0.08333	0.08333	0.08333	0.08333	373.08333	0.08333	0.08333	0.08333	0.08333	0.08333
10	2532	0.08333	3.68560	365.90293	0.08333	0.08333	0.08333	0.08333	0.08333	0.08333	3.66147	0.08333	0.08333
11	2073	0.08333	4.51816	365.25157	0.08333	0.08333	0.08333	0.08333	0.08333	0.08333	3.48027	0.08333	0.08333
12	2278	0.08338	2.28359	355.67376	0.08333	7.03412	0.08333	6.15904	0.08333	0.08333	2.26611	0.08333	0.08333
13	2551	0.08337	2.49002	365.91322	0.08333	4.84673	0.08333	0.08333	0.08333	0.08334	0.08333	0.08333	0.08333
14	2077	0.08333	0.08333	373.08333	0.08333	0.08333	0.08333	0.08333	0.08333	0.08333	0.08333	0.08333	0.08333
15	2369	0.08333	2.25462	367.31993	0.08333	0.08333	0.08333	0.08333	0.08333	0.08333	3.67546	0.08333	0.08333
16	1465	335.26497	0.08334	0.08342	4.28929	20.65822	0.08333	0.08333	0.08333	13.12076	0.08333	0.08333	0.08333
17	2592	291.40167	0.08333	0.08335	9.94893	33.56358	0.08333	0.08333	0.08333	38.41914	0.08333	0.08333	0.08333
18	2046	0.08333	0.08333	373.08333	0.08333	0.08333	0.08333	0.08333	0.08333	0.08333	0.08333	0.08333	0.08333
19	1941	160.57859	3.70737	175.02363	6.36696	18.94441	0.08333	0.08333	1.77905	7.18251	0.08414	0.08333	0.08333
20	2518	286.79179	25.60546	0.08339	0.08333	0.08333	0.08333	13.59698	0.08333	47.33905	0.08333	0.08333	0.08333
21	2132	250.64627	0.08333	0.08334	0.08333	0.08333	0.08333	0.08333	0.08333	122.52039	0.08333	0.08333	0.08333
22	2650	0.08333	0.08333	0.08333	373.08333	0.08333	0.08333	0.08333	0.08333	0.08333	0.08333	0.08333	0.08333
23	2207	0.08333	0.08333	0.08333	373.08333	0.08333	0.08333	0.08333	0.08333	0.08333	0.08333	0.08333	0.08333
24	2553	0.08333	0.08333	370.90061	2.26605	0.08333	0.08333	0.08333	0.08333	0.08333	0.08333	0.08333	0.08333
25	2078	0.08338	6.36493	361.92913	0.08333	0.08334	0.08333	0.08333	1.92773	0.08333	3.11149	0.08333	0.08333
26	2203	345.90630	0.08333	0.08333	0.08333	0.08333	0.08334	27.26036	0.08333	0.08333	0.08333	0.08333	0.08333
27	2143	294.19897	0.08333	0.08334	0.08333	14.57193	64.47909	0.08333	0.08333	0.08333	0.08333	0.08333	0.08333
28	2224	342.26885	0.08333	0.08333	0.08333	9.04152	0.08333	3.42096	0.08333	18.60201	0.08333	0.08333	0.08333
29	2510	340.64716	0.08333	0.08333	3.45469	11.32959	0.08333	0.08333	0.08333	17.90189	0.08333	0.08333	0.08333
30	2240	0.08334	8.53727	361.68698	0.08333	0.08333	0.08333	0.08333	0.08333	0.08333	3.02574	0.08333	0.08333
31	2563	0.08333	0.08333	369.63808	0.08333	0.08333	0.08333	0.08333	0.08333	0.08333	3.52858	0.08333	0.08333
32	2122	0.08333	0.08333	370.47509	0.08333	0.08333	0.08333	0.08333	0.08333	0.08333	2.69157	0.08333	0.08333
33	2118	0.08333	4.68074	364.95898	0.08333	0.08333	0.08333	0.08333	0.08333	0.08333	3.61028	0.08333	0.08333
34	1944	0.08333	0.08333	0.08333	0.08333	0.08333	0.08333	373.08333	0.08333	0.08333	0.08333	0.08333	0.08333
35	2117	266.12831	0.08333	0.08333	0.08334	27.65458	0.08333	49.98897	0.08333	15.53692	0.08333	0.08333	14.10788
36	2611	0.08334	27.90718	345.25948	0.08333	0.08333	0.08333	0.08333	0.08333	0.08333	0.08333	0.08333	0.08333
37	2184	0.08334	12.44878	356.45029	0.08333	0.08333	0.08333	0.08333	0.08333	0.08333	4.35093	0.08333	0.08333
38	2354	0.08333	2.69950	364.51923	0.08333	0.08333	0.08333	0.08333	0.08333	0.08333	6.03127	0.08333	0.08333
39	2169	362.23721	0.08333	0.08333	0.08333	10.92946	0.08333	0.08333	0.08333	0.08333	0.08333	0.08333	0.08333
40	2283	313.39130	0.08333	0.08333	0.08334	21.44264	0.08333	5.29291	0.08333	23.82653	0.08333	0.08333	9.46328
41	2620	0.08333	0.08333	0.08333	0.08333	0.08333	373.08333	0.08333	0.08333	0.08333	0.08333	0.08333	0.08333
42	1998	0.08333	0.08333	0.08333	0.08333	0.08333	373.08333	0.08333	0.08333	0.08333	0.08333	0.08333	0.08333
43	2654	0.08333	0.08333	370.57922	0.08333	0.08333	0.08333	0.08333	0.08333	0.08333	2.58745	0.08333	0.08333
44	2646	0.08338	13.86577	350.16955	0.08333	0.08333	0.08333	2.91005	0.08333	0.08334	6.38792	0.08333	0.08333
45	2228	0.08333	0.08333	0.08333	0.08333	0.08333	0.08333	0.08333	0.08333	0.08333	0.08333	0.08333	373.08333
46	2082	0.08333	0.08333	0.08333	0.08333	0.08333	0.08333	0.08333	0.08333	0.08333	0.08333	0.08333	373.08333
47	1979	0.08333	2.98523	368.72197	0.08333	0.08333	0.08333	0.08333	0.08333	0.08333	1.54280	0.08333	0.08333
48	2484	0.08333	0.08333	373.08333	0.08333	0.08333	0.08333	0.08333	0.08333	0.08333	0.08333	0.08333	0.08333
49	2257	0.08333	6.57270	365.65990	0.08333	0.08333	0.08333	0.08333	0.08333	0.08333	1.01741	0.08333	0.08333
50	2005	0.08333	0.08333	368.17091	0.08333	0.08333	0.08333	0.08333	0.08333	0.08333	4.99575	0.08333	0.08333
51	2560	0.08337	10.34850	346.78268	12.12305	0.08334	0.08333	0.08333	0.08333	0.08334	4.07906	0.08333	0.08333
52	1962	0.08333	2.11553	371.05114	0.08333	0.08333	0.08333	0.08333	0.08333	0.08333	0.08333	0.08333	0.08333
53	2206	0.08333	6.21492	363.98941	0.08333	0.08333	0.08333	0.08333	0.08333	0.08333	3.04567	0.08333	0.08333
54	2520	0.08334	7.02803	363.85012	0.08333	0.08333	0.08333	0.08333	0.08333	0.08333	2.37184	0.08333	0.08333
55	2104	0.08333	0.08333	368.88599	0.08333	0.08333	0.08333	0.08333	0.08333	0.08333	4.28067	0.08333	0.08333
56	2602	0.08334	14.85711	355.63215	0.08333	0.08333	0.08333	0.08333	0.08333	0.08333	2.76073	0.08333	0.08333
57	2521	0.08333	0.08333	362.35948	2.75112	0.08335	0.08333	0.08334	0.08333	0.08333	8.13938	0.08333	0.08333
58	2233	0.08344	2.44921	345.75258	0.08333	8.48260	0.08334	13.84998	0.08333	0.08334	2.88220	0.08333	0.08333
59	2200	0.08333	8.51674	364.28292	0.08333	0.08333	0.08333	0.08333	0.08333	0.08333	0.45034	0.08333	0.08333
60	2294	317.27300	0.08333	0.08333	0.08333	0.08333	0.08333	3.49686	0.08333	52.48015	0.08333	0.08333	0.08333
61	1981	0.08333	0.08333	0.08333	0.08333	0.08333	0.08333	0.08333	0.08333	373.08333	0.08333	0.08333	0.08333
62	2187	335.42626	0.08333	0.08333	0.08333	31.79304	0.08333	0.08333	0.08333	6.03069	0.08333	0.08333	0.08333
63	1916	347.46223	0.08333	0.08333	0.08333	0.08333	0.08333	9.53109	0.08333	16.25668	0.08333	0.08333	0.08333
64	1945	322.59566	0.08333	0.08333	0.08333	15.16513	0.08333	2.73586	0.08333	32.83667	0.08333	0.08333	0.08333
65	1959	263.13964	0.08333	0.08335	0.08333	27.82168	0.08333	0.08333	0.08333	82.28865	0.08333	0.08333	0.08333
66	1971	0.08333	2.54810	366.55056	0.08333	0.08333	0.08333	0.08333	0.08333	0.08333	4.15134	0.08333	0.08333
67	2436	355.82748	0.08333	0.08333	0.08333	10.46923	0.08333	0.08333	0.08333	6.95329	0.08333	0.08333	0.08333
68	2042	343.45808	0.08333	0.08333	4.21658	25.57533	0.08333	0.08334	0.08333	0.08333	0.08333	0.08333	0.08333
69	2084	0.08334	30.31654	342.85012	0.08333	0.08333	0.08333	0.08333	0.08333	0.08334	0.08333	0.08333	0.08333
70	2624	0.08333	2.32410	363.04872	4.10858	0.08333	0.08333	0.08333	0.08333	0.08333	3.85193	0.08333	0.08333
71	2364	0.08333	0.08333	0.08333	0.08333	0.08333	373.08333	0.08333	0.08333	0.08333	0.08333	0.08333	0.08333
72	1991	0.08333	0.08333	0.08333	0.08333	0.08333	373.08333	0.08333	0.08333	0.08333	0.08333	0.08333	0.08333
73	2110	0.08333	0.08333	0.08333	0.08333	0.08333	0.08333	0.08333	0.08333	373.08333	0.08333	0.08333	0.08333
74	2029	0.08335	0.08333	0.08333	0.08333	0.08333	0.08333	206.34642	0.08333	166.82023	0.08333	0.08333	0.08333
75	2607	0.08333	2.69648	369.17047	0.08333	0.08333	0.08333	0.08333	0.08333	0.08333	1.38305	0.08333	0.08333
76	2649	340.38628	0.08333	0.08333	0.08333	7.13045	0.08333	3.76363	0.08333	22.05297	0.08333	0.08333	0.08333
77	2087	330.19219	0.08333	0.08334	7.67348	35.38432	0.08333	0.08333	0.08333	0.08334	0.08333	0.08333	0.08333
78	2188	0.08333	7.23470	361.33110	0.08333	0.08333	0.08333	0.08333	0.08333	0.08333	4.68420	0.08333	0.08333
79	2477	0.08333	0.08333	373.08333	0.08333	0.08333	0.08333	0.08333	0.08333	0.08333	0.08333	0.08333	0.08333
80	2386	0.08333	2.82280	370.34386	0.08333	0.08333	0.08333	0.08333	0.08333	0.08333	0.08333	0.08333	0.08333
81	2543	140.28803	1.62599	197.82036	0.08333	16.81050	0.08333	2.68980	0.08333	11.86762	2.48103	0.08333	0.08333
82	2604	0.08334	4.40356	363.42851	2.04759	0.08333	0.08333	0.08333	0.08333	0.08333	3.45366	0.08333	0.08333
83	2561	0.08338	10.02314	358.25153	0.08333	0.08334	0.08333	0.08333	2.53896	0.08333	2.51965	0.08333	0.08333
84	2433	0.08333	0.08333	370.52851	0.08333	0.08333	0.08333	0.08334	0.08333	0.08333	0.08333	0.08333	2.63815
85	2496	0.08333	0.08333	0.08333	0.08333	373.08333	0.08333	0.08333	0.08333	0.08333	0.08333	0.08333	0.08333
86	2153	338.68196	0.08333	0.08335	0.08333	31.48303	0.08333	0.08333	0.08333	3.08500	0.08333	0.08333	0.08333
87	2536	12.31284	6.35352	348.46720	6.19978	0.08333	0.08333	0.08333	0.08333	0.08333	0.08333	0.08333	0.08333
88	2482	0.08333	8.14813	361.10218	0.08333	0.08333	0.08333	0.08333	0.08333	0.08333	3.99969	0.08333	0.08333
89	2512	302.11395	55.77345	0.08338	0.08333	4.34455	0.08333	11.10135	0.08333	0.08333	0.08333	0.08333	0.08333
90	2010	373.08333	0.08333	0.08333	0.08333	0.08333	0.08333	0.08333	0.08333	0.08333	0.08333	0.08333	0.08333
91	2103	0.08333	10.02351	358.61747	0.08333	0.08333	0.08333	0.08333	0.08333	0.08333	4.60902	0.08333	0.08333
92	2253	0.08333	3.03275	363.42603	0.08333	0.08333	0.08333	0.08333	0.08333	0.08333	6.79122	0.08333	0.08333
93	2500	0.08333	0.08333	368.88644	0.08333	0.08333	0.08333	0.08333	0.08333	0.08333	4.28023	0.08333	0.08333
94	2063	0.08335	5.81980	359.42469	0.08333	0.08333	0.08333	0.08333	0.08333	3.19503	4.89379	0.08333	0.08333
95	2509	309.39976	0.08333	0.08334	0.08333	0.08333	0.08333	0.08333	0.08333	63.76690	0.08333	0.08333	0.08333
96	2399	330.91371	0.08333	0.08333	15.07459	0.08333	0.08333	10.02348	0.08333	17.32156	0.08333	0.08333	0.08333
97	2150	0.08333	4.60779	363.11519	0.08335	0.08333	0.08333	0.08337	0.08333	0.08334	3.55357	2.05673	0.08333
98	2030	0.08333	2.36976	367.01199	0.08333	0.08333	0.08333	0.08333	0.08333	0.08333	3.86826	0.08333	0.08333
99	2374	0.08333	0.08333	373.08333	0.08333	0.08333	0.08333	0.08333	0.08333	0.08333	0.08333	0.08333	0.08333
100	1986	0.08333	7.64300	365.52367	0.08333	0.08333	0.08333	0.08333	0.08333	0.08333	0.08333	0.08333	0.08333
101	2630	0.08333	2.28216	368.70306	0.08333	0.08333	0.08333	0.08333	0.08333	0.08333	2.26478	0.08333	0.08333
102	2376	0.08333	6.51974	364.53956	0.08333	0.08333	0.08333	0.08334	0.08333	0.08333	0.08333	0.08333	2.19069
103	2326	0.08333	2.66750	364.61817	0.08333	0.08333	0.08333	0.08333	0.08333	0.08333	5.96433	0.08333	0.08333
104	2172	0.08333	8.15167	363.22217	0.08333	0.08333	0.08333	0.08333	0.08333	0.08333	1.87616	0.08333	0.08333
105	2133	266.75182	0.08333	0.08334	37.67928	9.76669	0.08333	50.28602	0.08333	0.08335	0.08333	0.08333	8.93284
106	2296	0.08335	0.08333	0.08333	280.58499	0.08333	0.08333	92.58165	0.08333	0.08334	0.08333	0.08333	0.08333
107	2626	0.08333	0.08333	0.08333	0.08333	0.08333	373.08333	0.08333	0.08333	0.08333	0.08333	0.08333	0.08333
108	2097	0.08333	0.08333	0.08333	0.08333	0.08333	373.08333	0.08333	0.08333	0.08333	0.08333	0.08333	0.08333
109	2093	0.08333	2.50919	364.53773	2.20448	0.08333	0.08333	0.08333	0.08333	0.08333	4.08194	0.08333	0.08333
110	2391	0.08333	77.96298	295.20369	0.08333	0.08333	0.08333	0.08333	0.08333	0.08333	0.08333	0.08333	0.08333
111	2275	0.08333	0.08333	369.00200	0.08333	0.08333	0.08333	0.08333	0.08333	0.08333	4.16467	0.08333	0.08333
112	1984	0.08333	6.53783	366.62883	0.08333	0.08333	0.08333	0.08333	0.08333	0.08333	0.08333	0.08333	0.08333
113	2347	131.96634	3.87955	226.00043	0.08334	8.29740	0.08333	0.08333	0.08333	2.96633	0.38994	0.08333	0.08333
114	2550	0.08334	4.64100	361.40310	4.87440	0.08333	0.08333	0.08333	0.08333	0.08333	2.41483	0.08333	0.08333
115	2047	212.58092	0.08333	0.08334	45.05411	25.62639	0.08333	32.34333	0.08333	0.08334	0.08333	0.08333	57.81191
116	1932	356.08759	0.08333	0.08333	0.08333	17.07907	0.08333	0.08333	0.08333	0.08333	0.08333	0.08333	0.08333
117	2655	0.08333	2.34792	368.57032	0.08333	0.08333	0.08333	0.08333	0.08333	0.08333	2.33176	0.08333	0.08333
118	1994	0.08338	0.08333	0.08334	0.08333	354.54112	0.08333	0.08333	0.08333	18.62549	0.08333	0.08333	0.08333
119	2292	303.29591	0.08334	0.08338	17.21767	28.87335	0.08333	6.28088	0.08333	17.74881	0.08333	0.08333	0.08333
120	2109	0.08333	0.08333	370.25950	0.08333	0.08333	0.08333	0.08333	0.08333	0.08333	2.90716	0.08333	0.08333
121	2040	0.08336	7.41037	353.16756	9.66490	0.08337	0.08333	0.08333	0.08333	0.08335	3.09043	0.08333	0.08333
122	2086	0.08334	7.47823	364.58019	0.08333	0.08333	0.08333	0.08333	0.08333	0.08333	1.19158	0.08333	0.08333
123	2460	0.08333	7.89314	361.83227	0.08333	0.08333	0.08333	0.08333	0.08333	0.08333	3.52459	0.08333	0.08333
124	2597	311.06247	0.08333	0.08336	0.08333	40.00448	0.08333	0.08333	0.08333	22.18301	0.08333	0.08333	0.08333
125	2282	297.64065	0.08333	0.08333	0.08334	14.16470	0.08333	7.94925	0.08333	53.57872	0.08333	0.08333	0.08334
126	2511	302.01408	0.08333	0.08333	0.08333	2.91275	0.08333	2.81778	0.08333	65.58872	0.08333	0.08333	0.08333
127	2598	315.40507	0.08333	0.08333	0.08333	15.28750	0.08333	0.08333	0.08333	42.55743	0.08333	0.08333	0.08333
128	2638	0.08333	0.08333	368.52938	0.08333	0.08333	0.08333	0.08333	0.08333	0.08333	4.63729	0.08333	0.08333
129	2390	0.08333	0.08333	0.08333	0.08333	0.08333	0.08333	0.08333	0.08333	373.08333	0.08333	0.08333	0.08333
130	2096	0.08333	0.08333	0.08333	0.08333	0.08333	0.08333	0.08333	0.08333	373.08333	0.08333	0.08333	0.08333
131	2218	0.08334	12.44334	358.05916	0.08333	0.08333	0.08333	0.08333	0.08333	0.08333	2.74750	0.08333	0.08333
132	1917	0.08333	4.10465	369.06202	0.08333	0.08333	0.08333	0.08333	0.08333	0.08333	0.08333	0.08333	0.08333
133	2353	0.08333	4.59503	368.57164	0.08333	0.08333	0.08333	0.08333	0.08333	0.08333	0.08333	0.08333	0.08333
134	2625	0.08333	0.08333	369.02245	0.08333	0.08333	0.08333	0.08333	0.08333	0.08333	4.14421	0.08333	0.08333
135	2194	316.42263	0.08333	0.08339	0.08333	30.69902	0.08333	0.08333	0.08333	26.12829	0.08333	0.08333	0.08333
136	2289	274.88727	0.08333	0.08333	29.37691	4.63852	0.08333	50.60303	0.08333	0.08334	0.08333	0.08333	13.91093
137	2323	0.08333	0.08333	373.08333	0.08333	0.08333	0.08333	0.08333	0.08333	0.08333	0.08333	0.08333	0.08333
138	2410	0.08334	19.16054	350.91732	0.08333	0.08333	0.08333	0.08333	0.08333	0.08333	3.17214	0.08333	0.08333
139	2631	0.08333	13.32086	359.84580	0.08333	0.08333	0.08333	0.08333	0.08333	0.08333	0.08333	0.08333	0.08333
140	2111	287.41399	0.08333	0.08333	0.08333	26.59265	0.08333	0.08333	0.08333	59.24336	0.08333	0.08333	0.08333
141	2062	0.08333	0.08333	0.08333	0.08333	0.08333	0.08333	0.08333	0.08333	373.08333	0.08333	0.08333	0.08333
142	2059	0.08333	2.31000	367.17053	0.08333	0.08333	0.08333	0.08333	0.08333	0.08333	3.76947	0.08333	0.08333
143	1938	0.08333	6.88674	362.97782	0.08333	0.08333	0.08333	0.08333	0.08333	0.08333	3.38544	0.08333	0.08333
144	2060	0.08334	3.81593	348.12672	0.08333	0.08334	0.08333	9.96225	0.08333	11.42842	0.08333	0.08333	0.08333
145	1939	244.15352	0.08333	0.08333	0.08333	0.08333	0.08333	0.08333	0.08333	129.01315	0.08333	0.08333	0.08333
146	2264	295.43694	0.08333	0.08333	0.08333	21.53480	0.08333	0.08333	0.08333	56.27826	0.08333	0.08333	0.08333
147	2574	0.08333	0.08333	373.08333	0.08333	0.08333	0.08333	0.08333	0.08333	0.08333	0.08333	0.08333	0.08333
148	2579	0.08333	0.08333	369.78949	0.08333	0.08333	0.08333	0.08333	0.08333	0.08333	3.37718	0.08333	0.08333
149	2419	304.85294	0.08333	0.08333	0.08333	0.08333	0.08333	68.31372	0.08333	0.08333	0.08333	0.08333	0.08333
150	2491	319.31975	0.08333	0.08333	0.08333	10.28126	0.08333	3.25219	0.08333	40.48013	0.08333	0.08333	0.08333
151	2468	58.54375	0.08334	296.56736	5.52861	3.55899	0.08333	0.08334	0.08333	7.07316	2.22813	0.08333	0.08333
152	2615	0.08333	4.21805	368.94861	0.08333	0.08333	0.08333	0.08333	0.08333	0.08333	0.08333	0.08333	0.08333
153	2507	0.08333	11.40253	357.87087	0.08333	0.08333	0.08333	0.08333	0.08333	0.08333	3.97660	0.08333	0.08333
154	2564	0.08333	6.92410	362.92290	0.08333	0.08333	0.08333	0.08333	0.08333	0.08333	3.40300	0.08333	0.08333
155	2420	327.57727	0.08333	0.08334	0.08333	34.69070	0.08333	0.08333	0.08333	10.98202	0.08333	0.08333	0.08333
156	1929	0.08333	0.08333	370.57916	0.08333	0.08333	0.08333	0.08333	0.08333	0.08333	2.58750	0.08333	0.08333
157	2154	0.08333	5.45797	361.22463	2.43806	0.08333	0.08333	0.08333	0.08333	0.08333	4.21267	0.08333	0.08333
158	1925	0.08335	3.16942	366.94878	0.08333	0.08333	0.08333	0.08333	0.08333	3.13179	0.08333	0.08333	0.08333
159	1940	342.52659	0.08333	0.08335	0.08333	30.64005	0.08333	0.08333	0.08333	0.08333	0.08333	0.08333	0.08333
160	2329	0.08337	0.08333	366.99143	0.08333	3.12241	0.08333	0.08333	0.08333	0.08334	3.13611	0.08333	0.08333
161	2469	0.08333	2.95727	370.20939	0.08333	0.08333	0.08333	0.08333	0.08333	0.08333	0.08333	0.08333	0.08333
162	2229	0.08333	13.45332	352.88037	0.08334	0.08333	0.08333	0.08333	0.08333	5.09481	1.90482	0.08333	0.08333
163	2552	0.08333	3.50955	369.65712	0.08333	0.08333	0.08333	0.08333	0.08333	0.08333	0.08333	0.08333	0.08333
164	1993	0.08333	2.35365	363.77944	1.93204	0.08333	0.08333	0.08333	0.08333	0.08333	5.26820	0.08333	0.08333
165	2032	326.18091	0.08333	0.08333	0.08333	12.22398	0.08333	5.31257	0.08333	29.61588	0.08333	0.08333	0.08333
166	2485	0.08333	0.08334	370.23726	0.08333	0.08333	0.08333	0.08333	0.08333	0.08333	2.92941	0.08333	0.08333
167	2395	0.08336	2.59784	362.53626	0.08333	0.08333	0.08333	4.27593	0.08333	0.08333	3.92327	0.08333	0.08333
168	2339	0.08333	11.63820	358.42985	0.08333	0.08333	0.08333	0.08333	0.08333	0.08333	3.18196	0.08333	0.08333
169	1989	0.08333	4.51265	368.65398	0.08333	0.08333	0.08333	0.08333	0.08333	0.08337	0.08333	0.08333	0.08333
170	2243	0.08333	0.08333	0.08333	0.08333	0.08333	0.08333	0.08333	0.08333	373.08333	0.08333	0.08333	0.08333
171	2434	253.67740	0.08333	0.08333	0.08333	0.08333	0.08333	4.35710	0.08333	115.21550	0.08333	0.08333	0.08333
172	2126	0.08333	0.08333	0.08333	0.08333	0.08333	0.08333	0.08333	0.08333	0.08333	0.08333	0.08333	373.08333
173	2408	0.08333	0.08333	370.61151	0.08333	0.08333	0.08333	0.08333	0.08333	0.08333	2.55515	0.08333	0.08333
174	2121	0.08333	2.80219	363.50349	0.08333	0.08333	0.08333	0.08333	0.08333	2.46295	4.56469	0.08333	0.08333
175	2453	0.08334	0.08333	0.08333	339.60442	0.08333	0.08333	0.08334	0.08333	33.56224	0.08333	0.08333	0.08333
176	2214	0.08334	0.08333	0.08335	353.66773	0.08333	0.08333	0.08334	0.08333	0.08333	0.08333	0.08333	19.49891
177	2633	0.08333	0.08333	0.08333	0.08333	0.08333	373.08333	0.08333	0.08333	0.08333	0.08333	0.08333	0.08333
178	2526	0.08341	28.15363	336.61020	6.15253	0.08334	0.08333	0.08333	0.08333	0.08334	2.41688	0.08333	0.08333
179	2430	0.08333	12.61114	354.82345	0.08333	0.08333	0.08333	0.08333	0.08333	0.08333	5.81541	0.08333	0.08333
180	1964	0.08342	0.08334	0.08334	185.29836	0.08334	0.08333	107.61796	0.08333	0.08334	0.08333	0.08333	80.33358
181	2064	0.08333	4.73781	364.86451	0.08333	0.08333	0.08333	0.08333	0.08333	0.08333	3.64768	0.08333	0.08333
182	2407	0.08333	0.08333	368.76153	0.08333	0.08333	0.08333	0.08333	0.08333	0.08333	4.40514	0.08333	0.08333
183	2317	0.08333	0.08333	0.08333	0.08333	0.08333	0.08333	0.08333	0.08333	0.08333	0.08333	0.08333	373.08333
184	2412	0.08333	0.08333	0.08333	0.08333	0.08333	0.08333	0.08333	0.08333	0.08333	0.08333	0.08333	373.08333
185	2406	0.08334	0.08333	0.08333	341.74264	0.08333	0.08333	31.42401	0.08333	0.08333	0.08333	0.08333	0.08333
186	2112	0.08333	7.25196	363.55397	0.08333	0.08333	0.08333	0.08333	0.08333	0.08333	2.44407	0.08333	0.08333
187	2404	0.08333	16.02514	357.14150	0.08333	0.08333	0.08333	0.08333	0.08333	0.08333	0.08335	0.08333	0.08333
188	2135	335.97116	0.08333	0.08333	0.08333	37.19550	0.08333	0.08333	0.08333	0.08333	0.08333	0.08333	0.08333
189	2498	327.29527	0.08333	0.08333	0.08334	4.25361	0.08333	41.70112	0.08333	0.08333	0.08333	0.08333	0.08333
190	2302	303.87567	0.08333	0.08340	23.32044	42.85096	3.28619	0.08333	0.08333	0.08333	0.08333	0.08333	0.08333
191	2629	325.89187	0.08333	0.08335	0.08333	37.69656	3.14145	3.33668	0.08333	3.35009	0.08333	0.08333	0.08333
192	2351	336.72045	0.08333	0.08335	0.08333	24.95994	0.08335	4.08057	0.08333	7.57234	0.08333	0.08333	0.08333
193	2212	0.08333	0.08333	373.08333	0.08333	0.08333	0.08333	0.08333	0.08333	0.08333	0.08333	0.08333	0.08333
194	2123	0.08333	6.95261	361.79660	0.08333	0.08333	0.08333	0.08333	0.08333	0.08333	4.50079	0.08333	0.08333
195	2053	292.24718	0.08333	0.08334	0.08333	25.85511	0.08333	0.08333	0.08333	55.14771	0.08333	0.08333	0.08333
196	2254	333.44726	0.08333	0.08333	0.08334	17.42494	0.08333	12.91452	0.08333	9.54662	0.08333	0.08333	0.08333
197	2271	0.08333	6.43478	366.73189	0.08333	0.08333	0.08333	0.08333	0.08333	0.08333	0.08333	0.08333	0.08333
198	2199	285.00216	0.08333	0.08333	0.08333	20.66759	0.08333	2.84411	0.08333	58.75893	0.08333	0.08333	6.14387
199	2054	304.99958	0.08333	0.08333	0.08333	7.78139	0.08333	0.08333	0.08333	60.46903	0.08333	0.08333	0.08333
200	2018	0.08333	0.08333	0.08333	0.08333	0.08333	373.08333	0.08333	0.08333	0.08333	0.08333	0.08333	0.08333
201	2636	0.08333	0.08333	0.08333	0.08333	0.08333	373.08333	0.08333	0.08333	0.08333	0.08333	0.08333	0.08333
202	2371	0.08333	0.08333	0.08333	0.08333	0.08333	0.08333	0.08333	0.08333	0.08333	0.08333	0.08333	373.08333
203	2166	0.08333	0.08333	0.08333	0.08333	0.08333	0.08333	0.08333	0.08333	0.08333	0.08333	0.08333	373.08333
204	2033	0.08333	0.08333	370.87560	0.08333	0.08333	0.08333	0.08333	0.08333	0.08333	2.29106	0.08333	0.08333
205	2608	294.40513	0.08333	0.08333	25.14863	6.93409	0.08333	0.08333	0.08333	46.84548	0.08333	0.08333	0.08333
206	2567	325.32020	0.08334	0.08345	13.59608	34.33360	0.08333	0.08333	0.08333	0.08333	0.08333	0.08333	0.08333
207	2338	339.08580	0.08333	0.08333	0.08333	22.19593	0.08333	0.08333	0.08333	11.96827	0.08333	0.08333	0.08333
208	1954	271.06031	0.08333	0.08333	0.08333	0.08333	102.10635	0.08333	0.08333	0.08333	0.08333	0.08333	0.08333
209	2555	346.18199	0.08333	0.08333	0.08333	20.69731	0.08333	0.08333	0.08333	6.37071	0.08333	0.08333	0.08333
210	2138	320.35087	0.08336	0.08333	6.81166	35.24344	0.08333	0.08334	0.08333	10.92734	0.08333	0.08333	0.08333
211	2357	0.08333	0.08333	0.08333	0.08333	0.08333	0.08333	0.08333	0.08333	0.08333	0.08333	0.08333	373.08333
212	2152	0.08333	0.08333	0.08333	0.08333	0.08333	0.08333	0.08333	0.08333	0.08333	0.08333	0.08333	373.08333
213	2372	334.61418	0.08333	0.08333	0.08333	34.10211	0.08333	0.08333	0.08333	4.53371	0.08333	0.08333	0.08333
214	2189	260.55489	90.83605	0.08339	7.44833	14.49398	0.08333	0.08333	0.08333	0.08335	0.08333	0.08333	0.08333
215	2590	0.08333	5.94188	367.22478	0.08333	0.08333	0.08333	0.08333	0.08333	0.08333	0.08333	0.08333	0.08333
216	2359	0.08333	0.08333	370.49303	0.08333	0.08333	0.08333	0.08333	0.08333	0.08333	2.67363	0.08333	0.08333
217	2020	0.08333	0.08333	370.69164	0.08333	0.08333	0.08333	0.08333	0.08333	0.08333	2.47502	0.08333	0.08333
218	2467	0.08333	0.08333	373.08333	0.08333	0.08333	0.08333	0.08333	0.08333	0.08333	0.08333	0.08333	0.08333
219	2266	0.08337	36.95530	324.31919	0.08333	0.08334	0.08333	0.08333	0.08333	9.91713	2.14167	0.08333	0.08333
220	2558	0.08334	0.08333	0.08333	0.08333	0.08333	0.08333	323.06697	0.08333	0.08333	0.08333	0.08333	50.09969
221	2375	0.08333	0.08333	0.08333	0.08333	0.08333	0.08333	373.08333	0.08333	0.08333	0.08333	0.08333	0.08333
222	1947	288.03411	0.08333	0.08333	0.08333	0.08333	0.08333	3.33347	0.08333	81.88242	0.08333	0.08333	0.08333
223	2432	0.08334	0.08333	0.08333	14.02250	0.08333	0.08333	0.08333	0.08333	359.14416	0.08333	0.08333	0.08333
224	2660	0.08333	0.08333	0.08333	0.08333	0.08333	373.08333	0.08333	0.08333	0.08333	0.08333	0.08333	0.08333
225	2640	0.08333	0.08333	0.08333	0.08333	0.08333	373.08333	0.08333	0.08333	0.08333	0.08333	0.08333	0.08333
226	2601	0.08334	4.60194	365.09378	0.08333	0.08333	0.08333	0.08333	0.08333	0.08333	3.55427	0.08333	0.08333
227	2069	0.08333	16.78126	350.43392	0.08333	0.08333	0.08333	0.08333	0.08333	3.78694	2.33122	0.08333	0.08333
228	2327	278.58639	0.08333	0.08333	6.96135	0.08333	0.08333	0.08334	0.08333	87.70225	0.08333	0.08333	0.08333
229	1928	0.08333	0.08333	0.08333	0.08333	0.08333	373.08333	0.08333	0.08333	0.08333	0.08333	0.08333	0.08333
230	2360	0.08333	0.08333	0.08333	0.08333	0.08333	0.08333	0.08333	0.08333	0.08333	0.08333	0.08333	373.08333
231	2156	0.08333	0.08333	0.08333	0.08333	0.08333	0.08333	0.08333	0.08333	0.08333	0.08333	0.08333	373.08333
232	2101	0.08333	0.08333	0.08333	0.08333	0.08333	0.08333	0.08333	0.08333	373.08333	0.08333	0.08333	0.08333
233	2095	0.08339	0.08334	368.15862	0.08333	0.08333	0.08333	2.53814	0.08333	0.08333	2.55318	0.08333	0.08333
234	2125	343.26235	0.08333	0.08333	0.08333	0.08334	0.08333	9.87120	0.08333	20.11645	0.08333	0.08333	0.08333
235	2124	0.08333	5.68339	361.65453	0.08333	0.08333	0.08333	0.08333	0.08333	0.08333	5.91208	0.08333	0.08333
236	2538	0.08333	0.08333	0.08333	0.08333	0.08333	373.08333	0.08333	0.08333	0.08333	0.08333	0.08333	0.08333
237	2447	0.08333	0.08333	0.08333	0.08333	0.08333	373.08333	0.08333	0.08333	0.08333	0.08333	0.08333	0.08333
238	2297	0.08333	0.08333	0.08333	0.08333	0.08333	373.08333	0.08333	0.08333	0.08333	0.08333	0.08333	0.08333
239	2659	0.08333	0.08333	0.08333	0.08333	0.08333	274.45529	0.08333	0.08333	0.08333	0.08333	0.08333	98.71137
240	2142	0.08337	26.17468	331.87324	0.08333	0.08333	0.08333	0.08333	0.08333	13.25167	2.03371	0.08333	0.08333
241	2414	0.08334	7.06250	362.70997	0.08333	0.08333	0.08333	0.08333	0.08333	0.08333	3.47753	0.08333	0.08333
242	2324	7.63565	0.08333	352.01411	7.84934	0.08334	0.08333	0.08333	0.08333	0.08333	5.83423	0.08333	0.08333
243	2334	3.50355	24.89786	339.95864	0.08333	0.08333	0.08333	0.08333	0.08333	0.08333	4.97329	0.08333	0.08333
244	2397	0.08333	0.08333	0.08333	0.08333	0.08333	0.08333	0.08333	0.08333	0.08333	0.08333	0.08333	373.08333
245	1978	0.08333	0.08333	0.08333	0.08333	0.08333	0.08333	0.08333	0.08333	0.08333	0.08333	0.08333	373.08333
246	2429	0.08336	68.03688	295.69688	0.08333	0.08333	0.08333	0.08333	0.08333	9.51621	0.08333	0.08333	0.08333
247	2300	0.08333	44.44789	328.71878	0.08333	0.08333	0.08333	0.08333	0.08333	0.08333	0.08333	0.08333	0.08333
248	2606	0.08333	0.08333	373.08333	0.08333	0.08333	0.08333	0.08333	0.08333	0.08333	0.08333	0.08333	0.08333
249	2276	0.08333	0.08334	370.61453	0.08333	0.08333	0.08333	0.08333	0.08333	0.08333	2.55214	0.08333	0.08333
250	2554	0.08333	0.08333	373.08333	0.08333	0.08333	0.08333	0.08333	0.08333	0.08333	0.08333	0.08333	0.08333
251	2258	0.08333	21.67494	349.27819	0.08333	0.08333	0.08333	0.08333	0.08333	0.08333	2.29688	0.08333	0.08333
252	2331	0.08333	4.11981	369.04684	0.08333	0.08333	0.08333	0.08333	0.08333	0.08335	0.08333	0.08333	0.08333
253	1942	0.08333	373.08333	0.08333	0.08333	0.08333	0.08333	0.08333	0.08333	0.08333	0.08333	0.08333	0.08333
254	2584	0.08333	373.08333	0.08333	0.08333	0.08333	0.08333	0.08333	0.08333	0.08333	0.08333	0.08333	0.08333
255	2517	0.08333	0.08333	0.08333	373.08333	0.08333	0.08333	0.08333	0.08333	0.08333	0.08333	0.08333	0.08333
256	2192	0.08333	0.08333	0.08333	0.08333	0.08333	373.08333	0.08333	0.08333	0.08333	0.08333	0.08333	0.08333
257	2090	0.08333	4.14218	367.01734	0.08333	0.08333	0.08333	0.08333	0.08333	0.08333	2.09048	0.08333	0.08333
258	2340	0.08333	4.76647	363.51821	0.08333	0.08333	0.08333	0.08333	0.08333	0.08333	4.96532	0.08333	0.08333
259	2127	330.95303	0.08333	0.08333	0.08334	3.71372	0.08335	24.21023	0.08333	14.45634	0.08333	0.08333	0.08333
260	1943	0.08333	13.33858	356.95857	0.08333	0.08333	0.08333	0.08333	0.08333	0.08333	2.95285	0.08333	0.08333
261	2586	0.08333	2.38575	366.97555	0.08333	0.08333	0.08333	0.08333	0.08333	0.08333	3.88870	0.08333	0.08333
262	2116	0.08339	0.08333	0.08334	0.08333	0.08334	293.77908	79.38752	0.08333	0.08333	0.08333	0.08333	0.08333
263	2365	0.08333	0.08333	0.08333	0.08333	0.08333	373.08333	0.08333	0.08333	0.08333	0.08333	0.08333	0.08333
264	2523	0.08333	0.08333	0.08333	0.08333	0.08333	0.08333	0.08333	0.08333	0.08333	0.08333	0.08333	373.08333
265	2158	0.08333	0.08333	0.08333	0.08333	0.08333	0.08333	0.08333	0.08333	0.08333	0.08333	0.08333	373.08333
266	1985	0.08337	12.71898	319.00135	3.05024	27.68915	0.08333	0.08333	0.08333	8.59833	2.44191	0.08333	0.08333
267	2279	320.08516	0.08333	0.08334	3.33764	29.44697	0.08333	0.08334	0.08333	20.46356	0.08333	0.08333	0.08333
268	1948	350.81585	0.08334	0.08333	0.08333	22.35081	0.08333	0.08333	0.08333	0.08333	0.08333	0.08333	0.08333
269	1957	0.08333	0.08333	0.08333	0.08333	0.08333	373.08333	0.08333	0.08333	0.08333	0.08333	0.08333	0.08333
270	2648	0.08333	0.08333	0.08333	0.08333	0.08333	373.08333	0.08333	0.08333	0.08333	0.08333	0.08333	0.08333
271	1946	0.08333	2.52371	365.07415	0.08333	0.08333	0.08333	0.08333	0.08333	0.08333	5.65215	0.08333	0.08333
272	2337	0.08333	0.08333	0.08333	0.08333	0.08333	373.08333	0.08333	0.08333	0.08333	0.08333	0.08333	0.08333
273	2225	0.08333	0.08333	0.08333	0.08333	0.08333	373.08333	0.08333	0.08333	0.08333	0.08333	0.08333	0.08333
274	2016	0.08333	0.08333	0.08333	0.08333	0.08333	373.08333	0.08333	0.08333	0.08333	0.08333	0.08333	0.08333
275	2244	0.08333	2.24584	367.34697	0.08333	0.08333	0.08333	0.08333	0.08333	0.08333	3.65718	0.08333	0.08333
276	2348	0.08333	2.60116	365.51791	2.60976	0.08340	0.08333	0.08333	0.08333	0.08333	2.60444	0.08333	0.08333
277	2600	0.08334	8.17128	364.66542	0.08333	0.08333	0.08333	0.08333	0.08333	0.08333	0.41329	0.08333	0.08333
278	2593	0.08333	0.08333	369.00118	0.08333	0.08333	0.08333	0.08333	0.08333	0.08333	4.16549	0.08333	0.08333
279	2056	0.08333	54.08784	319.07882	0.08333	0.08333	0.08333	0.08333	0.08333	0.08333	0.08333	0.08333	0.08333
280	2396	0.08336	0.08333	0.08333	5.94471	0.08334	0.08334	0.08334	0.08333	367.22193	0.08333	0.08333	0.08333
281	1952	0.08335	23.39575	0.08337	13.98151	0.08333	0.08333	37.78426	0.08333	298.17175	0.08333	0.08333	0.08333
282	2458	316.93354	0.08333	0.08333	0.08333	0.08333	0.08333	0.08333	0.08333	56.23312	0.08333	0.08333	0.08333
283	2489	0.08335	104.71944	0.08374	0.08333	0.08334	0.08333	0.08333	0.08333	0.08333	268.44681	0.08333	0.08333
284	1983	0.08334	26.54157	344.29640	0.08333	0.08333	0.08333	0.08333	0.08333	0.08333	2.41202	0.08333	0.08333
285	2328	291.17544	0.08334	0.08337	0.08333	0.08333	0.08333	12.26216	0.08333	69.81236	0.08333	0.08333	0.08333
286	2394	0.08339	0.08334	0.08333	0.08334	35.80313	0.08333	0.08334	0.08333	337.36347	0.08333	0.08333	0.08333
287	1718	358.52050	0.08333	0.08333	0.08334	3.86942	0.08333	3.64701	0.08333	7.29640	0.08333	0.08333	0.08333
288	2333	271.00982	0.08333	0.08337	7.78245	18.01316	0.08333	0.08333	0.08333	76.52786	0.08333	0.08333	0.08333
289	2446	0.08333	0.08333	365.99037	0.08333	0.08333	0.08333	0.08333	0.08333	0.08333	7.17629	0.08333	0.08333
290	1997	0.08333	0.08334	370.28042	0.08333	0.08333	0.08333	0.08333	0.08333	0.08333	2.88624	0.08333	0.08333
291	1955	346.16899	0.08333	0.08333	0.08333	8.05288	0.08333	0.08333	0.08333	19.02813	0.08333	0.08333	0.08333
292	1920	329.64984	0.08333	0.08333	0.08333	26.04074	0.08333	0.08333	0.08333	17.55942	0.08333	0.08333	0.08333
293	2074	0.08333	0.08333	370.73650	0.08333	0.08333	0.08333	0.08333	0.08333	0.08333	2.43017	0.08333	0.08333
294	1926	268.94333	0.08333	0.08333	65.71291	3.48401	0.08333	0.08334	0.08333	31.27058	0.08333	0.08333	4.00583
295	2570	0.08333	0.08333	0.08333	0.08333	0.08333	0.08333	0.08333	0.08333	0.08333	0.08333	0.08333	373.08333
296	2647	0.08333	0.08333	0.08333	0.08333	0.08333	373.08333	0.08333	0.08333	0.08333	0.08333	0.08333	0.08333
297	2435	0.08333	0.08333	0.08333	0.08333	0.08333	373.08333	0.08333	0.08333	0.08333	0.08333	0.08333	0.08333
298	2213	0.08333	0.08333	373.08333	0.08333	0.08333	0.08333	0.08333	0.08333	0.08333	0.08333	0.08333	0.08333
299	2464	0.08333	0.08333	371.19759	0.08333	0.08333	0.08333	0.08333	0.08333	0.08333	1.96908	0.08333	0.08333
300	2335	0.08333	0.08333	0.08333	0.08333	0.08333	0.08333	0.08333	0.08333	0.08333	0.08333	0.08333	373.08333
301	1960	0.08333	0.08333	0.08333	0.08333	0.08333	0.08333	0.08333	0.08333	0.08333	0.08333	0.08333	373.08333
302	2392	0.08336	4.30335	360.55264	0.08333	0.08334	0.08333	0.08333	0.08333	8.39398	0.08333	0.08333	0.08333
303	2549	0.08333	0.08333	370.72261	0.08333	0.08333	0.08333	0.08333	0.08333	0.08333	2.44406	0.08333	0.08333
304	2131	0.08336	9.36050	357.68029	0.08333	0.08333	0.08333	0.08333	0.08333	1.98900	4.30351	0.08333	0.08333
305	2309	0.08333	13.72960	357.51253	0.08333	0.08333	0.08333	0.08334	0.08333	0.08333	2.00785	0.08333	0.08333
306	2092	0.08333	373.08333	0.08333	0.08333	0.08333	0.08333	0.08333	0.08333	0.08333	0.08333	0.08333	0.08333
307	2165	0.08333	6.10545	367.06122	0.08333	0.08333	0.08333	0.08333	0.08333	0.08333	0.08333	0.08333	0.08333
308	2149	341.92582	0.08333	0.08333	0.08334	18.88535	0.08333	12.43882	0.08333	0.08334	0.08333	0.08333	0.08333
309	2007	271.32374	64.98540	0.08342	5.97990	8.05902	0.08333	0.08334	0.08333	23.06851	0.08333	0.08333	0.08333
310	2445	327.21689	0.08335	0.08355	7.55161	22.94718	0.08333	0.08333	0.08333	15.61741	0.08333	0.08333	0.08333
311	2306	0.08387	0.08335	0.08443	0.08335	0.08340	0.08333	0.08333	3.50149	0.08336	369.66341	0.08333	0.08333
312	2043	0.08333	2.55181	366.54723	0.08333	0.08333	0.08333	0.08333	0.08333	0.08333	4.15096	0.08333	0.08333
313	2535	0.08333	0.08333	0.08333	0.08333	0.08333	0.08333	294.89392	0.08333	0.08333	0.08333	0.08333	78.27275
314	2492	0.08333	2.93542	368.79640	0.08333	0.08333	0.08333	0.08333	0.08333	0.08333	1.51818	0.08333	0.08333
315	2361	0.08333	0.08333	0.08333	0.08333	0.08333	0.08333	0.08333	0.08333	0.08333	0.08333	0.08333	373.08333
316	2280	0.08333	0.08333	0.08333	0.08333	0.08333	0.08333	0.08333	0.08333	373.08333	0.08333	0.08333	0.08333
317	2619	0.08333	4.76220	368.40446	0.08333	0.08333	0.08333	0.08333	0.08333	0.08333	0.08333	0.08333	0.08333
318	2385	0.08337	0.08333	0.08353	32.34699	340.81943	0.08333	0.08333	0.08333	0.08334	0.08333	0.08333	0.08333
319	2530	0.08343	0.08333	0.08353	80.82178	248.58474	0.08333	43.84317	0.08333	0.08334	0.08334	0.08333	0.08333
320	1913	0.08333	0.08333	0.08333	0.08333	0.08333	0.08333	373.08333	0.08333	0.08333	0.08333	0.08333	0.08333
321	2542	0.08337	12.99755	347.83739	0.08333	0.08334	0.08333	0.08333	0.08333	9.63916	2.85919	0.08333	0.08333
322	2246	360.48803	0.08333	0.08333	0.08333	0.08333	0.08333	8.14264	0.08333	4.61933	0.08333	0.08333	0.08333
323	2002	348.77249	0.08334	0.08337	0.08333	0.08333	0.08333	11.38403	0.08333	13.09344	0.08333	0.08333	0.08333
324	1972	0.08333	0.08333	0.08333	0.08333	0.08333	373.08333	0.08333	0.08333	0.08333	0.08333	0.08333	0.08333
325	2242	0.08335	0.08333	0.08336	0.08333	0.08333	0.08333	350.57439	0.08333	22.59223	0.08333	0.08333	0.08333
326	2416	0.08333	0.08333	0.08333	0.08333	0.08333	0.08333	373.08333	0.08333	0.08333	0.08333	0.08333	0.08333
327	2071	336.93152	6.25266	0.08340	0.08333	26.47321	0.08333	0.08333	0.08333	3.67587	0.08333	0.08333	0.08333
328	2102	328.21892	0.08333	0.08333	3.51383	17.29006	0.08334	17.24009	0.08333	7.15375	0.08333	0.08333	0.08333
329	2616	330.32164	0.08333	0.08343	0.08333	4.01160	0.08334	38.91666	0.08333	0.08333	0.08333	0.08333	0.08333
330	2176	274.95099	0.08333	0.08333	16.77716	0.08333	0.08333	81.52184	0.08333	0.08334	0.08333	0.08333	0.08334
331	2267	324.31025	0.08333	0.08333	0.08333	23.87832	0.08333	0.08333	0.08333	25.06144	0.08333	0.08333	0.08333
332	2068	313.22722	0.08333	0.08333	3.54951	23.85732	0.08333	0.08333	0.08333	32.69928	0.08333	0.08333	0.08333
333	1577	330.96230	0.08333	0.08333	0.08333	21.89328	0.08333	12.65416	0.08333	7.82359	0.08333	0.08333	0.08333
334	2370	0.08333	0.08333	370.69129	0.08333	0.08333	0.08333	0.08333	0.08333	0.08333	2.47538	0.08333	0.08333
335	2237	0.08333	3.59358	363.80688	0.08333	0.08333	0.08333	0.08333	0.08333	0.08333	5.84954	0.08333	0.08333
336	2583	0.08333	0.08333	0.08333	0.08333	0.08333	373.08333	0.08333	0.08333	0.08333	0.08333	0.08333	0.08333
337	2378	0.08333	0.08333	0.08333	0.08333	0.08333	373.08333	0.08333	0.08333	0.08333	0.08333	0.08333	0.08333
338	2503	0.08333	0.08333	0.08333	0.08333	0.08333	0.08333	0.08333	0.08333	0.08333	0.08333	0.08333	373.08333
339	2114	0.08335	0.08333	0.08333	0.08333	0.08333	0.08333	29.08029	0.08333	0.08333	0.08333	0.08333	344.08636
340	2260	0.08333	0.08333	0.08333	0.08333	0.08333	0.08333	0.08333	0.08333	0.08333	0.08333	0.08333	373.08333
341	2307	0.08333	0.08333	373.08333	0.08333	0.08333	0.08333	0.08333	0.08333	0.08333	0.08333	0.08333	0.08333
342	2336	311.62514	0.08334	0.08335	2.90189	26.34719	0.08333	0.08333	0.08333	32.45909	0.08333	0.08333	0.08333
343	2120	0.08333	0.08333	0.08333	0.08333	0.08333	0.08333	0.08333	0.08333	0.08333	0.08333	0.08333	373.08333
344	2105	0.08333	0.08333	0.08333	0.08333	0.08333	0.08333	0.08333	0.08333	0.08333	0.08333	0.08333	373.08333
345	2161	0.08333	0.08333	0.08333	0.08333	0.08333	0.08333	0.08333	0.08333	373.08333	0.08333	0.08333	0.08333
346	2287	0.08335	0.08334	356.32041	0.08333	0.08333	0.08333	11.23273	0.08333	0.08333	5.69684	0.08333	0.08333
347	2529	250.73215	0.08333	0.08333	0.08333	1.70210	0.08334	120.81575	0.08333	0.08333	0.08333	0.08333	0.08333
348	1966	0.08333	20.05991	346.52612	2.27616	0.08333	0.08333	0.08334	0.08333	2.27660	2.27788	0.08333	0.08333
349	2285	335.99359	0.08333	0.08333	0.08333	29.31870	0.08333	0.08333	0.08333	7.93770	0.08333	0.08333	0.08333
350	2247	340.91027	0.08333	0.08333	0.08333	3.29979	0.08333	23.61140	0.08333	5.51187	0.08333	0.08333	0.08333
351	2261	0.08333	0.08333	373.08333	0.08333	0.08333	0.08333	0.08333	0.08333	0.08333	0.08333	0.08333	0.08333
352	2504	0.08333	2.60857	368.05468	0.08333	0.08333	0.08333	0.08333	0.08333	0.08333	2.58674	0.08333	0.08333
353	2495	0.08333	0.08333	373.08333	0.08333	0.08333	0.08333	0.08333	0.08333	0.08333	0.08333	0.08333	0.08333
354	2343	363.16121	0.08333	0.08340	0.08334	0.08335	0.08333	10.00536	0.08333	0.08333	0.08333	0.08333	0.08333
355	2487	0.08333	0.08333	0.08333	0.08333	0.08333	0.08333	373.08333	0.08333	0.08333	0.08333	0.08333	0.08333
356	2245	0.08333	0.08333	0.08333	0.08333	0.08333	0.08333	373.08333	0.08333	0.08333	0.08333	0.08333	0.08333
357	1988	0.08333	0.08333	0.08333	373.08333	0.08333	0.08333	0.08333	0.08333	0.08333	0.08333	0.08333	0.08333
358	2466	0.08333	0.08333	0.08333	373.08333	0.08333	0.08333	0.08333	0.08333	0.08333	0.08333	0.08333	0.08333
359	2223	307.00226	0.08333	0.08334	0.08333	18.07226	0.08333	3.61258	0.08333	44.64622	0.08333	0.08333	0.08333
360	2653	350.50019	0.08333	0.08333	0.08333	22.66648	0.08333	0.08333	0.08333	0.08333	0.08333	0.08333	0.08333
361	2164	0.08333	4.25071	364.79207	0.08333	0.08333	0.08333	0.08333	0.08333	0.08333	4.20722	0.08333	0.08333
362	2472	0.08338	0.08333	0.08334	0.08333	297.21484	75.95177	0.08333	0.08333	0.08334	0.08333	0.08333	0.08333
363	2241	356.54104	0.08333	0.08333	3.31065	10.15552	0.08333	3.32611	0.08333	0.08334	0.08333	0.08333	0.08333
364	136	253.24237	0.08333	0.08333	0.08333	9.23105	110.77657	0.08333	0.08333	0.08334	0.08333	0.08333	0.08333
365	2451	294.97426	0.08333	0.08334	0.08333	10.03309	0.08333	0.08333	0.08333	68.24265	0.08333	0.08333	0.08333
366	2050	0.08333	0.08333	0.08333	0.08333	0.08333	373.08333	0.08333	0.08333	0.08333	0.08333	0.08333	0.08333
367	2196	339.92788	0.08333	0.08333	0.08333	33.23879	0.08333	0.08333	0.08333	0.08333	0.08333	0.08333	0.08333
368	2075	0.08333	0.08333	0.08333	0.08333	0.08333	0.08333	0.08333	0.08333	373.08333	0.08333	0.08333	0.08333
369	2501	0.08335	36.11354	0.08349	0.08333	0.08333	0.08333	0.08333	0.08333	337.05295	0.08333	0.08333	0.08333
370	2423	0.08333	3.17199	368.42940	0.08333	0.08333	0.08333	0.08333	0.08333	0.08333	1.64860	0.08333	0.08333
371	2250	344.64405	0.08333	0.08333	3.57043	0.08333	0.08333	25.03551	0.08333	0.08334	0.08333	0.08333	0.08333
372	2180	348.33381	0.08333	0.08333	0.08333	24.83286	0.08333	0.08333	0.08333	0.08333	0.08333	0.08333	0.08333
373	2478	0.08334	368.68534	0.08351	4.48114	0.08333	0.08333	0.08333	0.08333	0.08333	0.08333	0.08333	0.08333
374	2058	0.08337	45.97947	322.17297	5.09751	0.08333	0.08333	0.08333	0.08333	0.08334	0.08333	0.08333	0.08333
375	2183	330.67617	0.08333	0.08333	3.61941	23.76456	0.08333	0.08333	0.08333	15.27320	0.08333	0.08333	0.08333
376	2533	336.53508	0.08333	0.08336	0.08333	32.70508	4.00981	0.08333	0.08333	0.08333	0.08333	0.08333	0.08333
377	2409	0.08334	7.94847	360.13268	0.08333	0.08333	0.08333	0.08333	0.08333	0.08333	5.16885	0.08333	0.08333
378	2582	361.50121	0.08333	0.08333	0.08333	0.08334	0.08333	11.66545	0.08333	0.08333	0.08333	0.08333	0.08333
379	2377	314.37459	0.08333	0.08333	0.08333	0.08333	0.08333	0.08333	0.08333	58.79208	0.08333	0.08333	0.08333
380	2215	0.08337	0.08333	0.08335	25.07659	297.59660	0.08333	0.08333	0.08333	50.57675	0.08333	0.08333	0.08333
381	2197	0.08333	0.08333	0.08333	0.08333	0.08333	0.08333	0.08333	0.08333	0.08333	0.08333	0.08333	373.08333
382	2236	0.08333	0.08333	0.08333	0.08333	0.08333	0.08333	0.08333	0.08333	0.08333	0.08333	0.08333	373.08333
383	2499	0.08333	37.85848	335.30819	0.08333	0.08333	0.08333	0.08333	0.08333	0.08333	0.08333	0.08333	0.08333
384	2322	0.08335	0.08333	0.08333	120.11409	0.08333	0.08333	75.84065	0.08333	0.08334	0.08333	0.08333	177.29524
385	2098	0.08333	0.08333	373.08333	0.08333	0.08333	0.08333	0.08333	0.08333	0.08333	0.08333	0.08333	0.08333
386	2418	0.08333	0.08333	369.84510	0.08333	0.08333	0.08333	0.08333	0.08333	0.08333	3.32157	0.08333	0.08333
387	2381	0.08333	0.08333	368.78998	0.08333	0.08333	0.08333	0.08333	0.08333	0.08333	4.37668	0.08333	0.08333
388	2603	0.08337	0.08333	0.08333	0.08333	0.08333	0.08333	76.77430	0.08333	296.39232	0.08333	0.08333	0.08333
389	2644	0.08333	0.08333	0.08333	0.08333	0.08333	0.08333	0.08333	0.08333	0.08333	0.08333	0.08333	373.08333
390	2417	0.08339	0.08333	0.08333	0.08334	175.76217	72.63315	0.08334	0.08333	124.85461	0.08333	0.08333	0.08333
391	1999	0.08333	0.08333	0.08333	0.08333	0.08333	373.08333	0.08333	0.08333	0.08333	0.08333	0.08333	0.08333
392	2220	0.08333	0.08333	367.24350	0.08333	0.08333	0.08333	0.08333	0.08333	0.08333	5.92317	0.08333	0.08333
393	2578	0.08333	2.42053	368.42778	0.08333	0.08333	0.08333	0.08333	0.08333	0.08333	2.40169	0.08333	0.08333
394	2045	0.08333	0.08333	368.79010	0.08333	0.08333	0.08333	0.08333	0.08333	0.08333	4.37656	0.08333	0.08333
395	1953	0.08333	0.08333	370.00252	0.08333	0.08333	0.08333	0.08333	0.08333	0.08333	3.16415	0.08333	0.08333
396	2028	335.13397	0.08333	0.08333	0.08333	30.36620	0.08333	7.74983	0.08333	0.08333	0.08333	0.08333	0.08333
397	2556	0.08333	6.01841	364.21449	0.08333	0.08333	0.08333	0.08333	0.08333	0.08333	3.01709	0.08333	0.08333
398	2191	340.55850	0.08333	0.08335	0.08333	32.60814	0.08333	0.08333	0.08333	0.08333	0.08333	0.08333	0.08333
399	2235	0.08336	0.08333	0.08333	40.01273	0.08333	0.08333	0.08334	0.08333	333.15390	0.08333	0.08333	0.08333
400	2288	0.08334	241.24605	0.08339	131.92054	0.08333	0.08333	0.08333	0.08333	0.08334	0.08333	0.08333	0.08333
401	1987	282.22028	0.08333	0.08336	22.74875	68.28094	0.08333	0.08333	0.08333	0.08334	0.08333	0.08333	0.08333
402	2475	360.57049	0.08333	0.08333	0.08333	0.08333	0.08333	4.12631	0.08333	8.55319	0.08333	0.08333	0.08333
403	2547	318.60382	0.08334	0.08345	0.08333	0.57843	0.08333	0.08333	0.08333	54.06763	0.08333	0.08333	0.08333
404	2319	334.21953	0.08333	0.08334	0.08333	20.24958	0.08336	12.69210	0.08333	6.17209	0.08333	0.08333	0.08333
405	2617	291.76710	0.08333	0.08333	0.08333	3.55030	0.08333	0.08333	0.08333	77.93260	0.08333	0.08333	0.08333
406	1914	0.08333	0.08333	0.08333	0.08333	0.08333	373.08333	0.08333	0.08333	0.08333	0.08333	0.08333	0.08333
407	2658	0.08333	0.08333	0.08333	0.08333	0.08333	373.08333	0.08333	0.08333	0.08333	0.08333	0.08333	0.08333
408	2163	307.35570	0.08333	0.08347	0.08333	0.08334	0.08333	65.81082	0.08333	0.08334	0.08333	0.08333	0.08333
409	2311	0.08333	127.24201	0.08363	0.08333	0.08333	0.08333	0.08333	0.08333	0.08333	245.92435	0.08333	0.08333
410	2052	369.24042	0.08333	0.08333	0.08333	0.08333	0.08333	0.08333	0.08333	3.92625	0.08333	0.08333	0.08333
411	2594	267.83870	0.08336	0.08338	34.44898	0.08335	0.08333	0.08334	0.08333	70.96223	0.08333	0.08333	0.08333
412	2273	368.78874	0.08333	0.08333	0.08333	0.08333	0.08333	4.37792	0.08333	0.08333	0.08333	0.08333	0.08333
413	2202	0.08333	0.08333	0.08333	0.08333	0.08333	373.08333	0.08333	0.08333	0.08333	0.08333	0.08333	0.08333
414	2222	0.08333	0.08333	0.08333	0.08333	0.08333	0.08333	0.08333	0.08333	373.08333	0.08333	0.08333	0.08333
415	1922	0.08333	0.08333	0.08333	0.08333	0.08333	0.08333	0.08333	0.08333	0.08333	0.08333	0.08333	373.08333
416	2341	0.08333	0.08333	0.08333	0.08333	0.08333	17.87652	0.08333	0.08333	0.08333	0.08333	0.08333	355.29015
417	2139	0.08333	0.08333	366.64049	0.08333	0.08333	0.08333	0.08333	0.08333	0.08333	6.52617	0.08333	0.08333
418	2462	0.08336	0.08334	345.23875	16.45143	0.08334	0.08333	0.08333	0.08333	7.56353	4.07958	0.08333	0.08333
419	2591	0.08333	0.08333	373.08333	0.08333	0.08333	0.08333	0.08333	0.08333	0.08333	0.08333	0.08333	0.08333
420	2628	0.08333	0.08333	0.08333	0.08333	0.08333	0.08333	0.08333	0.08333	0.08333	0.08333	0.08333	373.08333
421	2291	0.08333	0.08333	0.08333	373.08333	0.08333	0.08333	0.08333	0.08333	0.08333	0.08333	0.08333	0.08333
422	2643	349.18652	0.08333	0.08333	0.08333	11.11875	0.08333	4.43176	0.08333	8.59630	0.08333	0.08333	0.08333
423	2293	0.08340	0.08334	0.08343	16.16232	357.00418	0.08333	0.08333	0.08333	0.08334	0.08333	0.08333	0.08333
424	1975	0.08333	0.08333	0.08333	0.08333	0.08333	0.08333	0.08333	0.08333	0.08333	0.08333	0.08333	373.08333
425	1930	0.08333	0.08333	0.08333	0.08333	0.08333	0.08333	0.08333	0.08333	0.08333	0.08333	0.08333	373.08333
426	2516	350.71328	0.08333	0.08337	0.08333	0.08741	0.08333	17.79612	0.08333	4.73649	0.08333	0.08333	0.08333
427	2057	0.08339	0.08333	0.08351	44.85724	328.30918	0.08333	0.08333	0.08333	0.08334	0.08333	0.08333	0.08333
428	2623	0.08339	13.02642	355.41307	0.08333	0.20656	0.08333	0.08333	0.08333	0.08333	4.68723	0.08333	0.08333
429	2006	0.08333	0.08333	0.08333	0.08333	0.08333	373.08333	0.08333	0.08333	0.08333	0.08333	0.08333	0.08333
430	2366	0.08339	0.08333	0.08333	332.02224	0.08334	0.08333	0.08334	0.08333	0.08334	0.08333	0.08333	41.14436
431	2211	0.08336	0.08333	0.08333	207.14702	0.08333	0.08333	157.68983	0.08333	0.08335	0.08333	0.08333	8.41310
432	2352	0.08333	2.34749	368.57192	0.08333	0.08333	0.08333	0.08333	0.08333	0.08333	2.33059	0.08333	0.08333
433	2427	54.85049	318.31605	0.08345	0.08333	0.08333	0.08333	0.08333	0.08333	0.08333	0.08333	0.08333	0.08333
434	1934	0.08333	0.08333	0.08333	0.08333	0.08333	0.08333	0.08333	0.08333	0.08333	0.08333	0.08333	373.08333
435	2299	0.08333	0.08333	373.08333	0.08333	0.08333	0.08333	0.08333	0.08333	0.08333	0.08333	0.08333	0.08333
436	2226	163.53471	0.08333	0.08334	72.72564	0.08333	0.08333	70.60685	0.08333	66.46612	0.08333	0.08333	0.08333
437	2573	0.08338	2.59445	365.61511	0.08333	0.08334	0.08333	0.08333	2.57148	0.08333	2.55225	0.08333	0.08333
438	1923	0.08333	0.08333	0.08333	0.08333	0.08333	0.08333	373.08333	0.08333	0.08333	0.08333	0.08333	0.08333
439	2575	0.08333	2.81276	367.66781	2.76939	0.08338	0.08333	0.08333	0.08333	0.08333	0.08333	0.08333	0.08333
440	2559	0.08333	0.08333	370.79418	0.08333	0.08333	0.08333	0.08333	0.08333	0.08333	2.37249	0.08333	0.08333
441	2368	357.40915	0.08333	0.08334	0.08333	0.08333	0.08333	0.08333	0.08333	10.90708	0.08333	0.08333	4.93376
442	2642	268.96816	0.08333	0.08334	11.40836	6.27820	0.08333	81.44723	0.08333	5.31470	0.08333	0.08333	0.08333
443	2349	0.08333	0.08333	0.08333	373.08333	0.08333	0.08333	0.08333	0.08333	0.08333	0.08333	0.08333	0.08333
444	2384	260.73527	0.08333	0.08336	5.42430	28.08055	4.36165	14.26814	0.08333	60.63007	0.08333	0.08333	0.08333
445	2645	0.08333	0.08333	0.08333	0.08333	0.08333	373.08333	0.08333	0.08333	0.08333	0.08333	0.08333	0.08333
446	2210	0.08339	0.08333	345.54093	23.67064	0.08337	0.08333	0.08333	0.08333	0.08334	4.03833	0.08333	0.08333
447	2159	0.08333	0.08333	0.08333	0.08333	0.08333	373.08333	0.08333	0.08333	0.08333	0.08333	0.08333	0.08333
448	2424	0.08333	0.08333	0.08333	0.08333	0.08333	0.08333	0.08333	0.08333	0.08333	0.08333	0.08333	373.08333
449	2000	0.08333	0.08333	0.08333	0.08333	0.08333	373.08333	0.08333	0.08333	0.08333	0.08333	0.08333	0.08333
450	2157	0.08333	0.08333	0.08333	0.08333	0.08333	373.08333	0.08333	0.08333	0.08333	0.08333	0.08333	0.08333
451	2539	0.08333	0.08333	364.97294	0.08333	0.08333	0.08333	0.08333	0.08333	0.08333	8.19372	0.08333	0.08333
452	2657	0.08333	0.08333	0.08333	0.08333	0.08333	373.08333	0.08333	0.08333	0.08333	0.08333	0.08333	0.08333
453	1935	0.08333	0.08333	0.08333	0.08333	0.08333	373.08333	0.08333	0.08333	0.08333	0.08333	0.08333	0.08333
454	2313	0.08335	0.08334	0.08339	23.71320	0.08333	0.08333	104.77163	0.08333	0.08334	0.08333	0.08333	244.76508
455	2613	0.08333	0.08333	373.08333	0.08333	0.08333	0.08333	0.08333	0.08333	0.08333	0.08333	0.08333	0.08333
456	2356	0.08333	0.08333	368.68888	0.08333	0.08333	0.08333	0.08333	0.08333	0.08333	4.47779	0.08333	0.08333
457	2108	0.08333	0.08333	370.76589	0.08333	0.08333	0.08333	0.08333	0.08333	0.08333	2.40078	0.08333	0.08333
458	2155	199.66817	0.08333	0.08333	0.08333	0.08333	0.08333	124.25566	0.08333	49.32616	0.08333	0.08333	0.08333
459	2144	337.06822	0.08333	0.08333	5.01814	31.16364	0.08333	0.08333	0.08333	0.08333	0.08333	0.08333	0.08333
460	1921	0.08333	0.08333	0.08333	0.08333	0.08333	373.08333	0.08333	0.08333	0.08333	0.08333	0.08333	0.08333
461	2072	288.00908	0.08333	0.08333	0.08333	0.08334	0.08333	0.08333	0.08333	85.15759	0.08333	0.08333	0.08333
462	2461	350.12879	0.08333	0.08333	0.08333	3.31025	0.08333	3.18747	0.08333	16.70682	0.08333	0.08333	0.08333
463	2310	0.08333	0.08333	0.08333	0.08333	0.08333	0.08333	373.08333	0.08333	0.08333	0.08333	0.08333	0.08333
464	2465	0.08339	0.08333	0.08333	0.08333	343.45056	0.08333	0.08333	0.08333	29.71605	0.08333	0.08333	0.08333
465	2083	0.08333	5.27067	367.89599	0.08333	0.08333	0.08333	0.08333	0.08333	0.08333	0.08333	0.08333	0.08333
466	2232	0.08343	0.08334	0.08333	138.95734	0.08334	0.08333	0.08334	0.08333	213.54209	0.08333	0.08333	20.75046
467	1919	0.08333	0.08333	0.08333	0.08333	0.08333	373.08333	0.08333	0.08333	0.08333	0.08333	0.08333	0.08333
468	1951	0.08333	0.08333	0.08333	0.08333	0.08333	373.08333	0.08333	0.08333	0.08333	0.08333	0.08333	0.08333
469	2026	287.46611	0.08334	55.54092	0.08333	0.08333	0.08333	4.08625	0.08333	26.24004	0.08333	0.08333	0.08333
470	2270	0.08333	0.08333	0.08333	0.08333	0.08333	0.08333	373.08333	0.08333	0.08333	0.08333	0.08333	0.08333
471	2011	0.08333	0.08333	0.08333	0.08333	0.08333	373.08333	0.08333	0.08333	0.08333	0.08333	0.08333	0.08333
472	1995	0.08333	0.08333	0.08333	0.08333	0.08333	373.08333	0.08333	0.08333	0.08333	0.08333	0.08333	0.08333
473	2639	0.08333	0.08333	0.08333	0.08333	0.08333	373.08333	0.08333	0.08333	0.08333	0.08333	0.08333	0.08333
474	1965	0.08335	0.08333	0.08333	0.08334	0.08333	0.08333	99.44580	0.08333	0.08333	0.08333	0.08333	273.72085
475	1918	0.08333	0.08333	373.08333	0.08333	0.08333	0.08333	0.08333	0.08333	0.08333	0.08333	0.08333	0.08333
476	2208	0.08345	51.06109	0.08352	322.10524	0.08336	0.08333	0.08333	0.08333	0.08334	0.08333	0.08333	0.08333
477	2308	0.08333	2.89294	365.64408	0.08333	0.08333	0.08333	0.08333	0.08333	0.08333	4.71298	0.08333	0.08333
478	1931	0.08333	0.08333	0.08333	0.08333	0.08333	373.08333	0.08333	0.08333	0.08333	0.08333	0.08333	0.08333
479	2221	0.08333	0.08333	0.08333	0.08333	0.08333	0.08333	0.08333	0.08333	373.08333	0.08333	0.08333	0.08333
480	2027	0.08333	0.08333	0.08333	0.08333	0.08333	373.08333	0.08333	0.08333	0.08333	0.08333	0.08333	0.08333
481	2081	282.84218	0.08333	0.08334	5.14289	25.22481	0.08333	0.08333	0.08333	60.12344	0.08333	0.08333	0.08333
482	2609	0.08333	0.08333	0.08333	0.08333	373.08333	0.08333	0.08333	0.08333	0.08333	0.08333	0.08333	0.08333
483	2038	272.52045	0.08333	0.08333	55.21718	8.28985	0.08333	37.30584	0.08333	0.08334	0.08333	0.08333	0.08333
484	2048	0.08336	0.08334	0.08441	69.77511	0.08333	0.08333	245.01729	0.08333	35.14572	0.08334	23.39408	0.08333
485	2587	0.08333	0.08333	0.08333	0.08333	0.08333	0.08333	0.08333	0.08333	0.08333	0.08333	0.08333	373.08333
486	2067	0.08333	373.08333	0.08333	0.08333	0.08333	0.08333	0.08333	0.08333	0.08333	0.08333	0.08333	0.08333
487	1980	0.08333	0.08333	0.08333	0.08333	0.08333	373.08333	0.08333	0.08333	0.08333	0.08333	0.08333	0.08333
488	2185	265.99895	0.08333	0.08333	0.08334	0.08333	0.08333	107.16772	0.08333	0.08333	0.08333	0.08333	0.08333
489	2537	240.09253	0.08333	0.08333	0.08333	0.08333	0.08333	0.08333	0.08333	133.07414	0.08333	0.08333	0.08333
490	2004	0.08333	0.08333	0.08333	0.08333	0.08333	373.08333	0.08333	0.08333	0.08333	0.08333	0.08333	0.08333
491	2315	0.08338	0.08333	0.08334	0.08333	334.40278	0.08333	0.08333	0.08333	38.76383	0.08333	0.08333	0.08333
492	2249	328.86443	0.08333	0.08333	0.08333	0.08333	0.08333	44.30223	0.08333	0.08333	0.08333	0.08333	0.08334
493	2147	0.08333	373.08333	0.08333	0.08333	0.08333	0.08333	0.08333	0.08333	0.08333	0.08333	0.08333	0.08333
494	2502	0.08346	0.08333	0.08333	0.08333	226.47567	0.08334	146.69086	0.08333	0.08334	0.08333	0.08333	0.08333
495	2137	299.69163	0.08335	0.08411	0.08333	33.35045	0.08333	0.08333	31.17214	9.11832	0.08334	0.08333	0.08333
496	2362	0.08333	0.08333	0.08333	0.08333	0.08333	0.08333	373.08333	0.08333	0.08333	0.08333	0.08333	0.08333
497	2398	324.83065	0.08334	0.08337	15.32030	10.77440	0.08333	0.08333	0.08333	22.40794	0.08333	0.08333	0.08333
498	2589	342.70903	0.08333	0.08333	6.88368	9.78122	0.08333	0.08333	0.08333	13.95940	0.08333	0.08333	0.08333
499	2463	366.90479	0.08333	0.08333	0.08333	3.20516	0.08333	3.14005	0.08333	0.08333	0.08333	0.08333	0.08333
500	2170	0.08333	0.08333	0.08333	373.08333	0.08333	0.08333	0.08333	0.08333	0.08333	0.08333	0.08333	0.08333
501	2479	0.08333	0.08333	0.08333	0.08333	0.08333	0.08333	0.08333	0.08333	373.08333	0.08333	0.08333	0.08333
502	2134	329.41010	0.08333	0.08333	0.08333	32.73173	0.08333	0.08333	0.08333	11.10817	0.08333	0.08333	0.08333
503	2115	0.08333	2.90425	370.26242	0.08333	0.08333	0.08333	0.08333	0.08333	0.08333	0.08333	0.08333	0.08333
504	2088	0.08333	5.86653	365.39547	0.08333	0.08333	0.08333	0.08333	0.08333	0.08333	1.98800	0.08333	0.08333
505	2145	0.08334	0.08333	0.08333	151.71809	0.08333	0.08334	130.00222	0.08333	0.08334	0.08333	0.08333	91.52967
506	2174	337.83533	0.08333	0.08333	12.81655	2.97877	0.08333	19.70268	0.08333	0.08333	0.08333	0.08333	0.08333
507	2546	0.08333	2.75091	367.77157	0.08333	0.08333	0.08333	0.08333	0.08333	0.08333	2.72753	0.08333	0.08333
508	2344	285.89662	0.08333	0.08333	0.08333	0.08333	0.08333	3.43424	0.08333	83.91914	0.08333	0.08333	0.08333
509	2274	0.08333	0.08333	0.08333	0.08333	0.08333	0.08333	0.08333	0.08333	373.08333	0.08333	0.08333	0.08333
510	2415	0.08333	0.08333	0.08333	0.08333	0.08333	0.08333	0.08333	0.08333	373.08333	0.08333	0.08333	0.08333
511	2037	0.08333	28.92288	344.24378	0.08333	0.08333	0.08333	0.08333	0.08333	0.08333	0.08333	0.08333	0.08333
512	2136	0.08333	6.85830	362.74195	0.08333	0.08333	0.08333	0.08333	0.08333	0.08333	3.64975	0.08333	0.08333
513	1958	0.08333	0.08333	0.08333	0.08333	0.08333	373.08333	0.08333	0.08333	0.08333	0.08333	0.08333	0.08333
514	2486	0.08333	0.08333	0.08333	373.08333	0.08333	0.08333	0.08333	0.08333	0.08333	0.08333	0.08333	0.08333
515	2513	0.08333	0.08333	0.08333	373.08333	0.08333	0.08333	0.08333	0.08333	0.08333	0.08333	0.08333	0.08333
516	2471	354.33980	0.08333	0.08334	0.08333	2.67343	0.08333	0.08333	0.08333	16.23677	0.08333	0.08333	0.08333
517	2190	0.08333	0.08333	373.08333	0.08333	0.08333	0.08333	0.08333	0.08333	0.08333	0.08333	0.08333	0.08333
518	2041	0.08333	0.08333	0.08333	0.08333	0.08333	0.08333	0.08333	0.08333	0.08333	0.08333	0.08333	373.08333
519	2456	0.08333	0.08333	0.08333	0.08333	0.08333	0.08333	0.08333	0.08333	0.08333	0.08333	0.08333	373.08333
520	2610	0.08335	0.08333	0.08333	78.37947	0.08333	0.08333	294.78718	0.08333	0.08334	0.08333	0.08333	0.08333
521	2401	0.08333	0.08333	0.08333	373.08333	0.08333	0.08333	0.08333	0.08333	0.08333	0.08333	0.08333	0.08333
522	2540	0.08333	0.08333	0.08333	0.08333	0.08333	0.08333	144.72892	0.08333	0.08333	0.08333	0.08333	228.43775
523	2198	365.94483	0.08333	0.08333	0.08333	0.08334	0.08333	7.22183	0.08333	0.08333	0.08333	0.08333	0.08333
524	2039	333.63651	0.08333	0.08333	3.55788	36.05559	0.08333	0.08333	0.08333	0.08335	0.08333	0.08333	0.08333
525	1973	0.08342	0.08333	0.08333	0.08333	0.08334	354.77026	18.39630	0.08333	0.08334	0.08333	0.08333	0.08333
526	2525	0.08333	0.08333	0.08333	0.08333	0.08333	0.08333	373.08333	0.08333	0.08333	0.08333	0.08333	0.08333
527	2128	304.07766	0.08334	0.08346	0.08333	0.08334	5.73776	46.71348	0.08333	16.80429	0.08334	0.08333	0.08333
528	2474	0.08333	0.08333	0.08333	0.08333	0.08333	0.08333	0.08333	0.08333	0.08333	0.08333	0.08333	373.08333
529	2411	0.08333	0.08333	0.08333	0.08333	0.08333	0.08333	0.08333	0.08333	0.08333	0.08333	0.08333	373.08333
530	2476	0.08333	373.08333	0.08333	0.08333	0.08333	0.08333	0.08333	0.08333	0.08333	0.08333	0.08333	0.08333
531	2443	0.08333	249.31210	0.08339	123.85449	0.08334	0.08333	0.08334	0.08333	0.08334	0.08333	0.08333	0.08334
532	2545	0.08333	326.02592	0.08334	47.14074	0.08333	0.08333	0.08333	0.08333	0.08333	0.08333	0.08333	0.08333
533	2314	0.08333	0.08333	0.08333	0.08333	0.08333	0.08333	0.08333	0.08333	0.08333	0.08333	0.08333	373.08333
534	2576	0.08333	373.08333	0.08333	0.08333	0.08333	0.08333	0.08333	0.08333	0.08333	0.08333	0.08333	0.08333
535	2318	0.08335	0.08333	0.08333	79.99958	0.08333	0.08333	276.23446	0.08333	17.01594	0.08333	0.08333	0.08333
536	2618	0.08333	0.08333	0.08333	0.08333	0.08333	0.08333	0.08333	0.08333	0.08333	0.08333	0.08333	373.08333
537	2021	0.08333	0.08333	373.08333	0.08333	0.08333	0.08333	0.08333	0.08333	0.08333	0.08333	0.08333	0.08333
538	1933	0.08333	0.08333	0.08333	0.08333	0.08333	0.08333	0.08333	0.08333	0.08333	0.08333	0.08333	373.08333
539	2403	0.08333	0.08333	0.08333	0.08333	0.08333	0.08333	0.08333	0.08333	0.08333	0.08333	0.08333	373.08333
540	2179	0.08333	0.08334	369.04393	0.08333	0.08333	0.08333	0.08333	0.08333	0.08333	4.12273	0.08333	0.08333
541	2031	0.08342	0.08334	0.08333	154.62254	0.08334	0.08333	218.54403	0.08333	0.08334	0.08333	0.08333	0.08333
542	2216	0.08333	2.96176	370.20490	0.08333	0.08333	0.08333	0.08333	0.08333	0.08333	0.08333	0.08333	0.08333
543	2444	0.08333	0.08333	0.08333	373.08333	0.08333	0.08333	0.08333	0.08333	0.08333	0.08333	0.08333	0.08333
544	2473	0.08340	0.08333	0.08334	139.47626	0.08334	0.08333	0.08334	0.08333	233.69032	0.08333	0.08333	0.08333
545	2325	184.87649	0.08333	0.08333	47.77591	0.08333	0.08333	128.56617	0.08333	0.08334	0.08333	0.08333	12.11477
546	2119	0.08333	0.08333	0.08333	0.08333	0.08333	0.08333	0.08333	0.08333	0.08333	0.08333	0.08333	373.08333
547	2566	0.08334	0.08333	0.08333	356.21145	0.08333	0.08333	0.08333	0.08333	0.08334	0.08333	0.08333	16.95520
548	2205	0.08334	0.08333	0.08333	167.42074	0.08333	0.08333	205.74591	0.08333	0.08334	0.08333	0.08333	0.08333
549	2652	0.08333	0.08333	0.08333	0.08333	0.08333	0.08333	0.08333	0.08333	373.08333	0.08333	0.08333	0.08333
550	2330	0.08345	0.08337	0.08333	13.30100	359.86550	0.08333	0.08334	0.08333	0.08334	0.08333	0.08333	0.08333
551	2316	0.08336	0.08333	0.08333	0.08333	41.52773	0.08333	0.08333	0.08333	0.08334	0.08333	0.08333	331.63890
552	2178	0.08333	0.08333	0.08333	0.08333	0.08333	0.08333	0.08333	0.08333	0.08333	0.08333	0.08333	373.08333
553	2035	0.08333	0.08333	0.08333	0.08333	0.08333	0.08333	0.08333	0.08333	0.08333	0.08333	0.08333	373.08333
554	2049	0.08333	0.08333	0.08333	0.08333	0.08333	0.08333	0.08333	0.08333	0.08333	0.08333	0.08333	373.08333
555	2268	267.33433	0.08333	0.08333	12.84227	23.82015	69.33657	0.08333	0.08333	0.08334	0.08333	0.08333	0.08333
556	2332	329.88952	0.08333	0.08333	0.08333	30.57611	0.08333	0.08333	0.08333	12.78437	0.08333	0.08333	0.08333
557	2146	0.08333	0.08333	0.08333	0.08333	0.08333	0.08333	0.08333	0.08333	0.08333	0.08333	0.08333	373.08333
558	2383	0.08333	373.08333	0.08333	0.08333	0.08333	0.08333	0.08333	0.08333	0.08333	0.08333	0.08333	0.08333
559	2637	0.08333	0.08333	0.08333	0.08333	0.08333	0.08333	373.08333	0.08333	0.08333	0.08333	0.08333	0.08333
560	1970	215.65267	0.08333	0.08333	0.08333	0.08333	0.08333	37.91281	0.08333	119.68453	0.08333	0.08333	0.08333
561	2012	0.08333	0.08333	0.08333	0.08333	0.08333	373.08333	0.08333	0.08333	0.08333	0.08333	0.08333	0.08333
562	2171	0.08333	0.08333	0.08333	0.08333	0.08333	373.08333	0.08333	0.08333	0.08333	0.08333	0.08333	0.08333
563	2209	0.08336	0.08333	0.08333	38.06128	0.08333	0.08333	335.10536	0.08333	0.08334	0.08333	0.08333	0.08333
564	1963	0.08333	4.53186	364.20953	0.08333	0.08333	0.08333	0.08333	0.08333	0.08333	4.50860	0.08333	0.08333
565	2304	286.79483	0.08333	0.08333	0.08333	0.08333	0.08333	12.88933	0.08333	73.56584	0.08333	0.08333	0.08333
566	2355	237.93004	0.08333	0.08333	0.08333	0.08333	0.08334	135.23662	0.08333	0.08333	0.08333	0.08333	0.08333
567	2148	318.92701	0.08333	0.08333	0.08333	54.23965	0.08333	0.08333	0.08333	0.08334	0.08333	0.08333	0.08333
568	2259	0.08341	0.08333	0.08335	82.31121	0.08334	0.08334	0.08333	0.08333	290.85535	0.08333	0.08333	0.08333
569	2066	0.08333	0.08333	0.08333	373.08333	0.08333	0.08333	0.08333	0.08333	0.08333	0.08333	0.08333	0.08333
570	2151	373.08333	0.08333	0.08333	0.08333	0.08333	0.08333	0.08333	0.08333	0.08333	0.08333	0.08333	0.08333
571	2393	0.08333	360.86497	0.08339	12.30164	0.08333	0.08333	0.08333	0.08333	0.08333	0.08333	0.08333	0.08333
572	2438	0.08333	0.08333	0.08333	0.08333	0.08333	0.08333	0.08333	0.08333	373.08333	0.08333	0.08333	0.08333
573	2400	0.08333	0.08333	0.08333	0.08333	0.08333	0.08333	373.08333	0.08333	0.08333	0.08333	0.08333	0.08333
574	2454	0.08333	373.08333	0.08333	0.08333	0.08333	0.08333	0.08333	0.08333	0.08333	0.08333	0.08333	0.08333
575	2284	0.08333	0.08333	0.08333	0.08333	0.08333	373.08333	0.08333	0.08333	0.08333	0.08333	0.08333	0.08333
576	2298	0.08333	0.08333	0.08333	0.08333	0.08333	0.08333	373.08333	0.08333	0.08333	0.08333	0.08333	0.08333
577	2003	0.08333	0.08333	0.08333	0.08333	0.08333	0.08333	0.08333	0.08333	373.08333	0.08333	0.08333	0.08333
578	2295	338.16186	0.08333	0.08333	0.08333	6.72414	0.08333	28.36400	0.08333	0.08333	0.08333	0.08333	0.08333
579	1990	0.08333	0.08333	0.08333	0.08333	0.08333	0.08333	0.08333	0.08333	0.08333	0.08333	0.08333	373.08333
580	2544	319.22830	0.08333	0.08341	0.08334	7.42862	0.08333	46.59300	0.08333	0.08333	0.08333	0.08333	0.08333
581	2061	0.08333	0.08333	0.08333	0.08333	0.08333	373.08333	0.08333	0.08333	0.08333	0.08333	0.08333	0.08333
582	1976	0.08333	0.08333	0.08333	0.08333	0.08333	373.08333	0.08333	0.08333	0.08333	0.08333	0.08333	0.08333
583	1927	0.08333	0.08333	0.08333	0.08333	0.08333	373.08333	0.08333	0.08333	0.08333	0.08333	0.08333	0.08333
584	2055	0.08340	0.08333	367.89611	5.27047	0.08334	0.08333	0.08333	0.08333	0.08333	0.08333	0.08333	0.08333
585	2350	0.08342	316.09091	0.08353	28.31654	0.08341	0.08333	0.08333	0.08333	28.84219	0.08333	0.08333	0.08333
586	2588	351.59080	0.08335	0.08333	12.98143	8.67775	0.08333	0.08334	0.08333	0.08334	0.08333	0.08333	0.08333
587	2450	0.08333	0.08333	0.08333	0.08333	0.08333	0.08333	373.08333	0.08333	0.08333	0.08333	0.08333	0.08333
588	2320	0.08333	0.08333	0.08333	373.08333	0.08333	0.08333	0.08333	0.08333	0.08333	0.08333	0.08333	0.08333
589	1992	0.08333	0.08333	0.08333	373.08333	0.08333	0.08333	0.08333	0.08333	0.08333	0.08333	0.08333	0.08333
590	2571	0.08336	0.08333	0.08334	0.08333	111.87536	112.26934	0.08334	0.08333	149.10526	0.08333	0.08333	0.08333
591	2234	0.08333	373.08333	0.08333	0.08333	0.08333	0.08333	0.08333	0.08333	0.08333	0.08333	0.08333	0.08333
592	2387	0.08339	356.66958	0.08342	0.08333	0.08334	0.08333	0.08333	0.08333	16.49693	0.08333	0.08333	0.08333
593	1968	0.08333	0.08333	0.08333	0.08333	0.08333	373.08333	0.08333	0.08333	0.08333	0.08333	0.08333	0.08333
594	2585	0.08333	0.08333	0.08333	0.08333	0.08333	373.08333	0.08333	0.08333	0.08333	0.08333	0.08333	0.08333
595	2405	0.08333	0.08333	0.08333	0.08333	0.08333	0.08333	0.08333	0.08333	0.08333	0.08333	0.08333	373.08333
596	2162	0.08333	0.08333	0.08333	0.08333	0.08333	0.08333	0.08333	0.08333	0.08333	0.08333	0.08333	373.08333
597	2402	0.08333	0.08333	0.08333	0.08333	0.08333	0.08333	0.08333	0.08333	0.08333	0.08333	0.08333	373.08333
598	2238	0.08333	0.08333	0.08333	0.08333	0.08333	0.08333	0.08333	0.08333	0.08333	0.08333	0.08333	373.08333
599	2089	0.08333	0.08333	0.08333	0.08333	0.08333	0.08333	0.08333	0.08333	0.08333	0.08333	0.08333	373.08333
600	2044	0.08333	373.08333	0.08333	0.08333	0.08333	0.08333	0.08333	0.08333	0.08333	0.08333	0.08333	0.08333
601	2379	0.08337	0.08333	0.08334	133.09570	0.08334	0.08333	0.08333	0.08333	240.07093	0.08333	0.08333	0.08333
602	2651	0.08333	0.08333	0.08333	305.82111	0.08333	0.08333	0.08334	0.08333	67.34555	0.08333	0.08333	0.08333
603	2009	0.08333	0.08333	0.08333	0.08333	0.08333	373.08333	0.08333	0.08333	0.08333	0.08333	0.08333	0.08333
604	2177	373.08333	0.08333	0.08333	0.08333	0.08333	0.08333	0.08333	0.08333	0.08333	0.08333	0.08333	0.08333
605	2252	373.08333	0.08333	0.08333	0.08333	0.08333	0.08333	0.08333	0.08333	0.08333	0.08333	0.08333	0.08333
606	2231	0.08333	0.08333	0.08333	0.08333	0.08333	0.08333	0.08333	0.08333	0.08333	0.08333	0.08333	373.08333
607	2076	0.08333	0.08333	0.08333	373.08333	0.08333	0.08333	0.08333	0.08333	0.08333	0.08333	0.08333	0.08333
608	2367	0.08337	0.08333	0.08334	154.24527	0.08334	0.08333	0.08334	0.08333	218.92135	0.08333	0.08333	0.08333
609	2303	0.08333	373.08333	0.08333	0.08333	0.08333	0.08333	0.08333	0.08333	0.08333	0.08333	0.08333	0.08333
610	2455	0.08333	0.08333	0.08333	0.08333	0.08333	0.08333	0.08333	0.08333	0.08333	0.08333	0.08333	373.08333
611	2627	0.08333	0.08333	0.08333	0.08333	0.08333	373.08333	0.08333	0.08333	0.08333	0.08333	0.08333	0.08333
612	2534	0.08333	0.08333	0.08333	0.08333	0.08333	0.08333	0.08333	0.08333	0.08333	0.08333	0.08333	373.08333
613	2130	0.08333	0.08333	0.08333	0.08333	0.08333	0.08333	0.08333	0.08333	0.08333	0.08333	0.08333	373.08333
614	2480	0.08335	0.08333	0.08333	0.08333	0.08333	0.08333	335.92593	0.08333	37.24072	0.08333	0.08333	0.08333
615	2531	0.08339	0.08333	0.08334	0.08333	0.08334	54.80364	318.36295	0.08333	0.08334	0.08333	0.08333	0.08333
616	2389	0.08339	0.08333	0.08333	0.08333	0.08333	105.85831	267.30829	0.08333	0.08334	0.08333	0.08333	0.08333
617	2568	0.08333	0.08333	0.08333	0.08333	0.08333	0.08333	0.08333	0.08333	373.08333	0.08333	0.08333	0.08333
618	2014	0.08333	0.08333	0.08333	0.08333	0.08333	373.08333	0.08333	0.08333	0.08333	0.08333	0.08333	0.08333
619	1982	0.08336	98.52854	0.08335	112.05450	0.08334	0.08333	0.08333	0.08333	162.66691	0.08333	0.08333	0.08333
620	2452	0.08333	0.08333	0.08333	0.08333	0.08333	0.08333	373.08333	0.08333	0.08333	0.08333	0.08333	0.08333
621	2107	0.08333	0.08333	0.08333	0.08333	0.08333	0.08333	0.08333	0.08333	0.08333	0.08333	0.08333	373.08333
622	2239	327.68513	0.08333	0.08333	0.08333	27.71217	0.08333	17.85271	0.08333	0.08333	0.08333	0.08333	0.08333
623	2186	0.08333	0.08333	0.08333	373.08333	0.08333	0.08333	0.08333	0.08333	0.08333	0.08333	0.08333	0.08333
624	2621	0.08333	0.08333	0.08333	0.08333	0.08333	0.08333	373.08333	0.08333	0.08333	0.08333	0.08333	0.08333
625	2091	0.08333	0.08333	0.08333	0.08333	0.08333	0.08333	0.08333	0.08333	0.08333	0.08333	0.08333	373.08333
626	2256	0.08333	0.08333	0.08333	373.08333	0.08333	0.08333	0.08333	0.08333	0.08333	0.08333	0.08333	0.08333
627	2022	0.08333	0.08333	0.08333	0.08333	0.08333	373.08333	0.08333	0.08333	0.08333	0.08333	0.08333	0.08333
628	2508	331.33432	0.08333	0.08333	0.08333	8.73445	0.08333	0.08333	0.08333	33.18122	0.08333	0.08333	0.08333
629	1937	0.08333	0.08333	0.08333	0.08333	0.08333	0.08333	0.08333	0.08333	0.08333	0.08333	0.08333	373.08333
630	2632	0.08333	0.08333	0.08333	0.08333	0.08333	0.08333	228.28306	0.08333	0.08333	0.08333	0.08333	144.88361
631	2605	0.08356	24.54712	0.08346	0.08333	0.08334	0.08333	348.61917	0.08333	0.08335	0.08333	0.08333	0.08333
632	2572	0.08336	0.08333	0.08337	0.08333	271.69918	0.08333	0.08333	0.08333	101.46741	0.08333	0.08333	0.08333
633	2641	0.08336	0.08333	0.08333	0.08333	0.08333	0.08333	349.50023	0.08333	23.66641	0.08333	0.08333	0.08333
634	2522	282.18248	0.08333	0.08333	0.08333	0.08333	0.08333	0.08333	0.08333	90.98419	0.08333	0.08333	0.08333
635	2528	0.08333	0.08333	0.08333	0.08333	0.08333	0.08333	373.08333	0.08333	0.08333	0.08333	0.08333	0.08333
636	2439	0.08333	0.08333	0.08333	0.08333	0.08333	0.08333	373.08333	0.08333	0.08333	0.08333	0.08333	0.08333
637	2612	0.08336	0.08333	0.08333	341.44711	0.08333	0.08333	0.08334	0.08333	0.08334	0.08333	0.08333	31.71952
638	2448	0.08333	0.08333	0.08333	0.08333	0.08333	0.08333	0.08333	0.08333	0.08333	0.08333	0.08333	373.08333
639	1950	0.08333	0.08333	0.08333	0.08333	0.08333	373.08333	0.08333	0.08333	0.08333	0.08333	0.08333	0.08333
640	2493	0.08333	0.08333	0.08333	0.08333	0.08333	0.08333	373.08333	0.08333	0.08333	0.08333	0.08333	0.08333
641	2181	0.08333	0.08333	0.08333	0.08333	0.08333	0.08333	0.08333	0.08333	0.08333	0.08333	0.08333	373.08333
642	2024	0.08333	0.08333	0.08333	0.08333	0.08333	373.08333	0.08333	0.08333	0.08333	0.08333	0.08333	0.08333
643	2001	0.08333	0.08333	0.08333	0.08333	0.08333	373.08333	0.08333	0.08333	0.08333	0.08333	0.08333	0.08333
644	2217	0.08333	0.08333	0.08333	0.08333	0.08333	0.08333	293.10555	0.08333	0.08333	0.08333	0.08333	80.06111
645	1969	0.08333	0.08333	0.08333	0.08333	373.08333	0.08333	0.08333	0.08333	0.08333	0.08333	0.08333	0.08333
646	2497	0.08333	0.08333	0.08333	0.08333	0.08333	0.08333	0.08333	0.08333	0.08333	0.08333	0.08333	373.08333
647	2345	0.08337	0.08334	0.08334	162.33617	0.08334	0.08333	0.08333	0.08333	210.83044	0.08333	0.08333	0.08333
648	2017	0.08333	0.08333	0.08333	62.25000	0.08333	0.08333	0.08333	0.08333	0.08333	0.08333	0.08334	310.91667
649	2321	0.08333	0.08333	0.08333	0.08333	0.08333	0.08333	0.08333	0.08333	0.08333	0.08333	0.08333	373.08333
650	2459	0.08336	0.08333	0.08333	0.08333	0.08333	326.55823	36.82577	0.08333	9.86598	0.08333	0.08333	0.08333
651	2514	0.08333	0.08333	0.08333	373.08333	0.08333	0.08333	0.08333	0.08333	0.08333	0.08333	0.08333	0.08333
652	2562	0.08333	0.08333	0.08333	0.08333	0.08333	0.08333	0.08333	0.08333	0.08333	0.08333	0.08333	373.08333
653	2581	0.08336	0.08334	0.08343	210.30887	0.08334	0.08333	104.86081	0.08333	0.08334	0.08333	0.08333	58.08018
654	2019	0.08333	373.08333	0.08333	0.08333	0.08333	0.08333	0.08333	0.08333	0.08333	0.08333	0.08333	0.08333
655	2106	0.08333	0.08333	0.08333	0.08333	0.08333	0.08333	0.08333	0.08333	0.08333	0.08333	373.08333	0.08333
656	2421	0.08333	0.08333	0.08333	0.08333	0.08333	0.08333	0.08333	0.08333	0.08333	0.08333	251.34999	121.81668
657	2141	0.08333	0.08333	0.08333	0.08333	0.08333	0.08333	373.08333	0.08333	0.08333	0.08333	0.08333	0.08333
658	2449	0.08335	356.30366	0.08342	16.86289	0.08333	0.08333	0.08333	0.08333	0.08334	0.08333	0.08333	0.08333
659	2440	0.08333	0.08333	0.08333	0.08333	0.08333	0.08333	0.08333	0.08333	0.08333	0.08333	0.08333	373.08333
660	2129	0.08333	0.08333	0.08333	0.08333	0.08333	0.08333	0.08333	0.08333	0.08333	0.08333	0.08333	373.08333
661	2494	0.08333	0.08333	0.08333	0.08333	0.08333	373.08333	0.08333	0.08333	0.08333	0.08333	0.08333	0.08333
662	2013	0.08333	0.08333	0.08333	0.08333	0.08333	373.08333	0.08333	0.08333	0.08333	0.08333	0.08333	0.08333
663	2099	215.56817	0.08333	0.08333	0.08333	0.08333	24.95000	0.08333	0.08333	0.08333	0.08333	0.08333	132.73183
664	1977	0.08333	0.08333	0.08333	373.08333	0.08333	0.08333	0.08333	0.08333	0.08333	0.08333	0.08333	0.08333
665	2160	0.08333	0.08333	0.08333	0.08333	0.08333	0.08333	0.08333	0.08333	0.08333	0.08333	0.08333	373.08333
666	2251	0.08333	0.08333	0.08333	0.08333	0.08333	0.08333	0.08333	0.08333	0.08333	0.08333	0.08333	373.08333
667	2286	0.08333	0.08333	0.08333	0.08333	0.08333	0.08333	0.08333	0.08333	0.08333	0.08333	0.08333	373.08333
668	2577	0.08333	0.08333	0.08333	0.08333	0.08333	0.08333	0.08333	0.08333	0.08333	0.08333	0.08333	373.08333
669	2519	361.83478	0.08333	0.08333	0.08333	0.08334	0.08333	11.33188	0.08333	0.08333	0.08333	0.08333	0.08333
670	1936	0.08333	0.08333	0.08333	0.08333	0.08333	0.08333	0.08333	0.08333	0.08333	0.08333	0.08333	373.08333
671	2413	0.08333	0.08333	0.08333	0.08333	0.08333	0.08333	373.08333	0.08333	0.08333	0.08333	0.08333	0.08333
672	2065	0.08333	0.08333	0.08333	373.08333	0.08333	0.08333	0.08333	0.08333	0.08333	0.08333	0.08333	0.08333
673	2599	0.08333	0.08333	0.08333	0.08333	373.08333	0.08333	0.08333	0.08333	0.08333	0.08333	0.08333	0.08333
674	2490	0.08333	0.08333	0.08333	373.08333	0.08333	0.08333	0.08333	0.08333	0.08333	0.08333	0.08333	0.08333
675	2248	0.08333	0.08333	0.08333	0.08333	0.08333	0.08333	0.08333	0.08333	0.08333	0.08333	0.08333	373.08333
676	2342	0.08334	0.08333	0.08333	0.08333	0.08333	0.08333	19.53383	0.08333	0.08333	0.08333	0.08333	353.63283
677	1949	0.08333	0.08333	0.08333	0.08333	0.08333	0.08333	0.08333	0.08333	0.08333	0.08333	0.08333	373.08333
678	1956	0.08333	0.08333	0.08333	0.08333	0.08333	0.08333	261.82563	0.08333	0.08333	0.08333	0.08333	111.34103
679	2281	0.08333	0.08333	0.08333	0.08333	0.08333	0.08333	373.08333	0.08333	0.08333	0.08333	0.08333	0.08333
680	2070	0.08333	0.08333	0.08333	0.08333	0.08333	0.08333	0.08333	0.08333	0.08333	0.08333	0.08333	373.08333
681	2272	0.08334	0.08333	0.08334	0.08333	0.08333	0.08333	342.56090	0.08333	30.60575	0.08333	0.08333	0.08333
682	2080	0.08333	0.08333	0.08333	0.08333	0.08333	0.08333	0.08333	0.08333	0.08333	0.08333	0.08333	373.08333
683	2265	0.08333	0.08333	0.08333	373.08333	0.08333	0.08333	0.08333	0.08333	0.08333	0.08333	0.08333	0.08333
684	2167	0.08333	0.08333	0.08333	0.08333	0.08333	0.08333	373.08333	0.08333	0.08333	0.08333	0.08333	0.08333
685	2426	0.08333	0.08333	0.08333	373.08333	0.08333	0.08333	0.08333	0.08333	0.08333	0.08333	0.08333	0.08333
686	2255	0.08333	0.08333	0.08333	373.08333	0.08333	0.08333	0.08333	0.08333	0.08333	0.08333	0.08333	0.08333
687	2622	0.08333	0.08333	0.08333	373.08333	0.08333	0.08333	0.08333	0.08333	0.08333	0.08333	0.08333	0.08333
688	2524	0.08338	335.63975	0.08344	0.08333	37.52675	0.08333	0.08333	0.08333	0.08334	0.08333	0.08333	0.08333
689	2008	0.08333	0.08333	0.08333	0.08333	0.08333	0.08333	0.08333	0.08333	0.08333	0.08333	0.08333	373.08333
690	2173	0.08333	0.08333	0.08333	0.08333	0.08333	0.08333	0.08333	0.08333	0.08333	0.08333	0.08333	373.08333
691	1915	0.08333	0.08333	0.08333	0.08333	0.08333	0.08333	0.08333	0.08333	0.08333	0.08333	0.08333	373.08333
692	2614	0.08333	0.08333	0.08333	0.08334	0.08333	0.08333	84.59791	0.08333	0.08334	0.08333	0.08333	288.56874
693	2023	0.08333	0.08333	0.08333	0.08333	0.08333	0.08333	0.08333	0.08333	0.08333	0.08333	0.08333	373.08333
694	2193	0.08333	0.08333	0.08333	0.08333	0.08333	0.08333	0.08333	0.08333	0.08333	0.08333	0.08333	373.08333
695	2422	0.08333	0.08333	0.08333	0.08333	0.08333	0.08333	373.08333	0.08333	0.08333	0.08333	0.08333	0.08333
696	2441	0.08333	0.08333	0.08333	0.08333	0.08333	0.08333	373.08333	0.08333	0.08333	0.08333	0.08333	0.08333
697	1961	0.08334	0.08333	0.08333	0.08333	0.08333	0.08333	305.49205	0.08333	0.08333	0.08333	0.08333	67.67461
698	2505	0.08333	0.08333	0.08333	373.08333	0.08333	0.08333	0.08333	0.08333	0.08333	0.08333	0.08333	0.08333
699	2094	0.08333	0.08333	0.08333	0.08333	0.08333	0.08333	373.08333	0.08333	0.08333	0.08333	0.08333	0.08333
700	2036	0.08333	0.08333	0.08333	373.08333	0.08333	0.08333	0.08333	0.08333	0.08333	0.08333	0.08333	0.08333
701	2656	0.08333	0.08333	0.08333	0.08333	0.08333	0.08333	0.08333	0.08333	0.08333	0.08333	0.08333	373.08333
702	2100	0.08333	0.08333	0.08333	0.08333	0.08333	0.08333	373.08333	0.08333	0.08333	0.08333	0.08333	0.08333
703	2277	0.08334	0.08333	0.08333	63.33557	0.08333	0.08333	0.08333	0.08333	0.08333	0.08333	0.08333	309.83108
704	2580	0.08333	0.08333	0.08333	0.08333	0.08333	0.08333	0.08333	0.08333	0.08333	0.08333	0.08333	373.08333
705	1974	62.25000	0.08333	0.08333	310.91667	0.08333	0.08333	0.08333	0.08333	0.08333	0.08333	0.08333	0.08333
706	2380	0.08333	0.08333	0.08333	0.08333	0.08333	0.08333	0.08333	0.08333	0.08333	0.08333	0.08333	373.08333
707	2301	0.08333	0.08333	0.08333	0.08333	0.08333	0.08333	282.22523	0.08333	0.08333	0.08333	0.08333	90.94144
708	2182	0.08333	0.08333	0.08333	0.08333	0.08333	0.08333	373.08333	0.08333	0.08333	0.08333	0.08333	0.08333
709	2175	0.08336	0.08333	0.08333	0.08334	0.08333	0.08333	234.79191	0.08333	0.08333	0.08333	0.08333	138.37473
710	2481	0.08333	0.08333	0.08333	0.08333	0.08333	0.08333	373.08333	0.08333	0.08333	0.08333	0.08333	0.08333
711	2515	0.08333	0.08333	0.08333	373.08333	0.08333	0.08333	0.08333	0.08333	0.08333	0.08333	0.08333	0.08333
712	2488	0.08333	0.08333	0.08333	0.08333	0.08333	0.08333	0.08333	0.08333	0.08333	0.08333	0.08333	373.08333
713	2015	0.08333	0.08333	0.08333	0.08333	0.08333	0.08333	0.08333	0.08333	0.08333	0.08333	0.08333	373.08333
714	2312	0.08333	0.08333	0.08333	0.08333	0.08333	0.08333	373.08333	0.08333	0.08333	0.08333	0.08333	0.08333
715	2635	0.08340	0.08334	0.08333	25.50430	104.88823	0.08334	0.08333	0.08333	242.85739	0.08333	0.08333	0.08333
716	2051	0.08333	0.08333	0.08333	0.08333	0.08333	0.08333	212.72383	0.08333	0.08333	0.08333	0.08333	160.44284
717	2262	0.08333	373.08333	0.08333	0.08333	0.08333	0.08333	0.08333	0.08333	0.08333	0.08333	0.08333	0.08333
718	2305	0.08333	0.08333	0.08333	0.08333	373.08333	0.08333	0.08333	0.08333	0.08333	0.08333	0.08333	0.08333
719	2230	154.90037	0.08333	0.08333	0.08333	0.08333	0.08333	0.08333	0.08333	0.08333	0.08333	0.08333	218.26629
720	2034	0.08333	0.08333	0.08333	0.08333	0.08333	0.08333	0.08333	0.08333	0.08333	0.08333	144.77855	228.38811
721	2527	0.08333	373.08333	0.08333	0.08333	0.08333	0.08333	0.08333	0.08333	0.08333	0.08333	0.08333	0.08333
722	2227	0.08333	0.08333	0.08333	0.08333	0.08333	0.08333	128.69370	0.08333	0.08333	0.08333	0.08333	244.47297
723	2113	0.08333	0.08333	0.08333	0.08333	0.08333	0.08333	373.08333	0.08333	0.08333	0.08333	0.08333	0.08333
724	1996	0.08333	0.08333	0.08333	0.08333	0.08333	0.08333	0.08333	0.08333	0.08333	0.08333	0.08333	373.08333
725	2541	0.08333	0.08333	0.08333	0.08333	0.08333	0.08333	0.08333	0.08333	0.08333	0.08333	0.08333	373.08333
726	2358	0.08333	0.08333	0.08333	0.08333	0.08333	0.08333	0.08333	0.08333	0.08333	0.08333	0.08333	373.08333
727	2431	0.08333	0.08333	0.08333	0.08333	0.08333	0.08333	373.08333	0.08333	0.08333	0.08333	0.08333	0.08333
728	2373	0.08333	0.08333	0.08333	0.08333	0.08333	0.08333	0.08333	0.08333	0.08333	0.08333	0.08333	373.08333
729	2548	0.08333	0.08333	0.08333	0.08333	0.08333	0.08333	373.08333	0.08333	0.08333	0.08333	0.08333	0.08333
730	2085	0.08334	0.08333	0.08333	286.30291	0.08333	0.08333	0.08334	0.08333	0.08334	0.08333	0.08333	86.86375
731	2382	0.08333	0.08333	0.08333	0.08333	0.08333	0.08333	0.08333	0.08333	0.08333	0.08333	0.08333	373.08333
732	2263	0.08333	0.08333	0.08333	0.08333	0.08333	0.08333	373.08333	0.08333	0.08333	0.08333	0.08333	0.08333
733	2595	0.08333	373.08333	0.08333	0.08333	0.08333	0.08333	0.08333	0.08333	0.08333	0.08333	0.08333	0.08333
734	1924	0.08333	0.08333	0.08333	373.08333	0.08333	0.08333	0.08333	0.08333	0.08333	0.08333	0.08333	0.08333
735	2388	0.08333	0.08333	0.08333	0.08333	0.08333	0.08333	0.08333	0.08333	0.08333	0.08333	0.08333	373.08333
736	2565	0.08333	0.08333	0.08333	0.08333	0.08333	0.08333	0.08333	0.08333	0.08333	0.08333	0.08333	373.08333
737	563	0.08333	0.08333	0.08333	0.08333	0.08333	0.08333	0.08333	373.08333	0.08333	0.08333	0.08333	0.08333
738	1967	0.08333	0.08333	0.08333	0.08333	0.08333	0.08333	0.08333	373.08333	0.08333	0.08333	0.08333	0.08333
739	2483	0.08333	373.08333	0.08333	0.08333	0.08333	0.08333	0.08333	0.08333	0.08333	0.08333	0.08333	0.08333
740	2634	0.08333	0.08333	0.08333	0.08333	0.08333	0.08333	0.08333	0.08333	0.08333	0.08333	0.08333	373.08333
741	2204	0.08333	0.08333	0.08333	0.08333	0.08333	0.08333	0.08333	0.08333	0.08333	0.08333	373.08333	0.08333
742	2168	0.08333	0.08333	0.08333	0.08333	0.08333	0.08333	0.08333	0.08333	0.08333	0.08333	373.08333	0.08333
743	2219	0.08333	0.08333	0.08333	373.08333	0.08333	0.08333	0.08333	0.08333	0.08333	0.08333	0.08333	0.08333
744	2442	0.08333	373.08333	0.08333	0.08333	0.08333	0.08333	0.08333	0.08333	0.08333	0.08333	0.08333	0.08333
745	2437	0.08333	0.08333	0.08333	0.08333	0.08333	0.08333	0.08333	0.08333	0.08333	0.08333	373.08333	0.08333
746	428	0.08333	0.08333	0.08333	0.08333	0.08333	0.08333	0.08333	373.08333	0.08333	0.08333	0.08333	0.08333
