0	2290	0.12500	0.12500	0.12500	0.12500	373.12500	0.12500	0.12500	0.12500
1	2363	0.12500	0.12500	0.12500	0.12500	373.12500	0.12500	0.12500	0.12500
2	2346	0.12500	0.12500	373.12500	0.12500	0.12500	0.12500	0.12500	0.12500
3	2025	0.12500	0.12500	373.12500	0.12500	0.12500	0.12500	0.12500	0.12500
4	2140	0.12500	0.12500	0.12500	0.12500	370.87360	0.12500	0.12500	2.37640
5	2428	0.12500	0.12526	0.12500	0.12500	365.13410	0.12502	0.12500	8.11561
6	2201	0.12500	0.12500	0.12500	0.12500	371.11280	0.12500	0.12500	2.13720
7	2506	0.12500	0.12502	0.12500	0.12500	363.84271	0.12500	0.12500	9.40727
8	2425	0.12500	119.40829	0.12500	253.84067	0.12512	0.12591	0.12500	0.12501
9	2557	0.12500	0.12537	0.12500	112.93498	0.12500	260.31465	0.12500	0.12500
10	2532	0.12500	0.12501	0.12500	0.12500	369.54645	0.12500	0.12500	3.70353
11	2073	0.12500	0.12500	0.12500	0.12500	373.12500	0.12500	0.12500	0.12500
12	2278	0.12500	9.85912	0.12500	0.12500	361.20413	0.12504	0.12500	2.31170
13	2551	0.12500	4.95304	0.12500	0.12500	368.29690	0.12506	0.12500	0.12500
14	2077	0.12500	0.12500	0.12500	0.12500	373.12500	0.12500	0.12500	0.12500
15	2369	0.12500	0.12501	0.12500	0.12500	371.20651	0.12500	0.12500	2.04348
16	1465	0.12500	360.89574	0.12500	0.12500	0.12525	12.35399	0.12500	0.12501
17	2592	0.12500	334.03177	0.12500	0.12500	0.12575	39.21747	0.12500	0.12500
18	2046	0.12500	0.12500	0.12500	0.12500	373.12500	0.12500	0.12500	0.12500
19	1941	0.12500	186.04009	0.12501	0.12501	180.69405	6.64084	0.12500	0.12501
20	2518	0.12500	0.12576	0.12500	0.12501	0.13307	348.45795	0.12500	24.78321
21	2132	0.12500	0.12559	0.12500	0.12500	0.13324	365.01069	8.23048	0.12500
22	2650	0.12500	373.12500	0.12500	0.12500	0.12500	0.12500	0.12500	0.12500
23	2207	0.12500	373.12500	0.12500	0.12500	0.12500	0.12500	0.12500	0.12500
24	2553	0.12500	0.12500	0.12500	0.12500	373.12500	0.12500	0.12500	0.12500
25	2078	0.12500	0.12501	0.12500	0.12500	369.40779	0.12500	0.12500	3.84219
26	2203	0.12500	318.01605	4.16667	0.12500	0.12500	51.19227	0.12500	0.12500
27	2143	0.12500	295.28217	60.32021	0.12500	0.12503	17.77259	0.12500	0.12500
28	2224	0.12500	351.26882	0.12500	0.12500	0.12502	21.98115	0.12500	0.12500
29	2510	0.12500	342.56804	0.12500	0.12501	0.12502	30.68193	0.12500	0.12500
30	2240	0.12500	0.12538	0.12500	0.12500	367.46992	0.12503	0.12500	5.77967
31	2563	0.12500	0.12500	0.12500	0.12500	373.12500	0.12500	0.12500	0.12500
32	2122	0.12500	0.12500	0.12500	0.12500	373.12500	0.12500	0.12500	0.12500
33	2118	0.12500	0.12500	0.12500	0.12500	371.09820	0.12500	0.12500	2.15179
34	1944	0.12500	0.12500	0.12500	373.12500	0.12500	0.12500	0.12500	0.12500
35	2117	0.12500	285.92801	0.12500	29.82726	0.12501	57.61971	0.12500	0.12500
36	2611	0.12500	0.12517	0.12500	0.12500	349.85003	0.12530	0.12500	23.39950
37	2184	0.12500	0.12521	0.12500	0.12500	364.83510	0.12500	0.12500	8.41470
38	2354	0.12500	0.12500	0.12500	0.12500	373.12500	0.12500	0.12500	0.12500
39	2169	0.12500	322.20404	0.12500	0.12500	0.12501	51.04594	0.12500	0.12500
40	2283	0.12500	301.07235	0.12500	12.16416	0.12502	60.13846	0.12500	0.12500
41	2620	0.12500	0.12500	373.12500	0.12500	0.12500	0.12500	0.12500	0.12500
42	1998	0.12500	0.12500	373.12500	0.12500	0.12500	0.12500	0.12500	0.12500
43	2654	0.12500	0.12500	0.12500	0.12500	373.12500	0.12500	0.12500	0.12500
44	2646	0.12500	0.12559	0.12500	0.12500	367.40757	0.12507	0.12533	5.84143
45	2228	0.12500	0.12500	0.12500	373.12500	0.12500	0.12500	0.12500	0.12500
46	2082	0.12500	0.12500	0.12500	373.12500	0.12500	0.12500	0.12500	0.12500
47	1979	0.12500	0.12500	0.12500	0.12500	370.95042	0.12500	0.12500	2.29958
48	2484	0.12500	0.12500	0.12500	0.12500	373.12500	0.12500	0.12500	0.12500
49	2257	0.12500	0.12500	0.12500	0.12500	370.66139	0.12500	0.12500	2.58860
50	2005	0.12500	0.12500	0.12500	0.12500	373.12500	0.12500	0.12500	0.12500
51	2560	0.12500	14.02729	0.12500	0.12501	359.22263	0.12504	0.12501	0.12502
52	1962	0.12500	0.12500	0.12500	0.12500	373.12500	0.12500	0.12500	0.12500
53	2206	0.12500	0.12500	0.12500	0.12500	369.49617	0.12500	0.12500	3.75382
54	2520	0.12500	0.12548	0.12500	0.12500	366.23446	0.12517	0.12500	7.01488
55	2104	0.12500	0.12500	0.12500	0.12500	373.12500	0.12500	0.12500	0.12500
56	2602	0.12500	0.12501	0.12500	0.12500	361.53972	0.12560	0.12500	11.70968
57	2521	0.12500	0.12500	0.12500	0.12500	373.12500	0.12500	0.12500	0.12500
58	2233	0.12500	15.72392	1.95234	0.12501	352.89740	2.92633	0.12500	0.12500
59	2200	0.12500	0.12500	0.12500	0.12500	368.74450	0.12500	0.12500	4.50550
60	2294	0.12500	162.89694	0.12500	0.12500	0.12500	210.35305	0.12500	0.12500
61	1981	0.12500	0.12500	0.12500	0.12500	0.12500	373.12500	0.12500	0.12500
62	2187	0.12500	360.45567	0.12500	0.12500	0.12501	12.79432	0.12500	0.12500
63	1916	0.12500	0.12500	0.12500	0.12500	0.12500	373.12500	0.12500	0.12500
64	1945	0.12500	337.15503	0.12500	0.12500	0.12501	36.09495	0.12500	0.12500
65	1959	0.12500	286.30342	0.12500	0.12500	3.77075	83.30081	0.12500	0.12500
66	1971	0.12500	0.12501	0.12500	0.12500	372.92559	0.12500	0.12500	0.32440
67	2436	0.12500	357.21971	0.12500	0.12500	0.12501	16.03027	0.12500	0.12500
68	2042	0.12500	363.52992	0.12500	0.12500	0.12501	9.72007	0.12500	0.12500
69	2084	0.12500	0.12513	0.12500	0.12501	344.02479	0.12533	0.12500	29.22473
70	2624	0.12500	0.12500	0.12500	0.12500	373.12500	0.12500	0.12500	0.12500
71	2364	0.12500	0.12500	373.12500	0.12500	0.12500	0.12500	0.12500	0.12500
72	1991	0.12500	0.12500	373.12500	0.12500	0.12500	0.12500	0.12500	0.12500
73	2110	0.12500	0.12500	0.12500	0.12500	0.12500	373.12500	0.12500	0.12500
74	2029	0.12500	0.12525	0.12500	74.03004	0.12501	299.21966	0.12502	0.12503
75	2607	0.12500	0.12501	0.12500	0.12500	371.17344	0.12500	0.12500	2.07655
76	2649	0.12500	346.02857	0.12500	0.12500	0.12501	27.22141	0.12500	0.12500
77	2087	0.12500	348.11497	0.12500	0.12500	0.12502	25.13500	0.12500	0.12500
78	2188	0.12500	0.12500	0.12500	0.12500	369.21476	0.12500	0.12500	4.03524
79	2477	0.12500	0.12500	0.12500	0.12500	373.12500	0.12500	0.12500	0.12500
80	2386	0.12500	0.12500	0.12500	0.12500	370.40242	0.12500	0.12500	2.84758
81	2543	0.12500	159.50764	0.12500	0.12500	204.41937	9.44798	0.12500	0.12500
82	2604	0.12500	0.12560	0.12500	0.12500	369.30311	0.12505	0.12500	3.94624
83	2561	0.12500	0.12501	0.12500	0.12500	365.71800	0.12500	0.12500	7.53198
84	2433	0.12500	0.12510	0.12500	2.67893	370.57096	0.12500	0.12500	0.12500
85	2496	0.12500	373.12500	0.12500	0.12500	0.12500	0.12500	0.12500	0.12500
86	2153	0.12500	349.89608	0.12500	0.12500	0.12507	23.35384	0.12500	0.12500
87	2536	0.12500	13.32805	0.12500	0.12500	353.57015	0.26346	0.12500	6.33833
88	2482	0.12500	0.12500	0.12500	0.12500	370.72734	0.12500	0.12500	2.52266
89	2512	0.12500	268.61195	0.12501	0.12501	0.12922	64.93611	0.12500	39.82270
90	2010	0.12500	319.35605	0.12500	0.12500	0.12501	53.89394	0.12500	0.12500
91	2103	0.12500	0.12500	0.12500	0.12500	369.00549	0.12500	0.12500	4.24450
92	2253	0.12500	0.12500	0.12500	0.12500	370.71641	0.12500	0.12500	2.53359
93	2500	0.12500	0.12500	0.12500	0.12500	373.12500	0.12500	0.12500	0.12500
94	2063	0.12500	0.12572	0.12500	0.12500	367.70054	0.12510	0.12500	5.54864
95	2509	0.12500	225.06249	0.12500	0.12500	0.12516	148.18734	0.12500	0.12500
96	2399	0.12500	219.58343	0.12500	0.12500	0.12501	153.66655	0.12500	0.12500
97	2150	0.12500	0.12500	0.12500	0.12500	373.12500	0.12500	0.12500	0.12500
98	2030	0.12500	0.12500	0.12500	0.12500	371.10489	0.12500	0.12500	2.14511
99	2374	0.12500	0.12500	0.12500	0.12500	373.12500	0.12500	0.12500	0.12500
100	1986	0.12500	0.12501	0.12500	0.12500	365.62379	0.12500	0.12500	7.62620
101	2630	0.12500	0.12500	0.12500	0.12500	370.93918	0.12500	0.12500	2.31082
102	2376	0.12500	0.12510	0.12500	2.23145	364.63027	0.12500	0.12500	6.51318
103	2326	0.12500	0.12500	0.12500	0.12500	373.12500	0.12500	0.12500	0.12500
104	2172	0.12500	0.12500	0.12500	0.12500	371.15913	0.12500	0.12500	2.09087
105	2133	0.12500	267.88747	0.12500	49.46684	0.12505	56.02063	0.12500	0.12500
106	2296	0.12500	0.12658	0.12500	360.56214	0.12501	0.12562	0.12500	12.68564
107	2626	0.12500	0.12500	373.12500	0.12500	0.12500	0.12500	0.12500	0.12500
108	2097	0.12500	0.12500	373.12500	0.12500	0.12500	0.12500	0.12500	0.12500
109	2093	0.12500	2.26897	0.12500	0.12500	370.98102	0.12500	0.12500	0.12500
110	2391	0.12500	0.12501	0.12500	0.12500	306.05614	0.12500	0.12500	67.19385
111	2275	0.12500	0.12500	0.12500	0.12500	373.12500	0.12500	0.12500	0.12500
112	1984	0.12501	0.12505	0.12500	0.12500	366.71351	0.12500	0.12500	6.53643
113	2347	0.12500	137.93791	0.12500	0.12500	228.62489	6.81214	0.12500	0.12505
114	2550	0.12500	5.09816	0.12500	0.12500	368.15181	0.12500	0.12500	0.12503
115	2047	0.12500	259.33087	0.12500	96.50556	0.12503	17.53853	0.12500	0.12500
116	1932	0.12500	363.10984	0.12500	0.12500	0.12501	10.14014	0.12500	0.12500
117	2655	0.12500	0.12500	0.12500	0.12500	370.87385	0.12500	0.12500	2.37615
118	1994	0.12500	373.12500	0.12500	0.12500	0.12500	0.12500	0.12500	0.12500
119	2292	0.12500	340.56587	0.12500	0.12501	0.12517	32.68394	0.12500	0.12501
120	2109	0.12500	0.12500	0.12500	0.12500	373.12500	0.12500	0.12500	0.12500
121	2040	0.12500	0.20419	0.12500	0.12500	363.27831	0.12512	7.40080	2.61659
122	2086	0.12500	0.12627	0.12500	0.12500	370.38311	0.12510	0.12500	2.86551
123	2460	0.12500	0.12501	0.12500	0.12500	368.63820	0.12500	0.12500	4.61179
124	2597	0.12500	373.12500	0.12500	0.12500	0.12500	0.12500	0.12500	0.12500
125	2282	0.12500	275.33207	0.12500	0.12501	0.12501	97.91790	0.12500	0.12500
126	2511	0.12500	270.70621	0.12500	0.12500	0.12502	102.54376	0.12500	0.12500
127	2598	0.12500	322.14211	0.12500	0.12500	0.12501	51.10787	0.12500	0.12500
128	2638	0.12500	0.12500	0.12500	0.12500	373.12500	0.12500	0.12500	0.12500
129	2390	0.12500	0.12500	0.12500	0.12500	0.12500	373.12500	0.12500	0.12500
130	2096	0.12500	0.12500	0.12500	0.12500	0.12500	373.12500	0.12500	0.12500
131	2218	0.12500	0.12519	0.12500	0.12500	362.99158	0.12502	0.12500	10.25822
132	1917	0.12500	0.12500	0.12500	0.12500	371.12885	0.12500	0.12500	2.12115
133	2353	0.12500	0.12500	0.12500	0.12500	368.64229	0.12500	0.12500	4.60771
134	2625	0.12500	0.12500	0.12500	0.12500	373.12500	0.12500	0.12500	0.12500
135	2194	0.12500	367.54790	0.12500	0.12500	0.12536	5.70174	0.12500	0.12500
136	2289	0.12500	279.86822	0.12500	49.25205	0.12501	44.25472	0.12500	0.12500
137	2323	0.12500	0.12500	0.12500	0.12500	373.12500	0.12500	0.12500	0.12500
138	2410	0.12500	0.12520	0.12500	0.12500	360.22975	0.12507	0.12500	13.01998
139	2631	0.12500	0.12500	0.12500	0.12500	359.99813	0.12500	0.12500	13.25187
140	2111	0.12500	290.78034	0.12500	0.12500	0.12501	82.46965	0.12500	0.12500
141	2062	0.12500	137.01111	0.12500	0.12500	31.34170	205.02219	0.12500	0.12501
142	2059	0.12500	0.12500	0.12500	0.12500	373.12500	0.12500	0.12500	0.12500
143	1938	0.12500	0.12500	0.12500	0.12500	369.09406	0.12500	0.12500	4.15594
144	2060	0.12500	0.12609	0.12500	0.12531	358.87972	0.13194	10.77453	3.71242
145	1939	0.12500	0.12500	0.12500	0.12500	0.12500	373.12500	0.12500	0.12500
146	2264	0.12500	306.94848	0.12501	0.12500	0.12501	66.30149	0.12500	0.12500
147	2574	0.12500	0.12500	0.12500	0.12500	373.12500	0.12500	0.12500	0.12500
148	2579	0.12500	0.12500	0.12500	0.12500	373.12500	0.12500	0.12500	0.12500
149	2419	0.12500	222.73255	0.12500	19.12992	0.12501	131.51252	0.12500	0.12500
150	2491	0.12500	341.80248	0.12500	0.12501	0.12506	31.44745	0.12500	0.12500
151	2468	0.12500	66.71758	0.12500	0.12506	299.36947	5.11825	0.12500	2.29463
152	2615	0.12500	0.12500	0.12500	0.12500	371.06894	0.12500	0.12500	2.18106
153	2507	0.12500	0.12500	0.12500	0.12500	367.42014	0.12500	0.12500	5.82986
154	2564	0.12500	0.12500	0.12500	0.12500	371.09353	0.12500	0.12500	2.15647
155	2420	0.12500	372.86745	0.12500	0.12500	0.12506	0.38249	0.12500	0.12500
156	1929	0.12500	0.12500	0.12500	0.12500	373.12500	0.12500	0.12500	0.12500
157	2154	0.12500	0.12501	0.12500	0.12500	370.75155	0.12500	0.12503	2.49841
158	1925	0.12500	0.12552	0.12500	0.12500	367.01127	3.17298	0.12500	3.19023
159	1940	0.12500	358.36274	0.12500	0.12500	0.12508	14.88717	0.12500	0.12500
160	2329	0.12500	3.19526	0.12500	0.12500	370.05473	0.12501	0.12500	0.12500
161	2469	0.12500	0.12500	0.12500	0.12500	373.12500	0.12500	0.12500	0.12500
162	2229	0.12501	0.12591	0.12500	0.12500	363.98415	0.12512	1.92851	7.46130
163	2552	0.12500	0.12500	0.12500	0.12500	369.72433	0.12500	0.12500	3.52567
164	1993	0.12500	0.12501	0.12500	0.12500	372.98611	0.12500	0.12500	0.26387
165	2032	0.12500	328.17505	0.12500	0.12501	0.12501	45.07493	0.12500	0.12500
166	2485	0.12500	0.12500	0.12500	0.12500	373.12500	0.12500	0.12500	0.12500
167	2395	0.12500	0.12599	0.12500	0.12500	371.01053	0.12502	0.12500	2.23846
168	2339	0.12500	0.12500	0.12500	0.12500	364.76459	0.12500	0.12500	8.48541
169	1989	0.12500	0.12500	0.12500	0.12500	373.12500	0.12500	0.12500	0.12500
170	2243	0.12500	0.12549	0.12500	0.12500	0.12656	360.20558	0.12500	13.04237
171	2434	0.12500	0.12500	0.12500	0.12500	0.12500	373.12500	0.12500	0.12500
172	2126	0.12500	0.12500	0.12500	373.12500	0.12500	0.12500	0.12500	0.12500
173	2408	0.12500	0.12500	0.12500	0.12500	373.12500	0.12500	0.12500	0.12500
174	2121	0.12500	0.12501	0.12500	0.12500	372.87634	0.12501	0.12500	0.37363
175	2453	0.12500	122.13600	0.12500	212.69813	0.12501	38.54086	0.12500	0.12500
176	2214	0.12500	129.82719	0.12500	228.95669	14.59097	0.12508	0.12500	0.12508
177	2633	0.12500	0.12500	373.12500	0.12500	0.12500	0.12500	0.12500	0.12500
178	2526	0.12500	7.07680	0.12500	0.12500	346.40764	0.12500	0.12500	19.89056
179	2430	0.12500	0.12500	0.12500	0.12500	365.32097	0.12500	0.12500	7.92902
180	1964	0.12500	129.90998	0.12500	243.33970	0.12501	0.12528	0.12500	0.12502
181	2064	0.12500	0.12500	0.12500	0.12500	371.07386	0.12500	0.12500	2.17614
182	2407	0.12500	0.12500	0.12500	0.12500	373.12500	0.12500	0.12500	0.12500
183	2317	0.12500	0.12500	0.12500	373.12500	0.12500	0.12500	0.12500	0.12500
184	2412	0.12500	0.12500	0.12500	373.12500	0.12500	0.12500	0.12500	0.12500
185	2406	0.12500	128.19483	0.12501	245.05491	0.12500	0.12520	0.12500	0.12505
186	2112	0.12500	0.12500	0.12500	0.12500	370.74225	0.12500	0.12500	2.50775
187	2404	0.12500	0.12501	0.12500	0.12500	361.80660	0.12500	0.12500	11.44340
188	2135	0.12500	373.12500	0.12500	0.12500	0.12500	0.12500	0.12500	0.12500
189	2498	0.12500	291.93410	0.12500	13.43959	0.12501	68.00129	0.12500	0.12501
190	2302	0.12500	356.78612	3.29113	0.12501	0.33430	3.87480	9.33864	0.12500
191	2629	0.12500	348.72087	3.15030	0.12500	0.12509	21.50374	0.12500	0.12500
192	2351	0.12500	359.58815	3.56625	0.12500	0.12507	10.22052	0.12500	0.12500
193	2212	0.12500	0.12500	0.12500	0.12500	373.12500	0.12500	0.12500	0.12500
194	2123	0.12500	0.12501	0.12500	0.12500	369.36961	0.12500	0.12500	3.88038
195	2053	0.12500	299.37727	0.12500	0.12500	0.12504	73.87268	0.12500	0.12500
196	2254	0.12500	347.02640	0.12500	0.12501	0.12500	26.22358	0.12500	0.12500
197	2271	0.12500	0.12500	0.12500	0.12500	368.91332	0.12500	0.12500	4.33668
198	2199	0.12500	284.67683	0.12500	4.60910	0.12502	84.08905	0.12500	0.12500
199	2054	0.12500	269.42330	0.12500	0.12500	0.12501	103.82668	0.12500	0.12500
200	2018	0.12500	0.12500	373.12500	0.12500	0.12500	0.12500	0.12500	0.12500
201	2636	0.12500	0.12500	373.12500	0.12500	0.12500	0.12500	0.12500	0.12500
202	2371	0.12500	0.12500	0.12500	373.12500	0.12500	0.12500	0.12500	0.12500
203	2166	0.12500	0.12500	0.12500	373.12500	0.12500	0.12500	0.12500	0.12500
204	2033	0.12500	0.12500	0.12500	0.12500	373.12500	0.12500	0.12500	0.12500
205	2608	0.12500	324.41464	0.12500	0.12501	0.12501	48.83533	0.12500	0.12500
206	2567	0.12500	365.84457	0.12500	0.12500	0.19990	4.22747	3.22799	0.12506
207	2338	0.12500	358.76249	0.12500	0.12500	0.12502	14.48749	0.12500	0.12500
208	1954	0.12500	242.26577	94.99640	0.12500	0.12501	36.11282	0.12500	0.12500
209	2555	0.12500	345.80957	0.12500	0.12500	0.12502	27.44040	0.12500	0.12500
210	2138	0.12500	364.53344	0.12500	0.12500	0.12501	8.71651	0.12500	0.12503
211	2357	0.12500	0.12500	0.12500	373.12500	0.12500	0.12500	0.12500	0.12500
212	2152	0.12500	0.12500	0.12500	373.12500	0.12500	0.12500	0.12500	0.12500
213	2372	0.12500	368.20663	0.12500	0.12500	0.12501	5.04336	0.12500	0.12500
214	2189	0.12500	293.38096	0.12500	0.12501	0.13241	0.12505	0.12500	79.86158
215	2590	0.12500	0.12500	0.12500	0.12500	367.30465	0.12500	0.12500	5.94535
216	2359	0.12500	0.12500	0.12500	0.12500	373.12500	0.12500	0.12500	0.12500
217	2020	0.12500	0.12500	0.12500	0.12500	373.12500	0.12500	0.12500	0.12500
218	2467	0.12500	0.12500	0.12500	0.12500	373.12500	0.12500	0.12500	0.12500
219	2266	0.12500	9.87234	0.12500	0.12500	334.65300	0.12562	0.12500	28.84904
220	2558	0.12500	126.87969	0.12500	246.37030	0.12500	0.12500	0.12500	0.12500
221	2375	0.12500	373.12500	0.12500	0.12500	0.12500	0.12500	0.12500	0.12500
222	1947	0.12500	0.12500	0.12500	0.12500	0.12500	373.12500	0.12500	0.12500
223	2432	0.12500	24.05335	0.12500	0.12500	0.12500	349.19664	0.12500	0.12500
224	2660	0.12500	0.12500	373.12500	0.12500	0.12500	0.12500	0.12500	0.12500
225	2640	0.12500	0.12500	373.12500	0.12500	0.12500	0.12500	0.12500	0.12500
226	2601	0.12500	0.12634	0.12500	0.12500	371.21479	0.12511	0.12500	2.03376
227	2069	0.12500	0.12520	0.12500	0.12500	361.82951	0.12502	0.12500	11.42027
228	2327	0.12500	277.36957	0.12500	0.12501	0.12502	95.88039	0.12500	0.12500
229	1928	0.12500	0.12500	373.12500	0.12500	0.12500	0.12500	0.12500	0.12500
230	2360	0.12500	0.12500	0.12500	373.12500	0.12500	0.12500	0.12500	0.12500
231	2156	0.12500	0.12500	0.12500	373.12500	0.12500	0.12500	0.12500	0.12500
232	2101	0.12500	160.08340	0.12500	0.12500	0.12501	213.16658	0.12500	0.12500
233	2095	0.12500	0.12500	0.12500	0.12500	373.12500	0.12500	0.12500	0.12500
234	2125	0.12500	297.93205	0.12500	0.12500	0.12501	75.31793	0.12500	0.12500
235	2124	0.12500	0.12502	0.12500	0.12500	370.84525	0.12500	0.12500	2.40474
236	2538	0.12500	0.12500	373.12500	0.12500	0.12500	0.12500	0.12500	0.12500
237	2447	0.12500	0.12500	373.12500	0.12500	0.12500	0.12500	0.12500	0.12500
238	2297	0.12500	0.12500	373.12500	0.12500	0.12500	0.12500	0.12500	0.12500
239	2659	0.12500	0.12501	275.66694	97.58305	0.12500	0.12500	0.12500	0.12500
240	2142	0.12500	0.12594	0.12500	0.12501	339.35366	13.85804	0.12500	20.16235
241	2414	0.12500	0.12559	0.12500	0.12500	369.02489	0.12505	0.12500	4.22446
242	2324	0.12500	0.13135	0.12501	0.12511	361.72593	0.13069	11.51184	0.12507
243	2334	0.12500	0.12913	0.12500	0.12500	351.14523	0.12583	0.12500	22.09981
244	2397	0.12500	0.12500	0.12500	373.12500	0.12500	0.12500	0.12500	0.12500
245	1978	0.12500	0.12500	0.12500	373.12500	0.12500	0.12500	0.12500	0.12500
246	2429	0.12500	0.12826	0.12500	0.12500	309.90175	0.12654	0.12500	63.34345
247	2300	0.12500	0.12501	0.12500	0.12500	338.25747	0.12500	0.12500	34.99252
248	2606	0.12500	0.12500	0.12500	0.12500	373.12500	0.12500	0.12500	0.12500
249	2276	0.12500	0.12500	0.12500	0.12500	373.12500	0.12500	0.12500	0.12500
250	2554	0.12500	0.12500	0.12500	0.12500	373.12500	0.12500	0.12500	0.12500
251	2258	0.12500	0.12501	0.12500	0.12500	365.21442	0.12500	0.12500	8.03556
252	2331	0.12500	0.12500	0.12500	0.12500	371.12221	0.12501	0.12500	2.12778
253	1942	0.12500	0.12500	0.12500	0.12500	0.12500	0.12500	0.12500	373.12500
254	2584	0.12500	0.12500	0.12500	0.12500	0.12500	0.12500	0.12500	373.12500
255	2517	0.12500	0.12500	0.12500	373.12500	0.12500	0.12500	0.12500	0.12500
256	2192	0.12500	0.12500	373.12500	0.12500	0.12500	0.12500	0.12500	0.12500
257	2090	0.12500	0.12500	0.12500	0.12500	371.10948	0.12500	0.12500	2.14052
258	2340	0.12500	0.12500	0.12500	0.12500	373.12500	0.12500	0.12500	0.12500
259	2127	0.12500	342.10092	3.73641	0.12501	0.12501	27.53765	0.12500	0.12500
260	1943	0.12500	0.12500	0.12500	0.12500	365.08129	0.12500	0.12500	8.16871
261	2586	0.12500	0.12500	0.12500	0.12500	373.12500	0.12500	0.12500	0.12500
262	2116	0.12500	0.12500	373.12500	0.12500	0.12500	0.12500	0.12500	0.12500
263	2365	0.12500	0.12500	373.12500	0.12500	0.12500	0.12500	0.12500	0.12500
264	2523	0.12500	0.12500	0.12500	373.12500	0.12500	0.12500	0.12500	0.12500
265	2158	0.12500	0.12500	0.12500	373.12500	0.12500	0.12500	0.12500	0.12500
266	1985	0.12500	39.15471	0.12500	0.12500	328.17273	0.12504	0.12500	6.04751
267	2279	0.12500	355.39152	0.12500	0.12500	0.12504	17.85844	0.12500	0.12500
268	1948	0.12500	344.29607	0.12500	0.12500	0.12504	28.95388	0.12500	0.12500
269	1957	0.12500	0.12500	373.12500	0.12500	0.12500	0.12500	0.12500	0.12500
270	2648	0.12500	0.12500	373.12500	0.12500	0.12500	0.12500	0.12500	0.12500
271	1946	0.12500	0.12502	0.12500	0.12500	371.12678	0.12500	0.12500	2.12320
272	2337	0.12500	0.12500	373.12500	0.12500	0.12500	0.12500	0.12500	0.12500
273	2225	0.12500	0.12500	373.12500	0.12500	0.12500	0.12500	0.12500	0.12500
274	2016	0.12500	0.12500	373.12500	0.12500	0.12500	0.12500	0.12500	0.12500
275	2244	0.12500	0.12500	0.12500	0.12500	371.21442	0.12500	0.12500	2.03557
276	2348	0.12500	0.12500	0.12500	0.12500	373.12500	0.12500	0.12500	0.12500
277	2600	0.12500	0.12538	0.12500	0.12500	366.87345	0.12503	0.12500	6.37614
278	2593	0.12500	0.12500	0.12500	0.12500	373.12500	0.12500	0.12500	0.12500
279	2056	0.12500	0.12506	0.12500	0.12500	329.35731	0.12500	0.12500	43.89262
280	2396	0.12500	0.12579	5.62023	0.12502	0.12501	367.62895	0.12500	0.12501
281	1952	0.12500	0.12514	0.12500	22.62968	0.12821	325.68256	0.12500	25.05941
282	2458	0.12500	293.88046	0.12500	0.12500	0.12501	79.36952	0.12500	0.12500
283	2489	0.12500	0.12557	0.12500	0.12500	366.12035	0.12505	0.12500	7.12903
284	1983	0.12500	0.12518	0.12500	0.12500	350.94533	0.12504	0.12500	22.30444
285	2328	0.12500	231.67905	0.12500	0.12500	0.12658	139.07888	0.12500	2.61549
286	2394	0.12500	245.24979	0.12500	0.12500	0.12501	128.00019	0.12500	0.12500
287	1718	0.12500	326.51663	0.12500	0.12501	0.12500	46.73335	0.12500	0.12500
288	2333	0.12500	270.90015	0.12500	0.12500	0.12571	102.34912	0.12500	0.12501
289	2446	0.12500	0.12500	0.12500	0.12500	373.12500	0.12500	0.12500	0.12500
290	1997	0.12500	0.12500	0.12500	0.12500	373.12500	0.12500	0.12500	0.12500
291	1955	0.12500	360.29091	0.12500	0.12500	0.12502	12.95907	0.12500	0.12500
292	1920	0.12500	354.89690	0.12500	0.12500	0.12502	18.35307	0.12500	0.12500
293	2074	0.12500	0.12500	0.12500	0.12500	373.12500	0.12500	0.12500	0.12500
294	1926	0.12500	306.30619	0.12500	41.71690	0.12501	25.35190	0.12500	0.12500
295	2570	0.12500	0.12500	0.12500	373.12500	0.12500	0.12500	0.12500	0.12500
296	2647	0.12500	0.12500	373.12500	0.12500	0.12500	0.12500	0.12500	0.12500
297	2435	0.12500	0.12500	373.12500	0.12500	0.12500	0.12500	0.12500	0.12500
298	2213	0.12500	0.12500	0.12500	0.12500	373.12500	0.12500	0.12500	0.12500
299	2464	0.12500	0.12500	0.12500	0.12500	373.12500	0.12500	0.12500	0.12500
300	2335	0.12500	0.12500	0.12500	373.12500	0.12500	0.12500	0.12500	0.12500
301	1960	0.12500	0.12500	0.12500	373.12500	0.12500	0.12500	0.12500	0.12500
302	2392	0.12500	0.12589	0.12500	0.12500	364.82622	8.42289	0.12500	0.12500
303	2549	0.12500	0.12500	0.12500	0.12500	373.12500	0.12500	0.12500	0.12500
304	2131	0.12500	0.12505	0.12500	0.12500	367.35477	0.12500	0.12500	5.89517
305	2309	0.12500	0.12521	0.12500	0.12501	365.37962	0.12501	0.12500	7.87015
306	2092	0.12500	0.12500	0.12500	0.12500	0.12500	0.12500	0.12500	373.12500
307	2165	0.12500	0.12500	0.12500	0.12500	370.13700	0.12500	0.12500	3.11300
308	2149	0.12500	326.10764	0.12500	0.12501	0.12501	47.14233	0.12500	0.12500
309	2007	0.12500	297.26745	0.12500	0.12501	0.60086	17.54694	0.12500	58.08474
310	2445	0.12500	373.12500	0.12500	0.12500	0.12500	0.12500	0.12500	0.12500
311	2306	0.12500	0.12500	0.12500	0.12500	373.12500	0.12500	0.12500	0.12500
312	2043	0.12500	0.12500	0.12500	0.12500	370.94794	0.12500	0.12500	2.30206
313	2535	0.12500	0.12500	0.12500	76.93451	0.12500	0.12500	296.31549	0.12500
314	2492	0.12500	0.12500	0.12500	0.12500	370.98795	0.12500	0.12500	2.26205
315	2361	0.12500	0.12500	0.12500	373.12500	0.12500	0.12500	0.12500	0.12500
316	2280	0.12500	211.65074	0.12500	0.12500	0.12501	161.59924	0.12500	0.12500
317	2619	0.12500	0.12502	0.12500	0.12500	370.80177	0.12500	0.12500	2.44821
318	2385	0.12500	363.65458	0.12500	0.12500	9.59539	0.12503	0.12500	0.12500
319	2530	0.12500	304.83560	0.12501	0.12500	51.37228	17.16710	0.12501	0.12500
320	1913	0.12500	0.12575	22.74057	0.12500	0.12503	350.50864	0.12500	0.12500
321	2542	0.12500	8.74499	0.12500	0.12500	357.40604	0.12507	0.12500	7.22390
322	2246	0.12500	252.80953	0.12500	0.12501	0.12502	120.44044	0.12500	0.12500
323	2002	0.12500	255.31049	0.12500	0.12500	0.12518	117.93931	0.12500	0.12501
324	1972	0.12500	0.12500	373.12500	0.12500	0.12500	0.12500	0.12500	0.12500
325	2242	0.12500	0.12551	0.12500	121.12408	29.49479	222.75562	0.12500	0.12501
326	2416	0.12500	0.12537	0.12500	155.50011	0.12500	217.74952	0.12500	0.12500
327	2071	0.12500	355.15827	0.12500	0.12500	0.13540	11.61271	0.12500	6.59361
328	2102	0.12500	328.58373	6.08686	5.94093	0.12501	32.88847	0.12500	0.12500
329	2616	0.12500	294.01417	8.07621	3.94820	3.94548	63.64093	0.12500	0.12500
330	2176	0.12500	242.56744	0.12500	38.56893	0.12501	92.23862	0.12500	0.12500
331	2267	0.12500	336.42790	0.12500	0.12500	0.12500	36.82209	0.12500	0.12500
332	2068	0.12500	348.28375	0.12500	0.12500	0.12501	24.96623	0.12500	0.12500
333	1577	0.12500	326.95555	0.12501	0.12500	0.12502	46.29442	0.12500	0.12500
334	2370	0.12500	0.12500	0.12500	0.12500	373.12500	0.12500	0.12500	0.12500
335	2237	0.12500	0.12500	0.12500	0.12500	373.12500	0.12500	0.12500	0.12500
336	2583	0.12500	0.12500	373.12500	0.12500	0.12500	0.12500	0.12500	0.12500
337	2378	0.12500	0.12500	373.12500	0.12500	0.12500	0.12500	0.12500	0.12500
338	2503	0.12500	0.12500	0.12500	373.12500	0.12500	0.12500	0.12500	0.12500
339	2114	0.12500	0.12500	0.12500	373.12500	0.12500	0.12500	0.12500	0.12500
340	2260	0.12500	0.12500	0.12500	373.12500	0.12500	0.12500	0.12500	0.12500
341	2307	0.12500	0.12500	0.12500	0.12500	373.12500	0.12500	0.12500	0.12500
342	2336	0.12500	339.79665	0.12500	0.12500	0.12546	33.45286	0.12500	0.12503
343	2120	0.12500	0.12500	0.12500	373.12500	0.12500	0.12500	0.12500	0.12500
344	2105	0.12500	0.12500	0.12500	373.12500	0.12500	0.12500	0.12500	0.12500
345	2161	0.12500	204.86284	0.12500	0.12500	0.12501	168.38714	0.12500	0.12500
346	2287	0.12500	0.12512	0.12500	0.12500	373.11750	0.12506	0.13231	0.12500
347	2529	0.12500	215.93279	23.67557	10.90940	0.12500	122.98224	0.12500	0.12500
348	1966	0.12500	0.12506	0.12500	0.12503	354.17208	0.12501	0.12501	19.07781
349	2285	0.12500	354.02837	0.12500	0.12500	0.12501	19.22161	0.12500	0.12500
350	2247	0.12500	270.26004	0.12501	6.47653	0.12501	96.63842	0.12500	0.12500
351	2261	0.12500	0.12500	0.12500	0.12500	373.12500	0.12500	0.12500	0.12500
352	2504	0.12500	0.12500	0.12500	0.12500	373.12500	0.12500	0.12500	0.12500
353	2495	0.12500	0.12500	0.12500	0.12500	373.12500	0.12500	0.12500	0.12500
354	2343	0.12500	315.05766	0.12500	0.12500	0.12521	58.19212	0.12500	0.12500
355	2487	0.12500	0.12500	0.12500	0.12500	0.12500	0.12500	373.12500	0.12500
356	2245	0.12500	0.12500	0.12500	0.12500	0.12500	0.12500	373.12500	0.12500
357	1988	0.12500	373.12500	0.12500	0.12500	0.12500	0.12500	0.12500	0.12500
358	2466	0.12500	373.12500	0.12500	0.12500	0.12500	0.12500	0.12500	0.12500
359	2223	0.12500	353.54440	0.12500	0.12500	0.12511	19.70548	0.12500	0.12501
360	2653	0.12500	373.12500	0.12500	0.12500	0.12500	0.12500	0.12500	0.12500
361	2164	0.12500	0.12500	0.12500	0.12500	368.98456	0.12500	0.12500	4.26544
362	2472	0.12500	307.93114	65.31881	0.12500	0.12502	0.12503	0.12500	0.12500
363	2241	0.12500	328.18206	0.12500	0.12500	0.12501	45.06792	0.12500	0.12500
364	136	0.12500	265.32670	103.63100	0.12500	0.12500	4.41729	0.12500	0.12500
365	2451	0.12500	288.90587	0.12500	0.12500	0.12504	84.34408	0.12500	0.12500
366	2050	0.12500	0.12500	373.12500	0.12500	0.12500	0.12500	0.12500	0.12500
367	2196	0.12500	358.28484	0.12500	0.12500	0.12501	14.96514	0.12500	0.12500
368	2075	0.12500	0.12526	0.12500	0.12500	0.13851	365.02682	8.20935	0.12507
369	2501	0.12500	0.12563	0.12500	0.12500	62.56967	310.67968	0.12500	0.12501
370	2423	0.12500	0.12500	0.12500	0.12500	370.80495	0.12500	0.12500	2.44505
371	2250	0.12500	314.09186	0.12502	0.12500	0.12501	59.15811	0.12500	0.12500
372	2180	0.12500	345.80411	0.12500	0.12500	0.12501	27.44587	0.12500	0.12500
373	2478	0.12500	6.73233	0.12500	0.12500	289.25374	0.12503	0.12500	77.38890
374	2058	0.12500	0.12576	0.12500	0.12500	332.21888	0.12516	0.12500	41.03020
375	2183	0.12500	339.58944	0.12500	0.12500	0.12502	33.66053	0.12500	0.12500
376	2533	0.12500	369.12950	3.97726	0.12500	0.12512	0.26812	0.12500	0.12500
377	2409	0.12500	0.12559	0.12500	0.12500	368.85426	0.12505	0.12500	4.39511
378	2582	0.12500	309.34420	0.12500	0.12500	0.12501	63.90578	0.12500	0.12500
379	2377	0.12500	0.12500	0.12500	0.12500	0.12500	373.12500	0.12500	0.12500
380	2215	0.12500	365.67550	0.12500	0.12500	0.12517	7.57432	0.12500	0.12500
381	2197	0.12500	0.12500	0.12500	373.12500	0.12500	0.12500	0.12500	0.12500
382	2236	0.12500	0.12500	0.12500	373.12500	0.12500	0.12500	0.12500	0.12500
383	2499	0.12500	0.12501	0.12500	0.12500	341.07445	0.12500	0.12500	32.17554
384	2322	0.12500	0.12500	0.12500	373.12500	0.12500	0.12500	0.12500	0.12500
385	2098	0.12500	0.12500	0.12500	0.12500	373.12500	0.12500	0.12500	0.12500
386	2418	0.12500	0.12500	0.12500	0.12500	373.12500	0.12500	0.12500	0.12500
387	2381	0.12500	0.12500	0.12500	0.12500	373.12500	0.12500	0.12500	0.12500
388	2603	0.12500	0.12525	0.12500	5.98337	0.12500	367.26637	0.12500	0.12500
389	2644	0.12500	0.12500	0.12500	373.12500	0.12500	0.12500	0.12500	0.12500
390	2417	0.12500	307.24814	66.00181	0.12500	0.12501	0.12504	0.12500	0.12500
391	1999	0.12500	0.12500	373.12500	0.12500	0.12500	0.12500	0.12500	0.12500
392	2220	0.12500	0.12500	0.12500	0.12500	373.12500	0.12500	0.12500	0.12500
393	2578	0.12500	0.12500	0.12500	0.12500	370.80267	0.12500	0.12500	2.44732
394	2045	0.12500	0.12500	0.12500	0.12500	373.12500	0.12500	0.12500	0.12500
395	1953	0.12500	0.12500	0.12500	0.12500	373.12500	0.12500	0.12500	0.12500
396	2028	0.12500	347.14485	0.12500	0.12500	0.12501	26.10513	0.12500	0.12500
397	2556	0.12500	0.12500	0.12500	0.12500	370.17672	0.12500	0.12500	3.07328
398	2191	0.12500	373.12500	0.12500	0.12500	0.12500	0.12500	0.12500	0.12500
399	2235	0.12500	0.12547	0.12500	33.08985	0.12500	340.15947	0.12500	0.12520
400	2288	0.12500	0.12594	0.12500	103.35995	0.13184	0.12602	0.12500	269.88126
401	1987	0.12500	360.77350	0.12500	0.12501	0.12527	12.47621	0.12500	0.12500
402	2475	0.12500	305.94022	0.12500	0.12501	0.12501	67.30976	0.12500	0.12500
403	2547	0.12500	343.36999	0.12500	0.12500	7.62181	22.38319	0.12500	0.12501
404	2319	0.12500	335.21119	3.28432	0.12500	0.12503	34.87945	0.12500	0.12500
405	2617	0.12500	273.96522	0.12500	0.12500	0.12501	99.28477	0.12500	0.12500
406	1914	0.12500	0.12500	373.12500	0.12500	0.12500	0.12500	0.12500	0.12500
407	2658	0.12500	0.12500	373.12500	0.12500	0.12500	0.12500	0.12500	0.12500
408	2163	0.12500	0.12600	0.12500	0.12501	33.95907	339.28798	0.12695	0.12500
409	2311	0.12500	0.12500	0.12500	0.12500	357.99903	0.12500	0.12500	15.25096
410	2052	0.12500	323.15687	0.12500	0.12500	0.12501	50.09311	0.12500	0.12500
411	2594	0.12500	307.18345	0.12501	0.12501	0.12608	53.72200	0.12500	12.46845
412	2273	0.12500	294.07365	0.12500	0.12500	0.12501	79.17633	0.12500	0.12500
413	2202	0.12500	0.12500	373.12500	0.12500	0.12500	0.12500	0.12500	0.12500
414	2222	0.12500	0.12500	0.12500	0.12500	0.12500	373.12500	0.12500	0.12500
415	1922	0.12500	0.12500	0.12500	373.12500	0.12500	0.12500	0.12500	0.12500
416	2341	0.12500	0.12500	18.54326	339.46896	0.12500	0.12500	0.12500	15.36278
417	2139	0.12500	0.12500	0.12500	0.12500	373.12500	0.12500	0.12500	0.12500
418	2462	0.12500	0.13052	0.12501	0.12508	353.23828	0.12844	20.00259	0.12508
419	2591	0.12500	0.12500	0.12500	0.12500	373.12500	0.12500	0.12500	0.12500
420	2628	0.12500	0.12500	0.12500	373.12500	0.12500	0.12500	0.12500	0.12500
421	2291	0.12500	0.12576	0.12500	349.61684	23.63219	0.12520	0.12500	0.12501
422	2643	0.12500	353.08596	0.12500	0.12500	0.12502	20.16402	0.12500	0.12500
423	2293	0.12500	366.14700	0.12500	0.12500	0.17031	0.12503	7.05759	0.12506
424	1975	0.12500	0.12500	0.12500	373.12500	0.12500	0.12500	0.12500	0.12500
425	1930	0.12500	0.12500	0.12500	373.12500	0.12500	0.12500	0.12500	0.12500
426	2516	0.12500	311.09548	0.12500	0.12500	0.12510	62.15441	0.12500	0.12500
427	2057	0.12500	359.87279	0.12500	0.12500	13.37717	0.12503	0.12500	0.12500
428	2623	0.12500	0.13177	0.12500	0.12500	364.35163	0.12520	0.12500	8.89139
429	2006	0.12500	0.12500	373.12500	0.12500	0.12500	0.12500	0.12500	0.12500
430	2366	0.12500	188.28751	0.12500	184.96236	0.12500	0.12513	0.12500	0.12500
431	2211	0.12500	126.70800	0.12500	196.09582	0.12501	50.57117	0.12500	0.12500
432	2352	0.12500	0.12502	0.12500	0.12500	370.87575	0.12500	0.12500	2.37423
433	2427	0.12500	54.62816	0.12500	0.12500	105.37985	0.57993	0.12500	212.91206
434	1934	0.12500	0.12500	0.12500	373.12500	0.12500	0.12500	0.12500	0.12500
435	2299	0.12500	0.12500	0.12500	0.12500	373.12500	0.12500	0.12500	0.12500
436	2226	0.12500	0.12571	0.12500	101.90377	0.12516	271.34532	0.12501	0.12503
437	2573	0.12500	0.12501	0.12500	0.12500	370.63118	0.12500	0.12500	2.61880
438	1923	0.12500	0.12555	0.12500	100.52498	0.12500	272.72444	0.12501	0.12502
439	2575	0.12500	0.12505	0.12500	0.12500	370.41483	0.12500	0.12500	2.83512
440	2559	0.12500	0.12500	0.12500	0.12500	373.12500	0.12500	0.12500	0.12500
441	2368	0.12500	214.32159	0.12500	9.99015	0.13977	144.22235	4.95113	0.12500
442	2642	0.12500	245.34328	3.11833	40.84526	0.12508	84.19305	0.12500	0.12500
443	2349	0.12500	373.12500	0.12500	0.12500	0.12500	0.12500	0.12500	0.12500
444	2384	0.12500	274.17999	4.30402	0.12500	0.12519	94.89079	0.12500	0.12500
445	2645	0.12500	0.12500	373.12500	0.12500	0.12500	0.12500	0.12500	0.12500
446	2210	0.12500	21.16114	0.12500	0.12500	352.08881	0.12504	0.12500	0.12500
447	2159	0.12500	0.12500	373.12500	0.12500	0.12500	0.12500	0.12500	0.12500
448	2424	0.12500	0.12500	0.12500	373.12500	0.12500	0.12500	0.12500	0.12500
449	2000	0.12500	0.12500	373.12500	0.12500	0.12500	0.12500	0.12500	0.12500
450	2157	0.12500	0.12500	373.12500	0.12500	0.12500	0.12500	0.12500	0.12500
451	2539	0.12500	0.12500	0.12500	0.12500	373.12500	0.12500	0.12500	0.12500
452	2657	0.12500	0.12500	373.12500	0.12500	0.12500	0.12500	0.12500	0.12500
453	1935	0.12500	0.12500	373.12500	0.12500	0.12500	0.12500	0.12500	0.12500
454	2313	0.12500	62.62274	0.12500	310.62402	0.12810	0.12507	0.12500	0.12506
455	2613	0.12500	0.12500	0.12500	0.12500	373.12500	0.12500	0.12500	0.12500
456	2356	0.12500	0.12500	0.12500	0.12500	373.12500	0.12500	0.12500	0.12500
457	2108	0.12500	0.12500	0.12500	0.12500	373.12500	0.12500	0.12500	0.12500
458	2155	0.12500	0.12540	0.12500	41.39773	0.12500	331.85187	0.12500	0.12500
459	2144	0.12500	373.12500	0.12500	0.12500	0.12500	0.12500	0.12500	0.12500
460	1921	0.12500	0.12500	373.12500	0.12500	0.12500	0.12500	0.12500	0.12500
461	2072	0.12500	259.18100	0.12500	0.12500	0.12502	114.06896	0.12500	0.12500
462	2461	0.12500	308.85865	0.12500	0.12501	0.12501	64.39133	0.12500	0.12500
463	2310	0.12500	0.12545	0.12500	44.39971	0.12500	328.84984	0.12500	0.12500
464	2465	0.12500	365.62609	0.12500	0.12500	0.12501	7.62390	0.12500	0.12500
465	2083	0.12500	0.12500	0.12500	0.12500	370.54565	0.12500	0.12500	2.70435
466	2232	0.12500	311.55751	0.12500	61.69242	0.12501	0.12505	0.12500	0.12500
467	1919	0.12500	0.12500	373.12500	0.12500	0.12500	0.12500	0.12500	0.12500
468	1951	0.12500	0.12500	373.12500	0.12500	0.12500	0.12500	0.12500	0.12500
469	2026	0.12500	292.11447	0.12501	0.12500	56.72481	24.53570	0.12500	0.12501
470	2270	0.12500	0.12500	0.12500	373.12500	0.12500	0.12500	0.12500	0.12500
471	2011	0.12500	0.12500	373.12500	0.12500	0.12500	0.12500	0.12500	0.12500
472	1995	0.12500	0.12500	373.12500	0.12500	0.12500	0.12500	0.12500	0.12500
473	2639	0.12500	0.12500	373.12500	0.12500	0.12500	0.12500	0.12500	0.12500
474	1965	0.12500	0.12500	0.12500	373.12500	0.12500	0.12500	0.12500	0.12500
475	1918	0.12500	0.12500	0.12500	0.12500	373.12500	0.12500	0.12500	0.12500
476	2208	0.12500	301.69741	0.12500	0.12500	0.25110	0.12503	71.42624	0.12522
477	2308	0.12500	0.12500	0.12500	0.12500	373.12500	0.12500	0.12500	0.12500
478	1931	0.12500	0.12500	373.12500	0.12500	0.12500	0.12500	0.12500	0.12500
479	2221	0.12500	0.12500	0.12500	0.12500	0.12500	373.12500	0.12500	0.12500
480	2027	0.12500	0.12500	373.12500	0.12500	0.12500	0.12500	0.12500	0.12500
481	2081	0.12500	284.51814	0.12500	0.12500	0.13391	84.34071	4.50724	0.12500
482	2609	0.12500	373.12500	0.12500	0.12500	0.12500	0.12500	0.12500	0.12500
483	2038	0.12500	304.15248	0.12500	41.22474	0.12501	27.99777	0.12500	0.12500
484	2048	0.12500	0.12569	0.12500	114.02102	69.88433	189.45102	0.14289	0.12505
485	2587	0.12500	0.12500	0.12500	373.12500	0.12500	0.12500	0.12500	0.12500
486	2067	0.12500	0.12500	0.12500	0.12500	0.12500	0.12500	0.12500	373.12500
487	1980	0.12500	0.12500	373.12500	0.12500	0.12500	0.12500	0.12500	0.12500
488	2185	0.12500	0.12574	0.12500	70.96187	0.12500	302.28739	0.12500	0.12500
489	2537	0.12500	217.02149	0.12500	0.12500	0.12501	156.22849	0.12500	0.12500
490	2004	0.12500	0.12500	373.12500	0.12500	0.12500	0.12500	0.12500	0.12500
491	2315	0.12500	373.12500	0.12500	0.12500	0.12500	0.12500	0.12500	0.12500
492	2249	0.12500	347.01776	0.12500	0.12506	0.12500	26.23218	0.12500	0.12500
493	2147	0.12500	0.12500	0.12500	0.12500	0.12500	0.12500	0.12500	373.12500
494	2502	0.12500	302.44233	0.12502	9.15228	0.12502	61.78035	0.12500	0.12500
495	2137	0.12500	330.80742	0.12500	0.12500	42.44202	0.12555	0.12500	0.12500
496	2362	0.12500	0.12500	0.12500	373.12500	0.12500	0.12500	0.12500	0.12500
497	2398	0.12500	355.13171	0.12500	0.12500	0.12624	18.11698	0.12500	0.12507
498	2589	0.12500	373.12500	0.12500	0.12500	0.12500	0.12500	0.12500	0.12500
499	2463	0.12500	344.00994	0.12500	0.12501	0.12501	29.24004	0.12500	0.12500
500	2170	0.12500	373.12500	0.12500	0.12500	0.12500	0.12500	0.12500	0.12500
501	2479	0.12500	0.12500	0.12500	0.12500	0.12500	373.12500	0.12500	0.12500
502	2134	0.12500	367.47991	0.12500	0.12500	0.12501	5.77008	0.12500	0.12500
503	2115	0.12500	0.12500	0.12500	0.12500	373.12500	0.12500	0.12500	0.12500
504	2088	0.12501	0.12505	0.12500	0.12500	367.38320	0.12500	0.12500	5.86674
505	2145	0.12500	0.12639	10.22568	363.02233	0.12500	0.12560	0.12500	0.12500
506	2174	0.12500	329.49857	0.12500	13.55198	0.12500	30.32443	0.12500	0.12501
507	2546	0.12500	0.12500	0.12500	0.12500	373.12500	0.12500	0.12500	0.12500
508	2344	0.12500	0.12500	0.12500	0.12500	0.12500	373.12500	0.12500	0.12500
509	2274	0.12500	0.12500	0.12500	0.12500	0.12500	373.12500	0.12500	0.12500
510	2415	0.12500	0.12500	0.12500	0.12500	0.12500	373.12500	0.12500	0.12500
511	2037	0.12500	0.12501	0.12500	0.12500	349.67593	0.12500	0.12500	23.57406
512	2136	0.12500	0.12500	0.12500	0.12500	367.97586	0.12500	0.12500	5.27413
513	1958	0.12500	0.12500	373.12500	0.12500	0.12500	0.12500	0.12500	0.12500
514	2486	0.12500	373.12500	0.12500	0.12500	0.12500	0.12500	0.12500	0.12500
515	2513	0.12500	373.12500	0.12500	0.12500	0.12500	0.12500	0.12500	0.12500
516	2471	0.12500	318.81533	0.12500	0.12500	0.13155	51.54572	0.12500	3.00739
517	2190	0.12500	0.12500	0.12500	0.12500	373.12500	0.12500	0.12500	0.12500
518	2041	0.12500	0.12503	0.12500	168.09228	0.12500	0.12500	0.12500	205.15769
519	2456	0.12500	0.12501	0.12500	298.60383	0.12500	0.12500	0.12500	74.64615
520	2610	0.12500	0.12500	0.12500	373.12500	0.12500	0.12500	0.12500	0.12500
521	2401	0.12500	373.12500	0.12500	0.12500	0.12500	0.12500	0.12500	0.12500
522	2540	0.12500	0.12500	0.12500	373.12500	0.12500	0.12500	0.12500	0.12500
523	2198	0.12500	115.66212	0.12501	0.12501	0.12500	257.58786	0.12500	0.12501
524	2039	0.12500	368.89329	0.12500	0.12500	0.12501	4.35669	0.12500	0.12500
525	1973	0.12500	0.12500	373.12500	0.12500	0.12500	0.12500	0.12500	0.12500
526	2525	0.12500	0.12546	0.12500	118.38908	0.12500	254.86046	0.12500	0.12500
527	2128	0.12500	254.20975	8.65913	4.67499	13.10392	89.12982	3.97240	0.12500
528	2474	0.12500	0.12500	0.12500	373.12500	0.12500	0.12500	0.12500	0.12500
529	2411	0.12500	0.12500	0.12500	373.12500	0.12500	0.12500	0.12500	0.12500
530	2476	0.12500	0.12500	0.12500	0.12500	0.12500	0.12500	0.12500	373.12500
531	2443	17.07982	140.75368	0.12500	0.12508	0.13374	0.12502	0.12500	215.53265
532	2545	0.12500	49.12607	0.12500	0.12500	0.12586	0.12501	0.12500	324.12306
533	2314	0.12500	0.12500	0.12500	373.12500	0.12500	0.12500	0.12500	0.12500
534	2576	0.12500	0.12500	0.12500	0.12500	0.12500	0.12500	0.12500	373.12500
535	2318	0.12500	0.12537	0.12500	148.88760	0.12501	224.36202	0.12500	0.12500
536	2618	0.12500	0.12500	0.12500	373.12500	0.12500	0.12500	0.12500	0.12500
537	2021	0.12500	0.12500	0.12500	0.12500	373.12500	0.12500	0.12500	0.12500
538	1933	0.12500	0.12500	0.12500	373.12500	0.12500	0.12500	0.12500	0.12500
539	2403	0.12500	0.12500	0.12500	373.12500	0.12500	0.12500	0.12500	0.12500
540	2179	0.12500	0.12500	0.12500	0.12500	373.12500	0.12500	0.12500	0.12500
541	2031	0.12500	161.29655	0.12500	152.16660	0.12500	59.91184	0.12500	0.12500
542	2216	0.12500	0.12500	0.12500	0.12500	373.12500	0.12500	0.12500	0.12500
543	2444	0.12500	373.12500	0.12500	0.12500	0.12500	0.12500	0.12500	0.12500
544	2473	0.12500	295.06589	0.12500	67.33358	0.12501	10.97551	0.12500	0.12500
545	2325	0.12500	181.53034	0.12500	72.47042	0.12500	119.37424	0.12500	0.12500
546	2119	0.12500	0.12500	0.12500	373.12500	0.12500	0.12500	0.12500	0.12500
547	2566	0.12500	0.12500	0.12500	373.12500	0.12500	0.12500	0.12500	0.12500
548	2205	0.12500	0.12500	0.12500	373.12500	0.12500	0.12500	0.12500	0.12500
549	2652	0.12500	0.12500	0.12500	0.12500	0.12500	373.12500	0.12500	0.12500
550	2330	0.12500	373.12500	0.12500	0.12500	0.12500	0.12500	0.12500	0.12500
551	2316	0.12500	41.56946	0.12500	331.68049	0.12500	0.12500	0.12500	0.12506
552	2178	0.12500	0.12505	0.12500	186.62469	0.12500	0.12500	0.12500	186.62526
553	2035	0.12500	0.12500	0.12500	373.12500	0.12500	0.12500	0.12500	0.12500
554	2049	0.12500	0.12500	0.12500	373.12500	0.12500	0.12500	0.12500	0.12500
555	2268	0.12500	307.07452	66.17414	0.12501	0.12500	0.12633	0.12500	0.12500
556	2332	0.12500	345.01545	0.12500	0.12500	0.12501	28.23454	0.12500	0.12500
557	2146	0.12500	0.12500	0.12500	373.12500	0.12500	0.12500	0.12500	0.12500
558	2383	0.12500	0.12513	0.12500	0.12501	300.11022	0.12501	0.12500	73.13963
559	2637	0.12500	0.12536	0.12500	116.92768	0.12500	256.32195	0.12500	0.12500
560	1970	0.12500	0.12500	0.12500	0.12500	0.12500	373.12500	0.12500	0.12500
561	2012	0.12500	0.12500	373.12500	0.12500	0.12500	0.12500	0.12500	0.12500
562	2171	0.12500	0.12500	373.12500	0.12500	0.12500	0.12500	0.12500	0.12500
563	2209	0.12500	0.12500	0.12500	373.12500	0.12500	0.12500	0.12500	0.12500
564	1963	0.12500	0.12501	0.12500	0.12500	368.70554	0.12500	0.12500	4.54444
565	2304	0.12500	0.12500	0.12500	0.12500	0.12500	373.12500	0.12500	0.12500
566	2355	0.12500	0.12578	27.40110	13.21644	0.12539	332.75628	0.12500	0.12500
567	2148	0.12500	373.12500	0.12500	0.12500	0.12500	0.12500	0.12500	0.12500
568	2259	0.12500	373.12500	0.12500	0.12500	0.12500	0.12500	0.12500	0.12500
569	2066	0.12500	0.12500	0.12500	373.12500	0.12500	0.12500	0.12500	0.12500
570	2151	0.12500	328.99545	0.12500	0.12500	0.12503	44.25452	0.12500	0.12500
571	2393	0.12500	21.48965	0.12500	0.12500	0.13343	0.12501	0.12503	351.75188
572	2438	0.12500	0.12551	0.12500	0.12500	7.09020	366.15538	0.12890	0.12501
573	2400	0.12500	0.12579	0.12502	21.13693	0.12500	352.11226	0.12500	0.12500
574	2454	0.12500	0.12500	0.12500	0.12500	0.12500	0.12500	0.12500	373.12500
575	2284	0.12500	0.12500	373.12500	0.12500	0.12500	0.12500	0.12500	0.12500
576	2298	0.12500	0.12577	0.12500	50.68307	0.12531	322.56586	0.12500	0.12500
577	2003	0.12500	0.12500	0.12500	0.12500	0.12500	373.12500	0.12500	0.12500
578	2295	0.12500	306.90092	0.12500	0.12501	0.12502	66.34905	0.12500	0.12500
579	1990	0.12500	0.12500	0.12500	373.12500	0.12500	0.12500	0.12500	0.12500
580	2544	0.12500	303.36794	0.12502	13.71892	0.12545	56.28767	0.12500	0.12500
581	2061	0.12500	0.12500	373.12500	0.12500	0.12500	0.12500	0.12500	0.12500
582	1976	0.12500	0.12500	373.12500	0.12500	0.12500	0.12500	0.12500	0.12500
583	1927	0.12500	0.12500	373.12500	0.12500	0.12500	0.12500	0.12500	0.12500
584	2055	0.12500	0.18001	0.12507	0.12500	368.14974	0.12509	5.04509	0.12500
585	2350	0.12500	32.59524	0.12500	0.12501	239.84287	15.63813	0.12500	85.42376
586	2588	0.12500	335.22377	0.12500	0.12501	0.12503	38.02619	0.12500	0.12501
587	2450	0.12500	201.55007	0.12500	171.69993	0.12500	0.12500	0.12500	0.12500
588	2320	0.12500	373.12500	0.12500	0.12500	0.12500	0.12500	0.12500	0.12500
589	1992	0.12500	373.12500	0.12500	0.12500	0.12500	0.12500	0.12500	0.12500
590	2571	0.12500	302.37615	63.54321	0.12501	0.12501	7.45563	0.12500	0.12500
591	2234	0.12500	0.12500	0.12500	0.12500	0.12500	0.12500	0.12500	373.12500
592	2387	0.12500	21.63590	0.12500	0.12500	0.17727	0.12516	0.12500	351.56167
593	1968	0.12500	0.12500	373.12500	0.12500	0.12500	0.12500	0.12500	0.12500
594	2585	0.12500	0.12500	373.12500	0.12500	0.12500	0.12500	0.12500	0.12500
595	2405	0.12500	0.12500	0.12500	373.12500	0.12500	0.12500	0.12500	0.12500
596	2162	0.12500	0.12500	0.12500	373.12500	0.12500	0.12500	0.12500	0.12500
597	2402	0.12500	0.12500	0.12500	373.12500	0.12500	0.12500	0.12500	0.12500
598	2238	0.12500	0.12500	0.12500	373.12500	0.12500	0.12500	0.12500	0.12500
599	2089	0.12500	0.12500	0.12500	373.12500	0.12500	0.12500	0.12500	0.12500
600	2044	0.12500	0.12500	0.12500	0.12500	0.12500	0.12500	0.12500	373.12500
601	2379	0.12500	300.62032	0.12500	61.88856	0.12501	10.86610	0.12500	0.12501
602	2651	0.12500	0.12510	0.12500	267.11063	0.12500	106.13927	0.12500	0.12500
603	2009	0.12500	0.12500	373.12500	0.12500	0.12500	0.12500	0.12500	0.12500
604	2177	0.12500	0.12500	0.12500	0.12500	0.12500	373.12500	0.12500	0.12500
605	2252	0.12500	0.12500	0.12500	0.12500	0.12500	373.12500	0.12500	0.12500
606	2231	0.12500	0.12500	0.12500	373.12500	0.12500	0.12500	0.12500	0.12500
607	2076	0.12500	373.12500	0.12500	0.12500	0.12500	0.12500	0.12500	0.12500
608	2367	0.12500	306.27577	0.12500	58.13242	0.12501	8.96679	0.12500	0.12501
609	2303	0.12500	0.12500	0.12500	0.12500	0.12500	0.12500	0.12500	373.12500
610	2455	0.12500	0.12500	0.12500	373.12500	0.12500	0.12500	0.12500	0.12500
611	2627	0.12500	0.12500	373.12500	0.12500	0.12500	0.12500	0.12500	0.12500
612	2534	0.12500	0.12500	0.12500	373.12500	0.12500	0.12500	0.12500	0.12500
613	2130	0.12500	0.12500	0.12500	373.12500	0.12500	0.12500	0.12500	0.12500
614	2480	0.12500	0.12531	0.12500	123.12584	0.12500	250.12385	0.12500	0.12500
615	2531	0.12500	0.12558	66.36223	17.48873	0.12613	289.52234	0.12500	0.12500
616	2389	0.12500	0.12542	116.82787	14.07794	0.12500	242.46876	0.12500	0.12501
617	2568	0.12500	0.12500	0.12500	0.12500	0.12500	373.12500	0.12500	0.12500
618	2014	0.12500	0.12500	373.12500	0.12500	0.12500	0.12500	0.12500	0.12500
619	1982	0.12500	228.39214	0.12500	21.38193	0.12649	62.92644	0.12500	60.79800
620	2452	0.12500	0.12512	0.12500	97.53300	0.12500	275.71688	0.12500	0.12500
621	2107	0.12500	0.12500	0.12500	373.12500	0.12500	0.12500	0.12500	0.12500
622	2239	0.12500	339.83781	0.12500	0.12503	0.12503	33.41212	0.12500	0.12501
623	2186	0.12500	0.12500	0.12500	373.12500	0.12500	0.12500	0.12500	0.12500
624	2621	0.12500	0.12500	0.12500	373.12500	0.12500	0.12500	0.12500	0.12500
625	2091	0.12500	0.12500	0.12500	373.12500	0.12500	0.12500	0.12500	0.12500
626	2256	0.12500	0.12500	0.12500	373.12500	0.12500	0.12500	0.12500	0.12500
627	2022	0.12500	0.12500	373.12500	0.12500	0.12500	0.12500	0.12500	0.12500
628	2508	0.12500	372.96639	0.12500	0.12500	0.12501	0.28359	0.12500	0.12500
629	1937	0.12500	0.12500	0.12500	373.12500	0.12500	0.12500	0.12500	0.12500
630	2632	0.12500	0.12500	0.12500	373.12500	0.12500	0.12500	0.12500	0.12500
631	2605	0.12500	166.61609	0.12500	0.12501	30.61696	176.14194	0.12500	0.12500
632	2572	0.12500	328.47868	0.12500	0.12500	0.13826	23.65708	21.22591	0.12506
633	2641	0.12500	0.12531	0.12500	102.78891	0.12500	270.46077	0.12500	0.12500
634	2522	0.12500	361.47563	0.12500	0.12500	0.12504	11.77433	0.12500	0.12501
635	2528	0.12500	0.12500	0.12500	373.12500	0.12500	0.12500	0.12500	0.12500
636	2439	0.12500	228.35596	0.12500	144.89404	0.12500	0.12500	0.12500	0.12500
637	2612	0.12500	0.12500	0.12500	373.12500	0.12500	0.12500	0.12500	0.12500
638	2448	0.12500	0.12500	0.12500	373.12500	0.12500	0.12500	0.12500	0.12500
639	1950	0.12500	0.12500	373.12500	0.12500	0.12500	0.12500	0.12500	0.12500
640	2493	0.12500	0.12500	0.12500	0.12500	0.12500	373.12500	0.12500	0.12500
641	2181	0.12500	0.12500	0.12500	373.12500	0.12500	0.12500	0.12500	0.12500
642	2024	0.12500	0.12500	373.12500	0.12500	0.12500	0.12500	0.12500	0.12500
643	2001	0.12500	0.12500	373.12500	0.12500	0.12500	0.12500	0.12500	0.12500
644	2217	0.12500	194.84258	0.12500	178.40742	0.12500	0.12500	0.12500	0.12500
645	1969	0.12500	373.12500	0.12500	0.12500	0.12500	0.12500	0.12500	0.12500
646	2497	0.12500	0.12500	0.12500	373.12500	0.12500	0.12500	0.12500	0.12500
647	2345	0.12500	277.48887	0.12500	67.06649	0.12521	17.40136	0.12500	11.54307
648	2017	0.12500	0.12500	0.12500	0.12500	0.12500	0.12500	0.12500	373.12500
649	2321	0.12500	0.12500	0.12500	0.12500	0.12500	0.12500	0.12500	373.12500
650	2459	0.12500	0.12500	373.12500	0.12500	0.12500	0.12500	0.12500	0.12500
651	2514	0.12500	185.93774	0.12500	187.31221	0.12500	0.12505	0.12500	0.12500
652	2562	0.12500	0.12500	0.12500	373.12500	0.12500	0.12500	0.12500	0.12500
653	2581	0.12500	134.28452	0.12500	141.04097	0.13554	0.12567	32.67806	65.48523
654	2019	0.12500	0.12500	0.12500	0.12500	0.12500	0.12500	0.12500	373.12500
655	2106	0.12500	0.12500	0.12500	0.12500	0.12500	0.12500	0.12500	373.12500
656	2421	0.12500	0.12500	0.12500	0.12500	0.12500	0.12500	0.12500	373.12500
657	2141	0.12500	0.12500	0.12500	373.12500	0.12500	0.12500	0.12500	0.12500
658	2449	0.12500	0.12500	0.12500	0.12500	0.12500	0.12500	0.12500	373.12500
659	2440	0.12500	0.12500	0.12500	373.12500	0.12500	0.12500	0.12500	0.12500
660	2129	0.12500	0.12500	0.12500	373.12500	0.12500	0.12500	0.12500	0.12500
661	2494	0.12500	0.12500	373.12500	0.12500	0.12500	0.12500	0.12500	0.12500
662	2013	0.12500	0.12500	373.12500	0.12500	0.12500	0.12500	0.12500	0.12500
663	2099	0.12500	228.03198	24.99169	120.26238	0.12503	0.21391	0.12500	0.12500
664	1977	0.12500	0.12500	0.12500	373.12500	0.12500	0.12500	0.12500	0.12500
665	2160	0.12500	0.12500	0.12500	373.12500	0.12500	0.12500	0.12500	0.12500
666	2251	0.12500	0.12500	0.12500	373.12500	0.12500	0.12500	0.12500	0.12500
667	2286	0.12500	0.12500	0.12500	373.12500	0.12500	0.12500	0.12500	0.12500
668	2577	0.12500	0.12500	0.12500	373.12500	0.12500	0.12500	0.12500	0.12500
669	2519	0.12500	0.12500	0.12500	0.12500	0.12500	373.12500	0.12500	0.12500
670	1936	0.12500	0.12500	0.12500	373.12500	0.12500	0.12500	0.12500	0.12500
671	2413	0.12500	0.12543	51.48424	0.12500	0.12500	321.76532	0.12500	0.12500
672	2065	0.12500	276.01637	0.12500	0.12500	96.42334	0.12503	0.93526	0.12500
673	2599	0.12500	373.12500	0.12500	0.12500	0.12500	0.12500	0.12500	0.12500
674	2490	0.12500	373.12500	0.12500	0.12500	0.12500	0.12500	0.12500	0.12500
675	2248	0.12500	0.12500	0.12500	373.12500	0.12500	0.12500	0.12500	0.12500
676	2342	0.12500	0.12500	0.12500	373.12500	0.12500	0.12500	0.12500	0.12500
677	1949	0.12500	0.12500	0.12500	373.12500	0.12500	0.12500	0.12500	0.12500
678	1956	0.12500	0.12500	0.12500	109.56924	0.12500	0.12500	263.68061	0.12515
679	2281	0.12500	0.12500	0.12500	0.12500	0.12500	0.12500	373.12500	0.12500
680	2070	0.12500	0.12500	0.12500	373.12500	0.12500	0.12500	0.12500	0.12500
681	2272	0.12500	0.12529	0.12500	115.50494	0.13858	244.43177	13.42436	0.12507
682	2080	0.12500	0.12500	0.12500	373.12500	0.12500	0.12500	0.12500	0.12500
683	2265	0.12500	0.12500	0.12500	373.12500	0.12500	0.12500	0.12500	0.12500
684	2167	0.12500	0.12500	0.12500	0.12500	0.12500	0.12500	373.12500	0.12500
685	2426	0.12500	331.51117	0.12500	0.12500	41.73883	0.12500	0.12500	0.12501
686	2255	0.12500	373.12500	0.12500	0.12500	0.12500	0.12500	0.12500	0.12500
687	2622	0.12500	317.92283	0.12500	0.12500	55.32714	0.12500	0.12500	0.12502
688	2524	0.12500	30.43163	0.12500	0.12500	338.03128	4.91183	0.12500	0.12526
689	2008	0.12500	0.12500	0.12500	373.12500	0.12500	0.12500	0.12500	0.12500
690	2173	0.12500	0.12500	0.12500	373.12500	0.12500	0.12500	0.12500	0.12500
691	1915	0.12500	0.12500	0.12500	373.12500	0.12500	0.12500	0.12500	0.12500
692	2614	0.12500	48.47608	0.12500	324.77392	0.12500	0.12500	0.12500	0.12500
693	2023	0.12500	0.12500	0.12500	373.12500	0.12500	0.12500	0.12500	0.12500
694	2193	0.12500	0.12500	0.12500	373.12500	0.12500	0.12500	0.12500	0.12500
695	2422	0.12500	0.12500	0.12500	373.12500	0.12500	0.12500	0.12500	0.12500
696	2441	0.12500	0.12500	0.12500	373.12500	0.12500	0.12500	0.12500	0.12500
697	1961	0.12500	0.12685	0.12507	70.43346	0.12506	0.12593	302.81363	0.12500
698	2505	0.12500	0.12500	0.12500	373.12500	0.12500	0.12500	0.12500	0.12500
699	2094	0.12500	0.12500	0.12500	0.12500	0.12500	0.12500	373.12500	0.12500
700	2036	0.12500	0.12500	0.12500	373.12500	0.12500	0.12500	0.12500	0.12500
701	2656	0.12500	0.12500	0.12500	373.12500	0.12500	0.12500	0.12500	0.12500
702	2100	0.12500	373.12500	0.12500	0.12500	0.12500	0.12500	0.12500	0.12500
703	2277	0.12500	0.12500	0.12500	373.12500	0.12500	0.12500	0.12500	0.12500
704	2580	0.12500	0.12500	0.12500	373.12500	0.12500	0.12500	0.12500	0.12500
705	1974	0.12500	0.12500	0.12500	373.12500	0.12500	0.12500	0.12500	0.12500
706	2380	0.12500	0.12500	0.12500	373.12500	0.12500	0.12500	0.12500	0.12500
707	2301	0.12500	0.12500	0.12500	87.89104	0.12500	0.12500	285.35896	0.12500
708	2182	0.12500	0.12500	0.12500	373.12500	0.12500	0.12500	0.12500	0.12500
709	2175	0.12500	0.12500	0.12500	373.12500	0.12500	0.12500	0.12500	0.12500
710	2481	0.12500	0.12500	0.12500	0.12500	0.12500	0.12500	373.12500	0.12500
711	2515	0.12500	373.12500	0.12500	0.12500	0.12500	0.12500	0.12500	0.12500
712	2488	0.12500	0.12500	0.12500	373.12500	0.12500	0.12500	0.12500	0.12500
713	2015	0.12500	0.12500	0.12500	373.12500	0.12500	0.12500	0.12500	0.12500
714	2312	0.12500	0.12553	27.99450	25.27930	0.12500	320.10067	0.12500	0.12500
715	2635	0.12500	373.12500	0.12500	0.12500	0.12500	0.12500	0.12500	0.12500
716	2051	0.12500	82.18937	0.12500	291.06063	0.12500	0.12500	0.12500	0.12500
717	2262	0.12500	0.12500	0.12500	0.12500	0.12500	0.12500	0.12500	373.12500
718	2305	0.12500	373.12500	0.12500	0.12500	0.12500	0.12500	0.12500	0.12500
719	2230	0.12500	189.96653	0.12501	183.28343	0.12500	0.12503	0.12500	0.12500
720	2034	0.12500	0.12500	0.12500	114.90777	0.12500	0.12500	0.12500	258.34223
721	2527	373.12500	0.12500	0.12500	0.12500	0.12500	0.12500	0.12500	0.12500
722	2227	0.12500	0.12500	0.12500	373.12500	0.12500	0.12500	0.12500	0.12500
723	2113	0.12500	373.12500	0.12500	0.12500	0.12500	0.12500	0.12500	0.12500
724	1996	0.12500	0.12500	0.12500	0.12500	0.12500	0.12500	0.12500	373.12500
725	2541	0.12500	0.12500	0.12500	0.12500	0.12500	0.12500	0.12500	373.12500
726	2358	0.12500	0.12500	0.12500	373.12500	0.12500	0.12500	0.12500	0.12500
727	2431	0.12500	0.12500	0.12500	373.12500	0.12500	0.12500	0.12500	0.12500
728	2373	0.12500	0.12500	0.12500	373.12500	0.12500	0.12500	0.12500	0.12500
729	2548	0.12500	373.12500	0.12500	0.12500	0.12500	0.12500	0.12500	0.12500
730	2085	0.12500	0.12500	0.12500	373.12500	0.12500	0.12500	0.12500	0.12500
731	2382	0.12500	0.12500	0.12500	373.12500	0.12500	0.12500	0.12500	0.12500
732	2263	0.12500	0.12500	0.12500	373.12500	0.12500	0.12500	0.12500	0.12500
733	2595	373.12500	0.12500	0.12500	0.12500	0.12500	0.12500	0.12500	0.12500
734	1924	0.12500	373.12500	0.12500	0.12500	0.12500	0.12500	0.12500	0.12500
735	2388	0.12500	0.12500	0.12500	373.12500	0.12500	0.12500	0.12500	0.12500
736	2565	0.12500	0.12500	0.12500	0.12500	0.12500	0.12500	0.12500	373.12500
737	563	0.12500	0.12500	0.12500	0.12500	0.12500	0.12500	0.12500	373.12500
738	1967	0.12500	0.12500	0.12500	0.12500	0.12500	0.12500	0.12500	373.12500
739	2483	373.12500	0.12500	0.12500	0.12500	0.12500	0.12500	0.12500	0.12500
740	2634	0.12500	0.12500	0.12500	221.62320	0.12500	0.12500	0.12553	151.62626
741	2204	0.12500	0.12500	0.12500	0.12500	0.12500	0.12500	0.12500	373.12500
742	2168	0.12500	0.12500	0.12500	0.12500	0.12500	0.12500	0.12500	373.12500
743	2219	0.12500	0.12500	0.12500	373.12500	0.12500	0.12500	0.12500	0.12500
744	2442	0.12500	0.12500	0.12500	0.12500	0.12500	0.12500	0.12500	373.12500
745	2437	0.12500	0.12500	0.12500	0.12500	0.12500	0.12500	0.12500	373.12500
746	428	0.12500	0.12500	0.12500	0.12500	0.12500	0.12500	0.12500	373.12500
