0	2290	0.000	0.000	0.000	0.000	0.998	0.000	0.000	0.000
1	2363	0.000	0.000	0.000	0.000	0.998	0.000	0.000	0.000
2	2346	0.000	0.000	0.998	0.000	0.000	0.000	0.000	0.000
3	2025	0.000	0.000	0.998	0.000	0.000	0.000	0.000	0.000
4	2140	0.000	0.000	0.000	0.000	0.992	0.000	0.000	0.006
5	2428	0.000	0.000	0.000	0.000	0.976	0.000	0.000	0.022
6	2201	0.000	0.000	0.000	0.000	0.992	0.000	0.000	0.006
7	2506	0.000	0.000	0.000	0.000	0.973	0.000	0.000	0.025
8	2425	0.000	0.319	0.000	0.679	0.000	0.000	0.000	0.000
9	2557	0.000	0.000	0.000	0.302	0.000	0.696	0.000	0.000
10	2532	0.000	0.000	0.000	0.000	0.988	0.000	0.000	0.010
11	2073	0.000	0.000	0.000	0.000	0.998	0.000	0.000	0.000
12	2278	0.000	0.026	0.000	0.000	0.966	0.000	0.000	0.006
13	2551	0.000	0.013	0.000	0.000	0.985	0.000	0.000	0.000
14	2077	0.000	0.000	0.000	0.000	0.998	0.000	0.000	0.000
15	2369	0.000	0.000	0.000	0.000	0.993	0.000	0.000	0.005
16	1465	0.000	0.965	0.000	0.000	0.000	0.033	0.000	0.000
17	2592	0.000	0.893	0.000	0.000	0.000	0.105	0.000	0.000
18	2046	0.000	0.000	0.000	0.000	0.998	0.000	0.000	0.000
19	1941	0.000	0.497	0.000	0.000	0.483	0.018	0.000	0.000
20	2518	0.000	0.000	0.000	0.000	0.000	0.932	0.000	0.066
21	2132	0.000	0.000	0.000	0.000	0.000	0.976	0.022	0.000
22	2650	0.000	0.998	0.000	0.000	0.000	0.000	0.000	0.000
23	2207	0.000	0.998	0.000	0.000	0.000	0.000	0.000	0.000
24	2553	0.000	0.000	0.000	0.000	0.998	0.000	0.000	0.000
25	2078	0.000	0.000	0.000	0.000	0.988	0.000	0.000	0.010
26	2203	0.000	0.850	0.011	0.000	0.000	0.137	0.000	0.000
27	2143	0.000	0.790	0.161	0.000	0.000	0.048	0.000	0.000
28	2224	0.000	0.939	0.000	0.000	0.000	0.059	0.000	0.000
29	2510	0.000	0.916	0.000	0.000	0.000	0.082	0.000	0.000
30	2240	0.000	0.000	0.000	0.000	0.983	0.000	0.000	0.015
31	2563	0.000	0.000	0.000	0.000	0.998	0.000	0.000	0.000
32	2122	0.000	0.000	0.000	0.000	0.998	0.000	0.000	0.000
33	2118	0.000	0.000	0.000	0.000	0.992	0.000	0.000	0.006
34	1944	0.000	0.000	0.000	0.998	0.000	0.000	0.000	0.000
35	2117	0.000	0.765	0.000	0.080	0.000	0.154	0.000	0.000
36	2611	0.000	0.000	0.000	0.000	0.935	0.000	0.000	0.063
37	2184	0.000	0.000	0.000	0.000	0.975	0.000	0.000	0.022
38	2354	0.000	0.000	0.000	0.000	0.998	0.000	0.000	0.000
39	2169	0.000	0.862	0.000	0.000	0.000	0.136	0.000	0.000
40	2283	0.000	0.805	0.000	0.033	0.000	0.161	0.000	0.000
41	2620	0.000	0.000	0.998	0.000	0.000	0.000	0.000	0.000
42	1998	0.000	0.000	0.998	0.000	0.000	0.000	0.000	0.000
43	2654	0.000	0.000	0.000	0.000	0.998	0.000	0.000	0.000
44	2646	0.000	0.000	0.000	0.000	0.982	0.000	0.000	0.016
45	2228	0.000	0.000	0.000	0.998	0.000	0.000	0.000	0.000
46	2082	0.000	0.000	0.000	0.998	0.000	0.000	0.000	0.000
47	1979	0.000	0.000	0.000	0.000	0.992	0.000	0.000	0.006
48	2484	0.000	0.000	0.000	0.000	0.998	0.000	0.000	0.000
49	2257	0.000	0.000	0.000	0.000	0.991	0.000	0.000	0.007
50	2005	0.000	0.000	0.000	0.000	0.998	0.000	0.000	0.000
51	2560	0.000	0.038	0.000	0.000	0.960	0.000	0.000	0.000
52	1962	0.000	0.000	0.000	0.000	0.998	0.000	0.000	0.000
53	2206	0.000	0.000	0.000	0.000	0.988	0.000	0.000	0.010
54	2520	0.000	0.000	0.000	0.000	0.979	0.000	0.000	0.019
55	2104	0.000	0.000	0.000	0.000	0.998	0.000	0.000	0.000
56	2602	0.000	0.000	0.000	0.000	0.967	0.000	0.000	0.031
57	2521	0.000	0.000	0.000	0.000	0.998	0.000	0.000	0.000
58	2233	0.000	0.042	0.005	0.000	0.944	0.008	0.000	0.000
59	2200	0.000	0.000	0.000	0.000	0.986	0.000	0.000	0.012
60	2294	0.000	0.436	0.000	0.000	0.000	0.562	0.000	0.000
61	1981	0.000	0.000	0.000	0.000	0.000	0.998	0.000	0.000
62	2187	0.000	0.964	0.000	0.000	0.000	0.034	0.000	0.000
63	1916	0.000	0.000	0.000	0.000	0.000	0.998	0.000	0.000
64	1945	0.000	0.901	0.000	0.000	0.000	0.097	0.000	0.000
65	1959	0.000	0.766	0.000	0.000	0.010	0.223	0.000	0.000
66	1971	0.000	0.000	0.000	0.000	0.997	0.000	0.000	0.001
67	2436	0.000	0.955	0.000	0.000	0.000	0.043	0.000	0.000
68	2042	0.000	0.972	0.000	0.000	0.000	0.026	0.000	0.000
69	2084	0.000	0.000	0.000	0.000	0.920	0.000	0.000	0.078
70	2624	0.000	0.000	0.000	0.000	0.998	0.000	0.000	0.000
71	2364	0.000	0.000	0.998	0.000	0.000	0.000	0.000	0.000
72	1991	0.000	0.000	0.998	0.000	0.000	0.000	0.000	0.000
73	2110	0.000	0.000	0.000	0.000	0.000	0.998	0.000	0.000
74	2029	0.000	0.000	0.000	0.198	0.000	0.800	0.000	0.000
75	2607	0.000	0.000	0.000	0.000	0.992	0.000	0.000	0.006
76	2649	0.000	0.925	0.000	0.000	0.000	0.073	0.000	0.000
77	2087	0.000	0.931	0.000	0.000	0.000	0.067	0.000	0.000
78	2188	0.000	0.000	0.000	0.000	0.987	0.000	0.000	0.011
79	2477	0.000	0.000	0.000	0.000	0.998	0.000	0.000	0.000
80	2386	0.000	0.000	0.000	0.000	0.990	0.000	0.000	0.008
81	2543	0.000	0.426	0.000	0.000	0.547	0.025	0.000	0.000
82	2604	0.000	0.000	0.000	0.000	0.987	0.000	0.000	0.011
83	2561	0.000	0.000	0.000	0.000	0.978	0.000	0.000	0.020
84	2433	0.000	0.000	0.000	0.007	0.991	0.000	0.000	0.000
85	2496	0.000	0.998	0.000	0.000	0.000	0.000	0.000	0.000
86	2153	0.000	0.936	0.000	0.000	0.000	0.062	0.000	0.000
87	2536	0.000	0.036	0.000	0.000	0.945	0.001	0.000	0.017
88	2482	0.000	0.000	0.000	0.000	0.991	0.000	0.000	0.007
89	2512	0.000	0.718	0.000	0.000	0.000	0.174	0.000	0.106
90	2010	0.000	0.854	0.000	0.000	0.000	0.144	0.000	0.000
91	2103	0.000	0.000	0.000	0.000	0.987	0.000	0.000	0.011
92	2253	0.000	0.000	0.000	0.000	0.991	0.000	0.000	0.007
93	2500	0.000	0.000	0.000	0.000	0.998	0.000	0.000	0.000
94	2063	0.000	0.000	0.000	0.000	0.983	0.000	0.000	0.015
95	2509	0.000	0.602	0.000	0.000	0.000	0.396	0.000	0.000
96	2399	0.000	0.587	0.000	0.000	0.000	0.411	0.000	0.000
97	2150	0.000	0.000	0.000	0.000	0.998	0.000	0.000	0.000
98	2030	0.000	0.000	0.000	0.000	0.992	0.000	0.000	0.006
99	2374	0.000	0.000	0.000	0.000	0.998	0.000	0.000	0.000
100	1986	0.000	0.000	0.000	0.000	0.978	0.000	0.000	0.020
101	2630	0.000	0.000	0.000	0.000	0.992	0.000	0.000	0.006
102	2376	0.000	0.000	0.000	0.006	0.975	0.000	0.000	0.017
103	2326	0.000	0.000	0.000	0.000	0.998	0.000	0.000	0.000
104	2172	0.000	0.000	0.000	0.000	0.992	0.000	0.000	0.006
105	2133	0.000	0.716	0.000	0.132	0.000	0.150	0.000	0.000
106	2296	0.000	0.000	0.000	0.964	0.000	0.000	0.000	0.034
107	2626	0.000	0.000	0.998	0.000	0.000	0.000	0.000	0.000
108	2097	0.000	0.000	0.998	0.000	0.000	0.000	0.000	0.000
109	2093	0.000	0.006	0.000	0.000	0.992	0.000	0.000	0.000
110	2391	0.000	0.000	0.000	0.000	0.818	0.000	0.000	0.180
111	2275	0.000	0.000	0.000	0.000	0.998	0.000	0.000	0.000
112	1984	0.000	0.000	0.000	0.000	0.981	0.000	0.000	0.017
113	2347	0.000	0.369	0.000	0.000	0.611	0.018	0.000	0.000
114	2550	0.000	0.014	0.000	0.000	0.984	0.000	0.000	0.000
115	2047	0.000	0.693	0.000	0.258	0.000	0.047	0.000	0.000
116	1932	0.000	0.971	0.000	0.000	0.000	0.027	0.000	0.000
117	2655	0.000	0.000	0.000	0.000	0.992	0.000	0.000	0.006
118	1994	0.000	0.998	0.000	0.000	0.000	0.000	0.000	0.000
119	2292	0.000	0.911	0.000	0.000	0.000	0.087	0.000	0.000
120	2109	0.000	0.000	0.000	0.000	0.998	0.000	0.000	0.000
121	2040	0.000	0.001	0.000	0.000	0.971	0.000	0.020	0.007
122	2086	0.000	0.000	0.000	0.000	0.990	0.000	0.000	0.008
123	2460	0.000	0.000	0.000	0.000	0.986	0.000	0.000	0.012
124	2597	0.000	0.998	0.000	0.000	0.000	0.000	0.000	0.000
125	2282	0.000	0.736	0.000	0.000	0.000	0.262	0.000	0.000
126	2511	0.000	0.724	0.000	0.000	0.000	0.274	0.000	0.000
127	2598	0.000	0.861	0.000	0.000	0.000	0.137	0.000	0.000
128	2638	0.000	0.000	0.000	0.000	0.998	0.000	0.000	0.000
129	2390	0.000	0.000	0.000	0.000	0.000	0.998	0.000	0.000
130	2096	0.000	0.000	0.000	0.000	0.000	0.998	0.000	0.000
131	2218	0.000	0.000	0.000	0.000	0.971	0.000	0.000	0.027
132	1917	0.000	0.000	0.000	0.000	0.992	0.000	0.000	0.006
133	2353	0.000	0.000	0.000	0.000	0.986	0.000	0.000	0.012
134	2625	0.000	0.000	0.000	0.000	0.998	0.000	0.000	0.000
135	2194	0.000	0.983	0.000	0.000	0.000	0.015	0.000	0.000
136	2289	0.000	0.748	0.000	0.132	0.000	0.118	0.000	0.000
137	2323	0.000	0.000	0.000	0.000	0.998	0.000	0.000	0.000
138	2410	0.000	0.000	0.000	0.000	0.963	0.000	0.000	0.035
139	2631	0.000	0.000	0.000	0.000	0.963	0.000	0.000	0.035
140	2111	0.000	0.777	0.000	0.000	0.000	0.221	0.000	0.000
141	2062	0.000	0.366	0.000	0.000	0.084	0.548	0.000	0.000
142	2059	0.000	0.000	0.000	0.000	0.998	0.000	0.000	0.000
143	1938	0.000	0.000	0.000	0.000	0.987	0.000	0.000	0.011
144	2060	0.000	0.000	0.000	0.000	0.960	0.000	0.029	0.010
145	1939	0.000	0.000	0.000	0.000	0.000	0.998	0.000	0.000
146	2264	0.000	0.821	0.000	0.000	0.000	0.177	0.000	0.000
147	2574	0.000	0.000	0.000	0.000	0.998	0.000	0.000	0.000
148	2579	0.000	0.000	0.000	0.000	0.998	0.000	0.000	0.000
149	2419	0.000	0.596	0.000	0.051	0.000	0.352	0.000	0.000
150	2491	0.000	0.914	0.000	0.000	0.000	0.084	0.000	0.000
151	2468	0.000	0.178	0.000	0.000	0.800	0.014	0.000	0.006
152	2615	0.000	0.000	0.000	0.000	0.992	0.000	0.000	0.006
153	2507	0.000	0.000	0.000	0.000	0.982	0.000	0.000	0.016
154	2564	0.000	0.000	0.000	0.000	0.992	0.000	0.000	0.006
155	2420	0.000	0.997	0.000	0.000	0.000	0.001	0.000	0.000
156	1929	0.000	0.000	0.000	0.000	0.998	0.000	0.000	0.000
157	2154	0.000	0.000	0.000	0.000	0.991	0.000	0.000	0.007
158	1925	0.000	0.000	0.000	0.000	0.981	0.008	0.000	0.009
159	1940	0.000	0.958	0.000	0.000	0.000	0.040	0.000	0.000
160	2329	0.000	0.009	0.000	0.000	0.989	0.000	0.000	0.000
161	2469	0.000	0.000	0.000	0.000	0.998	0.000	0.000	0.000
162	2229	0.000	0.000	0.000	0.000	0.973	0.000	0.005	0.020
163	2552	0.000	0.000	0.000	0.000	0.989	0.000	0.000	0.009
164	1993	0.000	0.000	0.000	0.000	0.997	0.000	0.000	0.001
165	2032	0.000	0.877	0.000	0.000	0.000	0.121	0.000	0.000
166	2485	0.000	0.000	0.000	0.000	0.998	0.000	0.000	0.000
167	2395	0.000	0.000	0.000	0.000	0.992	0.000	0.000	0.006
168	2339	0.000	0.000	0.000	0.000	0.975	0.000	0.000	0.023
169	1989	0.000	0.000	0.000	0.000	0.998	0.000	0.000	0.000
170	2243	0.000	0.000	0.000	0.000	0.000	0.963	0.000	0.035
171	2434	0.000	0.000	0.000	0.000	0.000	0.998	0.000	0.000
172	2126	0.000	0.000	0.000	0.998	0.000	0.000	0.000	0.000
173	2408	0.000	0.000	0.000	0.000	0.998	0.000	0.000	0.000
174	2121	0.000	0.000	0.000	0.000	0.997	0.000	0.000	0.001
175	2453	0.000	0.327	0.000	0.569	0.000	0.103	0.000	0.000
176	2214	0.000	0.347	0.000	0.612	0.039	0.000	0.000	0.000
177	2633	0.000	0.000	0.998	0.000	0.000	0.000	0.000	0.000
178	2526	0.000	0.019	0.000	0.000	0.926	0.000	0.000	0.053
179	2430	0.000	0.000	0.000	0.000	0.977	0.000	0.000	0.021
180	1964	0.000	0.347	0.000	0.651	0.000	0.000	0.000	0.000
181	2064	0.000	0.000	0.000	0.000	0.992	0.000	0.000	0.006
182	2407	0.000	0.000	0.000	0.000	0.998	0.000	0.000	0.000
183	2317	0.000	0.000	0.000	0.998	0.000	0.000	0.000	0.000
184	2412	0.000	0.000	0.000	0.998	0.000	0.000	0.000	0.000
185	2406	0.000	0.343	0.000	0.655	0.000	0.000	0.000	0.000
186	2112	0.000	0.000	0.000	0.000	0.991	0.000	0.000	0.007
187	2404	0.000	0.000	0.000	0.000	0.967	0.000	0.000	0.031
188	2135	0.000	0.998	0.000	0.000	0.000	0.000	0.000	0.000
189	2498	0.000	0.781	0.000	0.036	0.000	0.182	0.000	0.000
190	2302	0.000	0.954	0.009	0.000	0.001	0.010	0.025	0.000
191	2629	0.000	0.932	0.008	0.000	0.000	0.057	0.000	0.000
192	2351	0.000	0.961	0.010	0.000	0.000	0.027	0.000	0.000
193	2212	0.000	0.000	0.000	0.000	0.998	0.000	0.000	0.000
194	2123	0.000	0.000	0.000	0.000	0.988	0.000	0.000	0.010
195	2053	0.000	0.800	0.000	0.000	0.000	0.198	0.000	0.000
196	2254	0.000	0.928	0.000	0.000	0.000	0.070	0.000	0.000
197	2271	0.000	0.000	0.000	0.000	0.986	0.000	0.000	0.012
198	2199	0.000	0.761	0.000	0.012	0.000	0.225	0.000	0.000
199	2054	0.000	0.720	0.000	0.000	0.000	0.278	0.000	0.000
200	2018	0.000	0.000	0.998	0.000	0.000	0.000	0.000	0.000
201	2636	0.000	0.000	0.998	0.000	0.000	0.000	0.000	0.000
202	2371	0.000	0.000	0.000	0.998	0.000	0.000	0.000	0.000
203	2166	0.000	0.000	0.000	0.998	0.000	0.000	0.000	0.000
204	2033	0.000	0.000	0.000	0.000	0.998	0.000	0.000	0.000
205	2608	0.000	0.867	0.000	0.000	0.000	0.131	0.000	0.000
206	2567	0.000	0.978	0.000	0.000	0.001	0.011	0.009	0.000
207	2338	0.000	0.959	0.000	0.000	0.000	0.039	0.000	0.000
208	1954	0.000	0.648	0.254	0.000	0.000	0.097	0.000	0.000
209	2555	0.000	0.925	0.000	0.000	0.000	0.073	0.000	0.000
210	2138	0.000	0.975	0.000	0.000	0.000	0.023	0.000	0.000
211	2357	0.000	0.000	0.000	0.998	0.000	0.000	0.000	0.000
212	2152	0.000	0.000	0.000	0.998	0.000	0.000	0.000	0.000
213	2372	0.000	0.985	0.000	0.000	0.000	0.013	0.000	0.000
214	2189	0.000	0.784	0.000	0.000	0.000	0.000	0.000	0.214
215	2590	0.000	0.000	0.000	0.000	0.982	0.000	0.000	0.016
216	2359	0.000	0.000	0.000	0.000	0.998	0.000	0.000	0.000
217	2020	0.000	0.000	0.000	0.000	0.998	0.000	0.000	0.000
218	2467	0.000	0.000	0.000	0.000	0.998	0.000	0.000	0.000
219	2266	0.000	0.026	0.000	0.000	0.895	0.000	0.000	0.077
220	2558	0.000	0.339	0.000	0.659	0.000	0.000	0.000	0.000
221	2375	0.000	0.998	0.000	0.000	0.000	0.000	0.000	0.000
222	1947	0.000	0.000	0.000	0.000	0.000	0.998	0.000	0.000
223	2432	0.000	0.064	0.000	0.000	0.000	0.934	0.000	0.000
224	2660	0.000	0.000	0.998	0.000	0.000	0.000	0.000	0.000
225	2640	0.000	0.000	0.998	0.000	0.000	0.000	0.000	0.000
226	2601	0.000	0.000	0.000	0.000	0.993	0.000	0.000	0.005
227	2069	0.000	0.000	0.000	0.000	0.967	0.000	0.000	0.031
228	2327	0.000	0.742	0.000	0.000	0.000	0.256	0.000	0.000
229	1928	0.000	0.000	0.998	0.000	0.000	0.000	0.000	0.000
230	2360	0.000	0.000	0.000	0.998	0.000	0.000	0.000	0.000
231	2156	0.000	0.000	0.000	0.998	0.000	0.000	0.000	0.000
232	2101	0.000	0.428	0.000	0.000	0.000	0.570	0.000	0.000
233	2095	0.000	0.000	0.000	0.000	0.998	0.000	0.000	0.000
234	2125	0.000	0.797	0.000	0.000	0.000	0.201	0.000	0.000
235	2124	0.000	0.000	0.000	0.000	0.992	0.000	0.000	0.006
236	2538	0.000	0.000	0.998	0.000	0.000	0.000	0.000	0.000
237	2447	0.000	0.000	0.998	0.000	0.000	0.000	0.000	0.000
238	2297	0.000	0.000	0.998	0.000	0.000	0.000	0.000	0.000
239	2659	0.000	0.000	0.737	0.261	0.000	0.000	0.000	0.000
240	2142	0.000	0.000	0.000	0.000	0.907	0.037	0.000	0.054
241	2414	0.000	0.000	0.000	0.000	0.987	0.000	0.000	0.011
242	2324	0.000	0.000	0.000	0.000	0.967	0.000	0.031	0.000
243	2334	0.000	0.000	0.000	0.000	0.939	0.000	0.000	0.059
244	2397	0.000	0.000	0.000	0.998	0.000	0.000	0.000	0.000
245	1978	0.000	0.000	0.000	0.998	0.000	0.000	0.000	0.000
246	2429	0.000	0.000	0.000	0.000	0.829	0.000	0.000	0.169
247	2300	0.000	0.000	0.000	0.000	0.904	0.000	0.000	0.094
248	2606	0.000	0.000	0.000	0.000	0.998	0.000	0.000	0.000
249	2276	0.000	0.000	0.000	0.000	0.998	0.000	0.000	0.000
250	2554	0.000	0.000	0.000	0.000	0.998	0.000	0.000	0.000
251	2258	0.000	0.000	0.000	0.000	0.977	0.000	0.000	0.021
252	2331	0.000	0.000	0.000	0.000	0.992	0.000	0.000	0.006
253	1942	0.000	0.000	0.000	0.000	0.000	0.000	0.000	0.998
254	2584	0.000	0.000	0.000	0.000	0.000	0.000	0.000	0.998
255	2517	0.000	0.000	0.000	0.998	0.000	0.000	0.000	0.000
256	2192	0.000	0.000	0.998	0.000	0.000	0.000	0.000	0.000
257	2090	0.000	0.000	0.000	0.000	0.992	0.000	0.000	0.006
258	2340	0.000	0.000	0.000	0.000	0.998	0.000	0.000	0.000
259	2127	0.000	0.915	0.010	0.000	0.000	0.074	0.000	0.000
260	1943	0.000	0.000	0.000	0.000	0.976	0.000	0.000	0.022
261	2586	0.000	0.000	0.000	0.000	0.998	0.000	0.000	0.000
262	2116	0.000	0.000	0.998	0.000	0.000	0.000	0.000	0.000
263	2365	0.000	0.000	0.998	0.000	0.000	0.000	0.000	0.000
264	2523	0.000	0.000	0.000	0.998	0.000	0.000	0.000	0.000
265	2158	0.000	0.000	0.000	0.998	0.000	0.000	0.000	0.000
266	1985	0.000	0.105	0.000	0.000	0.877	0.000	0.000	0.016
267	2279	0.000	0.950	0.000	0.000	0.000	0.048	0.000	0.000
268	1948	0.000	0.921	0.000	0.000	0.000	0.077	0.000	0.000
269	1957	0.000	0.000	0.998	0.000	0.000	0.000	0.000	0.000
270	2648	0.000	0.000	0.998	0.000	0.000	0.000	0.000	0.000
271	1946	0.000	0.000	0.000	0.000	0.992	0.000	0.000	0.006
272	2337	0.000	0.000	0.998	0.000	0.000	0.000	0.000	0.000
273	2225	0.000	0.000	0.998	0.000	0.000	0.000	0.000	0.000
274	2016	0.000	0.000	0.998	0.000	0.000	0.000	0.000	0.000
275	2244	0.000	0.000	0.000	0.000	0.993	0.000	0.000	0.005
276	2348	0.000	0.000	0.000	0.000	0.998	0.000	0.000	0.000
277	2600	0.000	0.000	0.000	0.000	0.981	0.000	0.000	0.017
278	2593	0.000	0.000	0.000	0.000	0.998	0.000	0.000	0.000
279	2056	0.000	0.000	0.000	0.000	0.881	0.000	0.000	0.117
280	2396	0.000	0.000	0.015	0.000	0.000	0.983	0.000	0.000
281	1952	0.000	0.000	0.000	0.061	0.000	0.871	0.000	0.067
282	2458	0.000	0.786	0.000	0.000	0.000	0.212	0.000	0.000
283	2489	0.000	0.000	0.000	0.000	0.979	0.000	0.000	0.019
284	1983	0.000	0.000	0.000	0.000	0.938	0.000	0.000	0.060
285	2328	0.000	0.619	0.000	0.000	0.000	0.372	0.000	0.007
286	2394	0.000	0.656	0.000	0.000	0.000	0.342	0.000	0.000
287	1718	0.000	0.873	0.000	0.000	0.000	0.125	0.000	0.000
288	2333	0.000	0.724	0.000	0.000	0.000	0.274	0.000	0.000
289	2446	0.000	0.000	0.000	0.000	0.998	0.000	0.000	0.000
290	1997	0.000	0.000	0.000	0.000	0.998	0.000	0.000	0.000
291	1955	0.000	0.963	0.000	0.000	0.000	0.035	0.000	0.000
292	1920	0.000	0.949	0.000	0.000	0.000	0.049	0.000	0.000
293	2074	0.000	0.000	0.000	0.000	0.998	0.000	0.000	0.000
294	1926	0.000	0.819	0.000	0.112	0.000	0.068	0.000	0.000
295	2570	0.000	0.000	0.000	0.998	0.000	0.000	0.000	0.000
296	2647	0.000	0.000	0.998	0.000	0.000	0.000	0.000	0.000
297	2435	0.000	0.000	0.998	0.000	0.000	0.000	0.000	0.000
298	2213	0.000	0.000	0.000	0.000	0.998	0.000	0.000	0.000
299	2464	0.000	0.000	0.000	0.000	0.998	0.000	0.000	0.000
300	2335	0.000	0.000	0.000	0.998	0.000	0.000	0.000	0.000
301	1960	0.000	0.000	0.000	0.998	0.000	0.000	0.000	0.000
302	2392	0.000	0.000	0.000	0.000	0.975	0.023	0.000	0.000
303	2549	0.000	0.000	0.000	0.000	0.998	0.000	0.000	0.000
304	2131	0.000	0.000	0.000	0.000	0.982	0.000	0.000	0.016
305	2309	0.000	0.000	0.000	0.000	0.977	0.000	0.000	0.021
306	2092	0.000	0.000	0.000	0.000	0.000	0.000	0.000	0.998
307	2165	0.000	0.000	0.000	0.000	0.990	0.000	0.000	0.008
308	2149	0.000	0.872	0.000	0.000	0.000	0.126	0.000	0.000
309	2007	0.000	0.795	0.000	0.000	0.002	0.047	0.000	0.155
310	2445	0.000	0.998	0.000	0.000	0.000	0.000	0.000	0.000
311	2306	0.000	0.000	0.000	0.000	0.998	0.000	0.000	0.000
312	2043	0.000	0.000	0.000	0.000	0.992	0.000	0.000	0.006
313	2535	0.000	0.000	0.000	0.206	0.000	0.000	0.792	0.000
314	2492	0.000	0.000	0.000	0.000	0.992	0.000	0.000	0.006
315	2361	0.000	0.000	0.000	0.998	0.000	0.000	0.000	0.000
316	2280	0.000	0.566	0.000	0.000	0.000	0.432	0.000	0.000
317	2619	0.000	0.000	0.000	0.000	0.991	0.000	0.000	0.007
318	2385	0.000	0.972	0.000	0.000	0.026	0.000	0.000	0.000
319	2530	0.000	0.815	0.000	0.000	0.137	0.046	0.000	0.000
320	1913	0.000	0.000	0.061	0.000	0.000	0.937	0.000	0.000
321	2542	0.000	0.023	0.000	0.000	0.956	0.000	0.000	0.019
322	2246	0.000	0.676	0.000	0.000	0.000	0.322	0.000	0.000
323	2002	0.000	0.683	0.000	0.000	0.000	0.315	0.000	0.000
324	1972	0.000	0.000	0.998	0.000	0.000	0.000	0.000	0.000
325	2242	0.000	0.000	0.000	0.324	0.079	0.596	0.000	0.000
326	2416	0.000	0.000	0.000	0.416	0.000	0.582	0.000	0.000
327	2071	0.000	0.950	0.000	0.000	0.000	0.031	0.000	0.018
328	2102	0.000	0.879	0.016	0.016	0.000	0.088	0.000	0.000
329	2616	0.000	0.786	0.022	0.011	0.011	0.170	0.000	0.000
330	2176	0.000	0.649	0.000	0.103	0.000	0.247	0.000	0.000
331	2267	0.000	0.900	0.000	0.000	0.000	0.098	0.000	0.000
332	2068	0.000	0.931	0.000	0.000	0.000	0.067	0.000	0.000
333	1577	0.000	0.874	0.000	0.000	0.000	0.124	0.000	0.000
334	2370	0.000	0.000	0.000	0.000	0.998	0.000	0.000	0.000
335	2237	0.000	0.000	0.000	0.000	0.998	0.000	0.000	0.000
336	2583	0.000	0.000	0.998	0.000	0.000	0.000	0.000	0.000
337	2378	0.000	0.000	0.998	0.000	0.000	0.000	0.000	0.000
338	2503	0.000	0.000	0.000	0.998	0.000	0.000	0.000	0.000
339	2114	0.000	0.000	0.000	0.998	0.000	0.000	0.000	0.000
340	2260	0.000	0.000	0.000	0.998	0.000	0.000	0.000	0.000
341	2307	0.000	0.000	0.000	0.000	0.998	0.000	0.000	0.000
342	2336	0.000	0.909	0.000	0.000	0.000	0.089	0.000	0.000
343	2120	0.000	0.000	0.000	0.998	0.000	0.000	0.000	0.000
344	2105	0.000	0.000	0.000	0.998	0.000	0.000	0.000	0.000
345	2161	0.000	0.548	0.000	0.000	0.000	0.450	0.000	0.000
346	2287	0.000	0.000	0.000	0.000	0.998	0.000	0.000	0.000
347	2529	0.000	0.577	0.063	0.029	0.000	0.329	0.000	0.000
348	1966	0.000	0.000	0.000	0.000	0.947	0.000	0.000	0.051
349	2285	0.000	0.947	0.000	0.000	0.000	0.051	0.000	0.000
350	2247	0.000	0.723	0.000	0.017	0.000	0.258	0.000	0.000
351	2261	0.000	0.000	0.000	0.000	0.998	0.000	0.000	0.000
352	2504	0.000	0.000	0.000	0.000	0.998	0.000	0.000	0.000
353	2495	0.000	0.000	0.000	0.000	0.998	0.000	0.000	0.000
354	2343	0.000	0.842	0.000	0.000	0.000	0.156	0.000	0.000
355	2487	0.000	0.000	0.000	0.000	0.000	0.000	0.998	0.000
356	2245	0.000	0.000	0.000	0.000	0.000	0.000	0.998	0.000
357	1988	0.000	0.998	0.000	0.000	0.000	0.000	0.000	0.000
358	2466	0.000	0.998	0.000	0.000	0.000	0.000	0.000	0.000
359	2223	0.000	0.945	0.000	0.000	0.000	0.053	0.000	0.000
360	2653	0.000	0.998	0.000	0.000	0.000	0.000	0.000	0.000
361	2164	0.000	0.000	0.000	0.000	0.987	0.000	0.000	0.011
362	2472	0.000	0.823	0.175	0.000	0.000	0.000	0.000	0.000
363	2241	0.000	0.877	0.000	0.000	0.000	0.121	0.000	0.000
364	136	0.000	0.709	0.277	0.000	0.000	0.012	0.000	0.000
365	2451	0.000	0.772	0.000	0.000	0.000	0.226	0.000	0.000
366	2050	0.000	0.000	0.998	0.000	0.000	0.000	0.000	0.000
367	2196	0.000	0.958	0.000	0.000	0.000	0.040	0.000	0.000
368	2075	0.000	0.000	0.000	0.000	0.000	0.976	0.022	0.000
369	2501	0.000	0.000	0.000	0.000	0.167	0.831	0.000	0.000
370	2423	0.000	0.000	0.000	0.000	0.991	0.000	0.000	0.007
371	2250	0.000	0.840	0.000	0.000	0.000	0.158	0.000	0.000
372	2180	0.000	0.925	0.000	0.000	0.000	0.073	0.000	0.000
373	2478	0.000	0.018	0.000	0.000	0.773	0.000	0.000	0.207
374	2058	0.000	0.000	0.000	0.000	0.888	0.000	0.000	0.110
375	2183	0.000	0.908	0.000	0.000	0.000	0.090	0.000	0.000
376	2533	0.000	0.987	0.011	0.000	0.000	0.001	0.000	0.000
377	2409	0.000	0.000	0.000	0.000	0.986	0.000	0.000	0.012
378	2582	0.000	0.827	0.000	0.000	0.000	0.171	0.000	0.000
379	2377	0.000	0.000	0.000	0.000	0.000	0.998	0.000	0.000
380	2215	0.000	0.978	0.000	0.000	0.000	0.020	0.000	0.000
381	2197	0.000	0.000	0.000	0.998	0.000	0.000	0.000	0.000
382	2236	0.000	0.000	0.000	0.998	0.000	0.000	0.000	0.000
383	2499	0.000	0.000	0.000	0.000	0.912	0.000	0.000	0.086
384	2322	0.000	0.000	0.000	0.998	0.000	0.000	0.000	0.000
385	2098	0.000	0.000	0.000	0.000	0.998	0.000	0.000	0.000
386	2418	0.000	0.000	0.000	0.000	0.998	0.000	0.000	0.000
387	2381	0.000	0.000	0.000	0.000	0.998	0.000	0.000	0.000
388	2603	0.000	0.000	0.000	0.016	0.000	0.982	0.000	0.000
389	2644	0.000	0.000	0.000	0.998	0.000	0.000	0.000	0.000
390	2417	0.000	0.822	0.176	0.000	0.000	0.000	0.000	0.000
391	1999	0.000	0.000	0.998	0.000	0.000	0.000	0.000	0.000
392	2220	0.000	0.000	0.000	0.000	0.998	0.000	0.000	0.000
393	2578	0.000	0.000	0.000	0.000	0.991	0.000	0.000	0.007
394	2045	0.000	0.000	0.000	0.000	0.998	0.000	0.000	0.000
395	1953	0.000	0.000	0.000	0.000	0.998	0.000	0.000	0.000
396	2028	0.000	0.928	0.000	0.000	0.000	0.070	0.000	0.000
397	2556	0.000	0.000	0.000	0.000	0.990	0.000	0.000	0.008
398	2191	0.000	0.998	0.000	0.000	0.000	0.000	0.000	0.000
399	2235	0.000	0.000	0.000	0.088	0.000	0.910	0.000	0.000
400	2288	0.000	0.000	0.000	0.276	0.000	0.000	0.000	0.722
401	1987	0.000	0.965	0.000	0.000	0.000	0.033	0.000	0.000
402	2475	0.000	0.818	0.000	0.000	0.000	0.180	0.000	0.000
403	2547	0.000	0.918	0.000	0.000	0.020	0.060	0.000	0.000
404	2319	0.000	0.896	0.009	0.000	0.000	0.093	0.000	0.000
405	2617	0.000	0.733	0.000	0.000	0.000	0.265	0.000	0.000
406	1914	0.000	0.000	0.998	0.000	0.000	0.000	0.000	0.000
407	2658	0.000	0.000	0.998	0.000	0.000	0.000	0.000	0.000
408	2163	0.000	0.000	0.000	0.000	0.091	0.907	0.000	0.000
409	2311	0.000	0.000	0.000	0.000	0.957	0.000	0.000	0.041
410	2052	0.000	0.864	0.000	0.000	0.000	0.134	0.000	0.000
411	2594	0.000	0.821	0.000	0.000	0.000	0.144	0.000	0.033
412	2273	0.000	0.786	0.000	0.000	0.000	0.212	0.000	0.000
413	2202	0.000	0.000	0.998	0.000	0.000	0.000	0.000	0.000
414	2222	0.000	0.000	0.000	0.000	0.000	0.998	0.000	0.000
415	1922	0.000	0.000	0.000	0.998	0.000	0.000	0.000	0.000
416	2341	0.000	0.000	0.050	0.908	0.000	0.000	0.000	0.041
417	2139	0.000	0.000	0.000	0.000	0.998	0.000	0.000	0.000
418	2462	0.000	0.000	0.000	0.000	0.944	0.000	0.053	0.000
419	2591	0.000	0.000	0.000	0.000	0.998	0.000	0.000	0.000
420	2628	0.000	0.000	0.000	0.998	0.000	0.000	0.000	0.000
421	2291	0.000	0.000	0.000	0.935	0.063	0.000	0.000	0.000
422	2643	0.000	0.944	0.000	0.000	0.000	0.054	0.000	0.000
423	2293	0.000	0.979	0.000	0.000	0.000	0.000	0.019	0.000
424	1975	0.000	0.000	0.000	0.998	0.000	0.000	0.000	0.000
425	1930	0.000	0.000	0.000	0.998	0.000	0.000	0.000	0.000
426	2516	0.000	0.832	0.000	0.000	0.000	0.166	0.000	0.000
427	2057	0.000	0.962	0.000	0.000	0.036	0.000	0.000	0.000
428	2623	0.000	0.000	0.000	0.000	0.974	0.000	0.000	0.024
429	2006	0.000	0.000	0.998	0.000	0.000	0.000	0.000	0.000
430	2366	0.000	0.503	0.000	0.495	0.000	0.000	0.000	0.000
431	2211	0.000	0.339	0.000	0.524	0.000	0.135	0.000	0.000
432	2352	0.000	0.000	0.000	0.000	0.992	0.000	0.000	0.006
433	2427	0.000	0.146	0.000	0.000	0.282	0.002	0.000	0.569
434	1934	0.000	0.000	0.000	0.998	0.000	0.000	0.000	0.000
435	2299	0.000	0.000	0.000	0.000	0.998	0.000	0.000	0.000
436	2226	0.000	0.000	0.000	0.272	0.000	0.726	0.000	0.000
437	2573	0.000	0.000	0.000	0.000	0.991	0.000	0.000	0.007
438	1923	0.000	0.000	0.000	0.269	0.000	0.729	0.000	0.000
439	2575	0.000	0.000	0.000	0.000	0.990	0.000	0.000	0.008
440	2559	0.000	0.000	0.000	0.000	0.998	0.000	0.000	0.000
441	2368	0.000	0.573	0.000	0.027	0.000	0.386	0.013	0.000
442	2642	0.000	0.656	0.008	0.109	0.000	0.225	0.000	0.000
443	2349	0.000	0.998	0.000	0.000	0.000	0.000	0.000	0.000
444	2384	0.000	0.733	0.012	0.000	0.000	0.254	0.000	0.000
445	2645	0.000	0.000	0.998	0.000	0.000	0.000	0.000	0.000
446	2210	0.000	0.057	0.000	0.000	0.941	0.000	0.000	0.000
447	2159	0.000	0.000	0.998	0.000	0.000	0.000	0.000	0.000
448	2424	0.000	0.000	0.000	0.998	0.000	0.000	0.000	0.000
449	2000	0.000	0.000	0.998	0.000	0.000	0.000	0.000	0.000
450	2157	0.000	0.000	0.998	0.000	0.000	0.000	0.000	0.000
451	2539	0.000	0.000	0.000	0.000	0.998	0.000	0.000	0.000
452	2657	0.000	0.000	0.998	0.000	0.000	0.000	0.000	0.000
453	1935	0.000	0.000	0.998	0.000	0.000	0.000	0.000	0.000
454	2313	0.000	0.167	0.000	0.831	0.000	0.000	0.000	0.000
455	2613	0.000	0.000	0.000	0.000	0.998	0.000	0.000	0.000
456	2356	0.000	0.000	0.000	0.000	0.998	0.000	0.000	0.000
457	2108	0.000	0.000	0.000	0.000	0.998	0.000	0.000	0.000
458	2155	0.000	0.000	0.000	0.111	0.000	0.887	0.000	0.000
459	2144	0.000	0.998	0.000	0.000	0.000	0.000	0.000	0.000
460	1921	0.000	0.000	0.998	0.000	0.000	0.000	0.000	0.000
461	2072	0.000	0.693	0.000	0.000	0.000	0.305	0.000	0.000
462	2461	0.000	0.826	0.000	0.000	0.000	0.172	0.000	0.000
463	2310	0.000	0.000	0.000	0.119	0.000	0.879	0.000	0.000
464	2465	0.000	0.978	0.000	0.000	0.000	0.020	0.000	0.000
465	2083	0.000	0.000	0.000	0.000	0.991	0.000	0.000	0.007
466	2232	0.000	0.833	0.000	0.165	0.000	0.000	0.000	0.000
467	1919	0.000	0.000	0.998	0.000	0.000	0.000	0.000	0.000
468	1951	0.000	0.000	0.998	0.000	0.000	0.000	0.000	0.000
469	2026	0.000	0.781	0.000	0.000	0.152	0.066	0.000	0.000
470	2270	0.000	0.000	0.000	0.998	0.000	0.000	0.000	0.000
471	2011	0.000	0.000	0.998	0.000	0.000	0.000	0.000	0.000
472	1995	0.000	0.000	0.998	0.000	0.000	0.000	0.000	0.000
473	2639	0.000	0.000	0.998	0.000	0.000	0.000	0.000	0.000
474	1965	0.000	0.000	0.000	0.998	0.000	0.000	0.000	0.000
475	1918	0.000	0.000	0.000	0.000	0.998	0.000	0.000	0.000
476	2208	0.000	0.807	0.000	0.000	0.001	0.000	0.191	0.000
477	2308	0.000	0.000	0.000	0.000	0.998	0.000	0.000	0.000
478	1931	0.000	0.000	0.998	0.000	0.000	0.000	0.000	0.000
479	2221	0.000	0.000	0.000	0.000	0.000	0.998	0.000	0.000
480	2027	0.000	0.000	0.998	0.000	0.000	0.000	0.000	0.000
481	2081	0.000	0.761	0.000	0.000	0.000	0.226	0.012	0.000
482	2609	0.000	0.998	0.000	0.000	0.000	0.000	0.000	0.000
483	2038	0.000	0.813	0.000	0.110	0.000	0.075	0.000	0.000
484	2048	0.000	0.000	0.000	0.305	0.187	0.507	0.000	0.000
485	2587	0.000	0.000	0.000	0.998	0.000	0.000	0.000	0.000
486	2067	0.000	0.000	0.000	0.000	0.000	0.000	0.000	0.998
487	1980	0.000	0.000	0.998	0.000	0.000	0.000	0.000	0.000
488	2185	0.000	0.000	0.000	0.190	0.000	0.808	0.000	0.000
489	2537	0.000	0.580	0.000	0.000	0.000	0.418	0.000	0.000
490	2004	0.000	0.000	0.998	0.000	0.000	0.000	0.000	0.000
491	2315	0.000	0.998	0.000	0.000	0.000	0.000	0.000	0.000
492	2249	0.000	0.928	0.000	0.000	0.000	0.070	0.000	0.000
493	2147	0.000	0.000	0.000	0.000	0.000	0.000	0.000	0.998
494	2502	0.000	0.809	0.000	0.024	0.000	0.165	0.000	0.000
495	2137	0.000	0.885	0.000	0.000	0.113	0.000	0.000	0.000
496	2362	0.000	0.000	0.000	0.998	0.000	0.000	0.000	0.000
497	2398	0.000	0.950	0.000	0.000	0.000	0.048	0.000	0.000
498	2589	0.000	0.998	0.000	0.000	0.000	0.000	0.000	0.000
499	2463	0.000	0.920	0.000	0.000	0.000	0.078	0.000	0.000
500	2170	0.000	0.998	0.000	0.000	0.000	0.000	0.000	0.000
501	2479	0.000	0.000	0.000	0.000	0.000	0.998	0.000	0.000
502	2134	0.000	0.983	0.000	0.000	0.000	0.015	0.000	0.000
503	2115	0.000	0.000	0.000	0.000	0.998	0.000	0.000	0.000
504	2088	0.000	0.000	0.000	0.000	0.982	0.000	0.000	0.016
505	2145	0.000	0.000	0.027	0.971	0.000	0.000	0.000	0.000
506	2174	0.000	0.881	0.000	0.036	0.000	0.081	0.000	0.000
507	2546	0.000	0.000	0.000	0.000	0.998	0.000	0.000	0.000
508	2344	0.000	0.000	0.000	0.000	0.000	0.998	0.000	0.000
509	2274	0.000	0.000	0.000	0.000	0.000	0.998	0.000	0.000
510	2415	0.000	0.000	0.000	0.000	0.000	0.998	0.000	0.000
511	2037	0.000	0.000	0.000	0.000	0.935	0.000	0.000	0.063
512	2136	0.000	0.000	0.000	0.000	0.984	0.000	0.000	0.014
513	1958	0.000	0.000	0.998	0.000	0.000	0.000	0.000	0.000
514	2486	0.000	0.998	0.000	0.000	0.000	0.000	0.000	0.000
515	2513	0.000	0.998	0.000	0.000	0.000	0.000	0.000	0.000
516	2471	0.000	0.852	0.000	0.000	0.000	0.138	0.000	0.008
517	2190	0.000	0.000	0.000	0.000	0.998	0.000	0.000	0.000
518	2041	0.000	0.000	0.000	0.449	0.000	0.000	0.000	0.549
519	2456	0.000	0.000	0.000	0.798	0.000	0.000	0.000	0.200
520	2610	0.000	0.000	0.000	0.998	0.000	0.000	0.000	0.000
521	2401	0.000	0.998	0.000	0.000	0.000	0.000	0.000	0.000
522	2540	0.000	0.000	0.000	0.998	0.000	0.000	0.000	0.000
523	2198	0.000	0.309	0.000	0.000	0.000	0.689	0.000	0.000
524	2039	0.000	0.986	0.000	0.000	0.000	0.012	0.000	0.000
525	1973	0.000	0.000	0.998	0.000	0.000	0.000	0.000	0.000
526	2525	0.000	0.000	0.000	0.317	0.000	0.681	0.000	0.000
527	2128	0.000	0.680	0.023	0.012	0.035	0.238	0.011	0.000
528	2474	0.000	0.000	0.000	0.998	0.000	0.000	0.000	0.000
529	2411	0.000	0.000	0.000	0.998	0.000	0.000	0.000	0.000
530	2476	0.000	0.000	0.000	0.000	0.000	0.000	0.000	0.998
531	2443	0.046	0.376	0.000	0.000	0.000	0.000	0.000	0.576
532	2545	0.000	0.131	0.000	0.000	0.000	0.000	0.000	0.867
533	2314	0.000	0.000	0.000	0.998	0.000	0.000	0.000	0.000
534	2576	0.000	0.000	0.000	0.000	0.000	0.000	0.000	0.998
535	2318	0.000	0.000	0.000	0.398	0.000	0.600	0.000	0.000
536	2618	0.000	0.000	0.000	0.998	0.000	0.000	0.000	0.000
537	2021	0.000	0.000	0.000	0.000	0.998	0.000	0.000	0.000
538	1933	0.000	0.000	0.000	0.998	0.000	0.000	0.000	0.000
539	2403	0.000	0.000	0.000	0.998	0.000	0.000	0.000	0.000
540	2179	0.000	0.000	0.000	0.000	0.998	0.000	0.000	0.000
541	2031	0.000	0.431	0.000	0.407	0.000	0.160	0.000	0.000
542	2216	0.000	0.000	0.000	0.000	0.998	0.000	0.000	0.000
543	2444	0.000	0.998	0.000	0.000	0.000	0.000	0.000	0.000
544	2473	0.000	0.789	0.000	0.180	0.000	0.029	0.000	0.000
545	2325	0.000	0.485	0.000	0.194	0.000	0.319	0.000	0.000
546	2119	0.000	0.000	0.000	0.998	0.000	0.000	0.000	0.000
547	2566	0.000	0.000	0.000	0.998	0.000	0.000	0.000	0.000
548	2205	0.000	0.000	0.000	0.998	0.000	0.000	0.000	0.000
549	2652	0.000	0.000	0.000	0.000	0.000	0.998	0.000	0.000
550	2330	0.000	0.998	0.000	0.000	0.000	0.000	0.000	0.000
551	2316	0.000	0.111	0.000	0.887	0.000	0.000	0.000	0.000
552	2178	0.000	0.000	0.000	0.499	0.000	0.000	0.000	0.499
553	2035	0.000	0.000	0.000	0.998	0.000	0.000	0.000	0.000
554	2049	0.000	0.000	0.000	0.998	0.000	0.000	0.000	0.000
555	2268	0.000	0.821	0.177	0.000	0.000	0.000	0.000	0.000
556	2332	0.000	0.923	0.000	0.000	0.000	0.075	0.000	0.000
557	2146	0.000	0.000	0.000	0.998	0.000	0.000	0.000	0.000
558	2383	0.000	0.000	0.000	0.000	0.802	0.000	0.000	0.196
559	2637	0.000	0.000	0.000	0.313	0.000	0.685	0.000	0.000
560	1970	0.000	0.000	0.000	0.000	0.000	0.998	0.000	0.000
561	2012	0.000	0.000	0.998	0.000	0.000	0.000	0.000	0.000
562	2171	0.000	0.000	0.998	0.000	0.000	0.000	0.000	0.000
563	2209	0.000	0.000	0.000	0.998	0.000	0.000	0.000	0.000
564	1963	0.000	0.000	0.000	0.000	0.986	0.000	0.000	0.012
565	2304	0.000	0.000	0.000	0.000	0.000	0.998	0.000	0.000
566	2355	0.000	0.000	0.073	0.035	0.000	0.890	0.000	0.000
567	2148	0.000	0.998	0.000	0.000	0.000	0.000	0.000	0.000
568	2259	0.000	0.998	0.000	0.000	0.000	0.000	0.000	0.000
569	2066	0.000	0.000	0.000	0.998	0.000	0.000	0.000	0.000
570	2151	0.000	0.880	0.000	0.000	0.000	0.118	0.000	0.000
571	2393	0.000	0.057	0.000	0.000	0.000	0.000	0.000	0.941
572	2438	0.000	0.000	0.000	0.000	0.019	0.979	0.000	0.000
573	2400	0.000	0.000	0.000	0.057	0.000	0.941	0.000	0.000
574	2454	0.000	0.000	0.000	0.000	0.000	0.000	0.000	0.998
575	2284	0.000	0.000	0.998	0.000	0.000	0.000	0.000	0.000
576	2298	0.000	0.000	0.000	0.136	0.000	0.862	0.000	0.000
577	2003	0.000	0.000	0.000	0.000	0.000	0.998	0.000	0.000
578	2295	0.000	0.821	0.000	0.000	0.000	0.177	0.000	0.000
579	1990	0.000	0.000	0.000	0.998	0.000	0.000	0.000	0.000
580	2544	0.000	0.811	0.000	0.037	0.000	0.151	0.000	0.000
581	2061	0.000	0.000	0.998	0.000	0.000	0.000	0.000	0.000
582	1976	0.000	0.000	0.998	0.000	0.000	0.000	0.000	0.000
583	1927	0.000	0.000	0.998	0.000	0.000	0.000	0.000	0.000
584	2055	0.000	0.000	0.000	0.000	0.984	0.000	0.013	0.000
585	2350	0.000	0.087	0.000	0.000	0.641	0.042	0.000	0.228
586	2588	0.000	0.896	0.000	0.000	0.000	0.102	0.000	0.000
587	2450	0.000	0.539	0.000	0.459	0.000	0.000	0.000	0.000
588	2320	0.000	0.998	0.000	0.000	0.000	0.000	0.000	0.000
589	1992	0.000	0.998	0.000	0.000	0.000	0.000	0.000	0.000
590	2571	0.000	0.808	0.170	0.000	0.000	0.020	0.000	0.000
591	2234	0.000	0.000	0.000	0.000	0.000	0.000	0.000	0.998
592	2387	0.000	0.058	0.000	0.000	0.000	0.000	0.000	0.940
593	1968	0.000	0.000	0.998	0.000	0.000	0.000	0.000	0.000
594	2585	0.000	0.000	0.998	0.000	0.000	0.000	0.000	0.000
595	2405	0.000	0.000	0.000	0.998	0.000	0.000	0.000	0.000
596	2162	0.000	0.000	0.000	0.998	0.000	0.000	0.000	0.000
597	2402	0.000	0.000	0.000	0.998	0.000	0.000	0.000	0.000
598	2238	0.000	0.000	0.000	0.998	0.000	0.000	0.000	0.000
599	2089	0.000	0.000	0.000	0.998	0.000	0.000	0.000	0.000
600	2044	0.000	0.000	0.000	0.000	0.000	0.000	0.000	0.998
601	2379	0.000	0.804	0.000	0.165	0.000	0.029	0.000	0.000
602	2651	0.000	0.000	0.000	0.714	0.000	0.284	0.000	0.000
603	2009	0.000	0.000	0.998	0.000	0.000	0.000	0.000	0.000
604	2177	0.000	0.000	0.000	0.000	0.000	0.998	0.000	0.000
605	2252	0.000	0.000	0.000	0.000	0.000	0.998	0.000	0.000
606	2231	0.000	0.000	0.000	0.998	0.000	0.000	0.000	0.000
607	2076	0.000	0.998	0.000	0.000	0.000	0.000	0.000	0.000
608	2367	0.000	0.819	0.000	0.155	0.000	0.024	0.000	0.000
609	2303	0.000	0.000	0.000	0.000	0.000	0.000	0.000	0.998
610	2455	0.000	0.000	0.000	0.998	0.000	0.000	0.000	0.000
611	2627	0.000	0.000	0.998	0.000	0.000	0.000	0.000	0.000
612	2534	0.000	0.000	0.000	0.998	0.000	0.000	0.000	0.000
613	2130	0.000	0.000	0.000	0.998	0.000	0.000	0.000	0.000
614	2480	0.000	0.000	0.000	0.329	0.000	0.669	0.000	0.000
615	2531	0.000	0.000	0.177	0.047	0.000	0.774	0.000	0.000
616	2389	0.000	0.000	0.312	0.038	0.000	0.648	0.000	0.000
617	2568	0.000	0.000	0.000	0.000	0.000	0.998	0.000	0.000
618	2014	0.000	0.000	0.998	0.000	0.000	0.000	0.000	0.000
619	1982	0.000	0.611	0.000	0.057	0.000	0.168	0.000	0.163
620	2452	0.000	0.000	0.000	0.261	0.000	0.737	0.000	0.000
621	2107	0.000	0.000	0.000	0.998	0.000	0.000	0.000	0.000
622	2239	0.000	0.909	0.000	0.000	0.000	0.089	0.000	0.000
623	2186	0.000	0.000	0.000	0.998	0.000	0.000	0.000	0.000
624	2621	0.000	0.000	0.000	0.998	0.000	0.000	0.000	0.000
625	2091	0.000	0.000	0.000	0.998	0.000	0.000	0.000	0.000
626	2256	0.000	0.000	0.000	0.998	0.000	0.000	0.000	0.000
627	2022	0.000	0.000	0.998	0.000	0.000	0.000	0.000	0.000
628	2508	0.000	0.997	0.000	0.000	0.000	0.001	0.000	0.000
629	1937	0.000	0.000	0.000	0.998	0.000	0.000	0.000	0.000
630	2632	0.000	0.000	0.000	0.998	0.000	0.000	0.000	0.000
631	2605	0.000	0.445	0.000	0.000	0.082	0.471	0.000	0.000
632	2572	0.000	0.878	0.000	0.000	0.000	0.063	0.057	0.000
633	2641	0.000	0.000	0.000	0.275	0.000	0.723	0.000	0.000
634	2522	0.000	0.967	0.000	0.000	0.000	0.031	0.000	0.000
635	2528	0.000	0.000	0.000	0.998	0.000	0.000	0.000	0.000
636	2439	0.000	0.611	0.000	0.387	0.000	0.000	0.000	0.000
637	2612	0.000	0.000	0.000	0.998	0.000	0.000	0.000	0.000
638	2448	0.000	0.000	0.000	0.998	0.000	0.000	0.000	0.000
639	1950	0.000	0.000	0.998	0.000	0.000	0.000	0.000	0.000
640	2493	0.000	0.000	0.000	0.000	0.000	0.998	0.000	0.000
641	2181	0.000	0.000	0.000	0.998	0.000	0.000	0.000	0.000
642	2024	0.000	0.000	0.998	0.000	0.000	0.000	0.000	0.000
643	2001	0.000	0.000	0.998	0.000	0.000	0.000	0.000	0.000
644	2217	0.000	0.521	0.000	0.477	0.000	0.000	0.000	0.000
645	1969	0.000	0.998	0.000	0.000	0.000	0.000	0.000	0.000
646	2497	0.000	0.000	0.000	0.998	0.000	0.000	0.000	0.000
647	2345	0.000	0.742	0.000	0.179	0.000	0.047	0.000	0.031
648	2017	0.000	0.000	0.000	0.000	0.000	0.000	0.000	0.998
649	2321	0.000	0.000	0.000	0.000	0.000	0.000	0.000	0.998
650	2459	0.000	0.000	0.998	0.000	0.000	0.000	0.000	0.000
651	2514	0.000	0.497	0.000	0.501	0.000	0.000	0.000	0.000
652	2562	0.000	0.000	0.000	0.998	0.000	0.000	0.000	0.000
653	2581	0.000	0.359	0.000	0.377	0.000	0.000	0.087	0.175
654	2019	0.000	0.000	0.000	0.000	0.000	0.000	0.000	0.998
655	2106	0.000	0.000	0.000	0.000	0.000	0.000	0.000	0.998
656	2421	0.000	0.000	0.000	0.000	0.000	0.000	0.000	0.998
657	2141	0.000	0.000	0.000	0.998	0.000	0.000	0.000	0.000
658	2449	0.000	0.000	0.000	0.000	0.000	0.000	0.000	0.998
659	2440	0.000	0.000	0.000	0.998	0.000	0.000	0.000	0.000
660	2129	0.000	0.000	0.000	0.998	0.000	0.000	0.000	0.000
661	2494	0.000	0.000	0.998	0.000	0.000	0.000	0.000	0.000
662	2013	0.000	0.000	0.998	0.000	0.000	0.000	0.000	0.000
663	2099	0.000	0.610	0.067	0.322	0.000	0.001	0.000	0.000
664	1977	0.000	0.000	0.000	0.998	0.000	0.000	0.000	0.000
665	2160	0.000	0.000	0.000	0.998	0.000	0.000	0.000	0.000
666	2251	0.000	0.000	0.000	0.998	0.000	0.000	0.000	0.000
667	2286	0.000	0.000	0.000	0.998	0.000	0.000	0.000	0.000
668	2577	0.000	0.000	0.000	0.998	0.000	0.000	0.000	0.000
669	2519	0.000	0.000	0.000	0.000	0.000	0.998	0.000	0.000
670	1936	0.000	0.000	0.000	0.998	0.000	0.000	0.000	0.000
671	2413	0.000	0.000	0.138	0.000	0.000	0.860	0.000	0.000
672	2065	0.000	0.738	0.000	0.000	0.258	0.000	0.003	0.000
673	2599	0.000	0.998	0.000	0.000	0.000	0.000	0.000	0.000
674	2490	0.000	0.998	0.000	0.000	0.000	0.000	0.000	0.000
675	2248	0.000	0.000	0.000	0.998	0.000	0.000	0.000	0.000
676	2342	0.000	0.000	0.000	0.998	0.000	0.000	0.000	0.000
677	1949	0.000	0.000	0.000	0.998	0.000	0.000	0.000	0.000
678	1956	0.000	0.000	0.000	0.293	0.000	0.000	0.705	0.000
679	2281	0.000	0.000	0.000	0.000	0.000	0.000	0.998	0.000
680	2070	0.000	0.000	0.000	0.998	0.000	0.000	0.000	0.000
681	2272	0.000	0.000	0.000	0.309	0.000	0.654	0.036	0.000
682	2080	0.000	0.000	0.000	0.998	0.000	0.000	0.000	0.000
683	2265	0.000	0.000	0.000	0.998	0.000	0.000	0.000	0.000
684	2167	0.000	0.000	0.000	0.000	0.000	0.000	0.998	0.000
685	2426	0.000	0.886	0.000	0.000	0.112	0.000	0.000	0.000
686	2255	0.000	0.998	0.000	0.000	0.000	0.000	0.000	0.000
687	2622	0.000	0.850	0.000	0.000	0.148	0.000	0.000	0.000
688	2524	0.000	0.081	0.000	0.000	0.904	0.013	0.000	0.000
689	2008	0.000	0.000	0.000	0.998	0.000	0.000	0.000	0.000
690	2173	0.000	0.000	0.000	0.998	0.000	0.000	0.000	0.000
691	1915	0.000	0.000	0.000	0.998	0.000	0.000	0.000	0.000
692	2614	0.000	0.130	0.000	0.868	0.000	0.000	0.000	0.000
693	2023	0.000	0.000	0.000	0.998	0.000	0.000	0.000	0.000
694	2193	0.000	0.000	0.000	0.998	0.000	0.000	0.000	0.000
695	2422	0.000	0.000	0.000	0.998	0.000	0.000	0.000	0.000
696	2441	0.000	0.000	0.000	0.998	0.000	0.000	0.000	0.000
697	1961	0.000	0.000	0.000	0.188	0.000	0.000	0.810	0.000
698	2505	0.000	0.000	0.000	0.998	0.000	0.000	0.000	0.000
699	2094	0.000	0.000	0.000	0.000	0.000	0.000	0.998	0.000
700	2036	0.000	0.000	0.000	0.998	0.000	0.000	0.000	0.000
701	2656	0.000	0.000	0.000	0.998	0.000	0.000	0.000	0.000
702	2100	0.000	0.998	0.000	0.000	0.000	0.000	0.000	0.000
703	2277	0.000	0.000	0.000	0.998	0.000	0.000	0.000	0.000
704	2580	0.000	0.000	0.000	0.998	0.000	0.000	0.000	0.000
705	1974	0.000	0.000	0.000	0.998	0.000	0.000	0.000	0.000
706	2380	0.000	0.000	0.000	0.998	0.000	0.000	0.000	0.000
707	2301	0.000	0.000	0.000	0.235	0.000	0.000	0.763	0.000
708	2182	0.000	0.000	0.000	0.998	0.000	0.000	0.000	0.000
709	2175	0.000	0.000	0.000	0.998	0.000	0.000	0.000	0.000
710	2481	0.000	0.000	0.000	0.000	0.000	0.000	0.998	0.000
711	2515	0.000	0.998	0.000	0.000	0.000	0.000	0.000	0.000
712	2488	0.000	0.000	0.000	0.998	0.000	0.000	0.000	0.000
713	2015	0.000	0.000	0.000	0.998	0.000	0.000	0.000	0.000
714	2312	0.000	0.000	0.075	0.068	0.000	0.856	0.000	0.000
715	2635	0.000	0.998	0.000	0.000	0.000	0.000	0.000	0.000
716	2051	0.000	0.220	0.000	0.778	0.000	0.000	0.000	0.000
717	2262	0.000	0.000	0.000	0.000	0.000	0.000	0.000	0.998
718	2305	0.000	0.998	0.000	0.000	0.000	0.000	0.000	0.000
719	2230	0.000	0.508	0.000	0.490	0.000	0.000	0.000	0.000
720	2034	0.000	0.000	0.000	0.307	0.000	0.000	0.000	0.691
721	2527	0.998	0.000	0.000	0.000	0.000	0.000	0.000	0.000
722	2227	0.000	0.000	0.000	0.998	0.000	0.000	0.000	0.000
723	2113	0.000	0.998	0.000	0.000	0.000	0.000	0.000	0.000
724	1996	0.000	0.000	0.000	0.000	0.000	0.000	0.000	0.998
725	2541	0.000	0.000	0.000	0.000	0.000	0.000	0.000	0.998
726	2358	0.000	0.000	0.000	0.998	0.000	0.000	0.000	0.000
727	2431	0.000	0.000	0.000	0.998	0.000	0.000	0.000	0.000
728	2373	0.000	0.000	0.000	0.998	0.000	0.000	0.000	0.000
729	2548	0.000	0.998	0.000	0.000	0.000	0.000	0.000	0.000
730	2085	0.000	0.000	0.000	0.998	0.000	0.000	0.000	0.000
731	2382	0.000	0.000	0.000	0.998	0.000	0.000	0.000	0.000
732	2263	0.000	0.000	0.000	0.998	0.000	0.000	0.000	0.000
733	2595	0.998	0.000	0.000	0.000	0.000	0.000	0.000	0.000
734	1924	0.000	0.998	0.000	0.000	0.000	0.000	0.000	0.000
735	2388	0.000	0.000	0.000	0.998	0.000	0.000	0.000	0.000
736	2565	0.000	0.000	0.000	0.000	0.000	0.000	0.000	0.998
737	563	0.000	0.000	0.000	0.000	0.000	0.000	0.000	0.998
738	1967	0.000	0.000	0.000	0.000	0.000	0.000	0.000	0.998
739	2483	0.998	0.000	0.000	0.000	0.000	0.000	0.000	0.000
740	2634	0.000	0.000	0.000	0.593	0.000	0.000	0.000	0.405
741	2204	0.000	0.000	0.000	0.000	0.000	0.000	0.000	0.998
742	2168	0.000	0.000	0.000	0.000	0.000	0.000	0.000	0.998
743	2219	0.000	0.000	0.000	0.998	0.000	0.000	0.000	0.000
744	2442	0.000	0.000	0.000	0.000	0.000	0.000	0.000	0.998
745	2437	0.000	0.000	0.000	0.000	0.000	0.000	0.000	0.998
746	428	0.000	0.000	0.000	0.000	0.000	0.000	0.000	0.998
