1917 1938 1941 1942 1943 1946 1952 1962 1963 1966 1982 1983 1984 1985 1986 1989 2002 2007 2019 2037 2040 2044 2048 2056 2058 2059 2060 2062 2063 2064 2067 2069 2071 2073 2075 2078 2083 2084 2086 2088 2090 2092 2103 2110 2112 2115 2118 2121 2123 2124 2128 2131 2137 2142 2147 2150 2154 2163 2165 2172 2184 2188 2189 2200 2201 2206 2218 2221 2226 2229 2233 2234 2240 2242 2243 2257 2258 2262 2266 2271 2278 2287 2288 2300 2303 2308 2309 2328 2331 2334 2336 2339 2340 2345 2347 2348 2350 2352 2354 2363 2376 2383 2387 2391 2392 2393 2395 2404 2409 2410 2414 2427 2428 2429 2430 2438 2443 2449 2454 2460 2469 2471 2476 2478 2482 2489 2499 2501 2506 2507 2512 2518 2520 2524 2526 2532 2542 2543 2545 2550 2551 2556 2560 2561 2564 2572 2573 2576 2584 2586 2590 2594 2600 2601 2602 2604 2605 2611 2615 2619 2623 2624 2646 
136 1465 1577 1718 1913 1916 1920 1926 1932 1940 1941 1945 1947 1948 1954 1955 1959 1987 1994 2002 2007 2010 2026 2028 2032 2038 2039 2042 2047 2052 2053 2054 2057 2068 2071 2072 2081 2087 2095 2099 2102 2111 2117 2125 2127 2128 2133 2134 2135 2137 2138 2143 2144 2148 2149 2151 2153 2163 2169 2174 2176 2180 2183 2187 2189 2191 2194 2196 2198 2199 2203 2215 2223 2224 2232 2239 2241 2246 2247 2249 2250 2254 2259 2264 2267 2268 2273 2279 2282 2283 2285 2289 2292 2293 2294 2295 2298 2302 2305 2312 2315 2319 2327 2328 2330 2332 2333 2336 2338 2343 2344 2347 2350 2351 2355 2368 2372 2377 2384 2385 2389 2394 2398 2399 2400 2413 2417 2419 2420 2426 2434 2436 2445 2451 2458 2461 2463 2465 2471 2472 2473 2475 2491 2496 2498 2502 2508 2509 2510 2511 2512 2516 2519 2522 2529 2530 2531 2533 2537 2543 2544 2547 2555 2567 2571 2572 2582 2588 2589 2592 2594 2597 2598 2599 2605 2608 2609 2616 2617 2629 2635 2642 2643 2649 2653 
136 1913 1914 1919 1921 1927 1928 1931 1935 1950 1951 1954 1957 1958 1968 1972 1973 1976 1980 1991 1995 1998 1999 2000 2001 2004 2006 2009 2011 2012 2013 2014 2016 2018 2022 2024 2025 2027 2050 2061 2097 2102 2116 2128 2145 2157 2159 2171 2192 2202 2203 2225 2233 2268 2284 2297 2312 2337 2346 2351 2355 2364 2365 2378 2389 2413 2435 2447 2459 2494 2529 2531 2538 2571 2583 2585 2616 2620 2626 2627 2633 2636 2639 2640 2645 2647 2648 2657 2658 2659 2660 
1465 1577 1718 1916 1920 1926 1939 1945 1947 1952 1955 1959 1961 1970 1981 1982 2002 2003 2007 2026 2029 2032 2052 2053 2054 2062 2068 2072 2075 2081 2087 2096 2101 2110 2111 2125 2127 2128 2132 2134 2149 2151 2153 2155 2161 2163 2169 2176 2177 2180 2183 2185 2187 2194 2198 2199 2221 2222 2223 2224 2226 2235 2241 2243 2246 2247 2254 2264 2267 2273 2274 2279 2280 2282 2283 2292 2294 2304 2319 2324 2327 2328 2332 2333 2336 2343 2344 2345 2351 2355 2367 2368 2377 2384 2389 2390 2392 2394 2396 2398 2399 2415 2419 2432 2434 2438 2451 2458 2461 2462 2465 2468 2471 2473 2475 2479 2491 2501 2509 2510 2511 2512 2516 2518 2519 2522 2531 2537 2543 2547 2555 2568 2572 2592 2594 2598 2603 2605 2608 2617 2629 2642 2643 2649 2652 
1918 1925 2026 2150 2287 2299 2369 2381 2414 2526 2550 2554 2607 
1915 1922 1930 1933 1934 1936 1937 1949 1960 1964 1965 1975 1978 1990 2008 2015 2023 2034 2035 2041 2047 2049 2051 2070 2080 2082 2085 2089 2091 2099 2100 2105 2107 2113 2114 2119 2120 2126 2129 2130 2145 2146 2152 2156 2158 2160 2162 2166 2173 2181 2193 2197 2199 2217 2227 2228 2230 2231 2236 2238 2248 2249 2251 2260 2263 2277 2286 2289 2301 2313 2314 2317 2321 2322 2335 2341 2342 2357 2358 2360 2361 2371 2373 2375 2376 2380 2382 2388 2397 2402 2403 2405 2411 2412 2422 2424 2431 2433 2439 2440 2441 2443 2448 2450 2455 2456 2474 2488 2497 2503 2523 2528 2534 2535 2540 2541 2548 2558 2562 2570 2577 2580 2587 2614 2618 2621 2628 2632 2634 2644 2656 2659 
2093 2216 2237 2326 2383 2504 2546 
1979 2136 2244 2369 2483 2527 2536 2576 2578 2595 2630 
428 563 1465 1925 1940 1941 1948 1959 1964 1967 1985 1987 1994 2026 2040 2042 2047 2053 2055 2057 2062 2063 2065 2081 2087 2101 2102 2117 2133 2137 2138 2143 2144 2153 2161 2183 2187 2189 2191 2194 2208 2210 2215 2223 2232 2233 2259 2264 2266 2278 2279 2280 2292 2293 2302 2315 2316 2319 2324 2329 2333 2336 2338 2343 2345 2348 2351 2367 2379 2384 2385 2387 2398 2401 2417 2420 2436 2443 2451 2462 2468 2491 2501 2508 2516 2524 2531 2533 2536 2542 2544 2551 2560 2567 2571 2575 2592 2597 2598 2608 2617 2629 2635 2642 
1718 1923 1926 1944 1945 1959 1964 1965 1970 1974 1977 1982 1987 2007 2010 2017 2029 2031 2036 2038 2047 2048 2054 2060 2066 2068 2082 2085 2087 2102 2111 2116 2117 2127 2128 2132 2133 2138 2141 2145 2149 2153 2155 2162 2163 2166 2174 2175 2176 2177 2182 2185 2186 2194 2196 2199 2205 2209 2211 2214 2219 2226 2232 2235 2239 2242 2247 2256 2265 2267 2268 2270 2272 2277 2282 2288 2289 2291 2292 2294 2296 2298 2302 2310 2313 2318 2321 2322 2325 2327 2328 2336 2343 2345 2351 2362 2366 2367 2379 2399 2406 2416 2419 2425 2452 2453 2463 2468 2473 2474 2480 2493 2498 2502 2505 2509 2514 2517 2518 2523 2525 2540 2544 2555 2557 2566 2581 2588 2589 2592 2594 2603 2605 2608 2610 2612 2624 2637 2641 2642 2651 2656 
1966 1996 2106 2168 2204 2324 2421 2437 2462 2565 2581 
1917 1918 1925 1929 1938 1941 1943 1946 1953 1962 1963 1966 1971 1979 1983 1984 1985 1986 1989 1993 1997 2005 2020 2021 2030 2033 2037 2040 2043 2045 2046 2055 2056 2058 2059 2060 2063 2064 2065 2069 2073 2074 2077 2078 2083 2084 2086 2088 2090 2093 2095 2098 2103 2104 2108 2109 2112 2115 2118 2121 2122 2123 2124 2131 2136 2139 2140 2142 2150 2154 2164 2165 2172 2179 2184 2188 2190 2200 2201 2206 2208 2210 2212 2213 2216 2218 2220 2229 2233 2237 2240 2244 2253 2257 2258 2261 2266 2271 2275 2276 2278 2287 2290 2299 2300 2306 2307 2308 2309 2311 2323 2324 2326 2329 2331 2334 2339 2340 2347 2348 2352 2353 2354 2356 2359 2363 2369 2370 2374 2376 2381 2386 2391 2392 2395 2404 2407 2408 2409 2410 2414 2418 2423 2428 2429 2430 2433 2446 2460 2462 2464 2467 2468 2469 2477 2482 2484 2485 2489 2492 2495 2499 2500 2504 2506 2507 2520 2521 2526 2530 2532 2536 2539 2542 2543 2546 2549 2550 2551 2552 2553 2554 2556 2559 2560 2561 2563 2564 2573 2574 2575 2578 2579 2586 2590 2591 2593 2600 2601 2602 2604 2606 2607 2611 2613 2615 2619 2623 2624 2625 2630 2631 2638 2646 2654 2655 
1924 1956 1961 1988 1992 2076 2093 2094 2131 2142 2167 2170 2207 2245 2255 2259 2281 2301 2320 2349 2398 2401 2426 2443 2444 2445 2466 2481 2486 2487 2490 2513 2515 2526 2535 2547 2553 2594 2622 2650 
