0	2290	0.07692	0.07692	0.07692	0.07692	0.07692	0.07692	0.07692	0.07692	0.07692	0.07692	0.07692	373.07692	0.07692
1	2363	2.35154	0.07692	0.07692	0.07692	0.07692	0.07692	0.07692	0.07692	0.07692	0.07692	0.07692	370.80230	0.07692
2	2346	0.07692	0.07692	373.07692	0.07692	0.07692	0.07692	0.07692	0.07692	0.07692	0.07692	0.07692	0.07692	0.07692
3	2025	0.07692	0.07692	373.07692	0.07692	0.07692	0.07692	0.07692	0.07692	0.07692	0.07692	0.07692	0.07692	0.07692
4	2140	2.34019	0.07692	0.07692	0.07692	0.07692	0.07692	0.07692	0.07692	0.07692	0.07692	0.07692	370.81366	0.07692
5	2428	10.13096	0.07692	0.07692	0.07692	0.07692	0.07692	0.07692	0.07692	0.07692	0.07692	0.07692	363.02289	0.07692
6	2201	4.12261	0.07692	0.07692	0.07692	0.07692	0.07692	0.07692	0.07692	0.07692	0.07692	0.07692	369.03124	0.07692
7	2506	12.55548	0.07693	0.07692	0.07692	0.07692	0.07692	0.07692	0.07692	0.07692	0.07692	0.07692	360.59837	0.07692
8	2425	0.07692	0.07692	0.07692	0.07692	0.07692	0.07692	0.07692	0.07692	0.07692	373.07692	0.07692	0.07692	0.07692
9	2557	0.07692	0.07692	0.07692	0.07692	0.07692	0.07692	0.07692	0.07692	0.07692	373.07692	0.07692	0.07692	0.07692
10	2532	3.67890	0.07692	0.07692	0.07692	0.07692	0.07692	0.07692	0.07692	0.07692	0.07692	0.07692	369.47494	0.07692
11	2073	4.01214	0.07692	0.07692	0.07692	0.07692	0.07692	0.07692	0.07692	0.07692	0.07692	0.07692	369.14171	0.07692
12	2278	6.67329	0.07700	0.07692	0.07692	0.07692	0.07692	0.07692	0.07692	8.78758	0.07693	0.07692	357.76981	0.07692
13	2551	2.48401	0.07695	0.07692	0.07693	0.07692	0.07692	0.07692	0.07692	4.84362	0.07692	0.07692	365.90311	0.07692
14	2077	0.07692	0.07692	0.07692	0.07692	0.07692	0.07692	0.07692	0.07692	0.07692	0.07692	0.07692	373.07692	0.07692
15	2369	0.07693	0.07693	0.07692	0.07692	1.98048	0.07692	0.07692	1.98028	0.07692	0.07692	0.07692	369.27000	0.07692
16	1465	0.07693	352.72219	0.07692	8.37426	0.07692	0.07692	0.07692	0.07692	12.13426	0.07692	0.07692	0.07699	0.07692
17	2592	0.07692	324.36141	0.07692	36.13940	0.07692	0.07692	0.07692	0.07692	9.59563	3.21124	0.07692	0.07693	0.07692
18	2046	0.07692	0.07692	0.07692	0.07692	0.07692	0.07692	0.07692	0.07692	0.07692	0.07692	0.07692	373.07692	0.07692
19	1941	3.55033	178.87445	0.07692	0.07693	0.07692	0.07692	0.07692	0.07692	9.01114	0.07693	0.07692	181.87175	0.07692
20	2518	48.50078	0.07696	0.07692	289.74312	0.07692	0.07692	0.07692	0.07692	0.07706	34.98666	0.07692	0.07696	0.07692
21	2132	0.07692	0.07694	0.07692	367.86081	0.07692	0.07692	0.07692	0.07692	0.07692	5.29302	0.07692	0.07692	0.07692
22	2650	0.07692	0.07692	0.07692	0.07692	0.07692	0.07692	0.07692	0.07692	0.07692	0.07692	0.07692	0.07692	373.07692
23	2207	0.07692	0.07692	0.07692	0.07692	0.07692	0.07692	0.07692	0.07692	0.07692	0.07692	0.07692	0.07692	373.07692
24	2553	0.07692	0.07692	0.07692	0.07692	0.07692	0.07692	0.07692	0.07692	0.07692	0.07692	0.07692	370.89506	2.25878
25	2078	7.55801	0.07693	0.07692	0.07692	0.07692	0.07692	0.07692	0.07692	0.07692	0.07692	0.07692	365.59583	0.07692
26	2203	0.07692	369.22091	3.93294	0.07692	0.07692	0.07692	0.07692	0.07692	0.07692	0.07692	0.07692	0.07692	0.07692
27	2143	0.07692	309.40320	60.01742	0.07692	0.07692	0.07692	0.07692	0.07692	3.81014	0.07692	0.07692	0.07694	0.07692
28	2224	0.07692	357.48388	0.07692	15.66997	0.07692	0.07692	0.07692	0.07692	0.07692	0.07692	0.07692	0.07692	0.07692
29	2510	0.07692	343.15721	0.07692	29.99663	0.07692	0.07692	0.07692	0.07692	0.07692	0.07692	0.07692	0.07692	0.07692
30	2240	7.69157	0.07692	0.07692	0.07692	0.07692	0.07692	0.07692	0.07692	0.07692	0.07692	0.07692	365.46228	0.07692
31	2563	0.07692	0.07692	0.07692	0.07692	0.07692	0.07692	0.07692	0.07692	0.07692	0.07692	0.07692	373.07692	0.07692
32	2122	0.07692	0.07692	0.07692	0.07692	0.07692	0.07692	0.07692	0.07692	0.07692	0.07692	0.07692	373.07692	0.07692
33	2118	4.15647	0.07692	0.07692	0.07692	0.07692	0.07692	0.07692	0.07692	0.07692	0.07692	0.07692	368.99738	0.07692
34	1944	0.07692	0.07692	0.07692	0.07692	0.07692	0.07692	0.07692	0.07692	0.07692	373.07692	0.07692	0.07692	0.07692
35	2117	0.07692	295.46022	0.07692	0.07694	0.07692	13.48551	0.07692	0.07692	2.81202	61.54993	0.07692	0.07692	0.07692
36	2611	27.89521	0.07692	0.07692	0.07692	0.07692	0.07692	0.07692	0.07692	0.07692	0.07692	0.07692	345.25864	0.07692
37	2184	10.49724	0.07692	0.07692	0.07692	0.07692	0.07692	0.07692	0.07692	0.07692	0.07692	0.07692	362.65661	0.07692
38	2354	2.22859	0.07692	0.07692	0.07692	0.07692	0.07692	0.07692	0.07692	0.07692	0.07692	0.07692	370.92526	0.07692
39	2169	0.07692	365.56850	0.07692	7.58534	0.07692	0.07692	0.07692	0.07692	0.07692	0.07692	0.07692	0.07692	0.07692
40	2283	0.07692	318.37037	0.07692	37.23343	0.07692	11.85589	0.07692	0.07692	0.07692	5.84800	0.07692	0.07692	0.07692
41	2620	0.07692	0.07692	373.07692	0.07692	0.07692	0.07692	0.07692	0.07692	0.07692	0.07692	0.07692	0.07692	0.07692
42	1998	0.07692	0.07692	373.07692	0.07692	0.07692	0.07692	0.07692	0.07692	0.07692	0.07692	0.07692	0.07692	0.07692
43	2654	0.07692	0.07692	0.07692	0.07692	0.07692	0.07692	0.07692	0.07692	0.07692	0.07692	0.07692	373.07692	0.07692
44	2646	14.46834	0.07693	0.07692	0.07692	0.07692	0.07692	0.07692	0.07692	0.07692	0.07692	0.07692	358.68550	0.07692
45	2228	0.07692	0.07692	0.07692	0.07692	0.07692	373.07692	0.07692	0.07692	0.07692	0.07692	0.07692	0.07692	0.07692
46	2082	0.07692	0.07693	0.07692	0.07692	0.07692	349.78618	0.07692	0.07692	0.07692	23.36766	0.07692	0.07692	0.07692
47	1979	0.07693	0.07692	0.07692	0.07692	0.07692	0.07692	0.07692	2.23323	0.07692	0.07692	0.07692	370.92060	0.07692
48	2484	0.07692	0.07692	0.07692	0.07692	0.07692	0.07692	0.07692	0.07692	0.07692	0.07692	0.07692	373.07692	0.07692
49	2257	5.03244	0.07692	0.07692	0.07692	0.07692	0.07692	0.07692	0.07692	0.07692	0.07692	0.07692	368.12141	0.07692
50	2005	0.07692	0.07692	0.07692	0.07692	0.07692	0.07692	0.07692	0.07692	0.07692	0.07692	0.07692	373.07692	0.07692
51	2560	10.83099	0.07695	0.07692	0.07693	0.07692	0.07692	0.07692	0.07692	4.49007	0.07692	0.07692	357.90968	0.07692
52	1962	2.10861	0.07692	0.07692	0.07692	0.07692	0.07692	0.07692	0.07692	0.07692	0.07692	0.07692	371.04523	0.07692
53	2206	5.55392	0.07692	0.07692	0.07692	0.07692	0.07692	0.07692	0.07692	0.07692	0.07692	0.07692	367.59993	0.07692
54	2520	7.01849	0.07693	0.07692	0.07692	0.07692	0.07692	0.07692	0.07692	0.07692	0.07692	0.07692	366.13536	0.07692
55	2104	0.07692	0.07692	0.07692	0.07692	0.07692	0.07692	0.07692	0.07692	0.07692	0.07692	0.07692	373.07692	0.07692
56	2602	13.66976	0.07692	0.07692	0.07692	0.07692	0.07692	0.07692	0.07692	0.07692	0.07692	0.07692	359.48409	0.07692
57	2521	0.07692	0.07692	0.07692	0.07692	0.07692	0.07692	0.07692	0.07692	0.07692	0.07692	0.07692	373.07692	0.07692
58	2233	6.74001	0.07703	3.08637	0.07693	0.07692	0.07692	0.07692	0.07692	16.11783	0.07693	0.07692	347.36336	0.07692
59	2200	6.67955	0.07692	0.07692	0.07692	0.07692	0.07692	0.07692	0.07692	0.07692	0.07692	0.07692	366.47430	0.07692
60	2294	0.07692	299.22592	0.07692	67.06223	0.07692	0.07692	0.07692	0.07692	0.07692	6.94262	0.07692	0.07692	0.07692
61	1981	0.07692	0.07692	0.07692	373.07692	0.07692	0.07692	0.07692	0.07692	0.07692	0.07692	0.07692	0.07692	0.07692
62	2187	0.07692	367.81395	0.07692	2.77150	0.07692	0.07692	0.07692	0.07692	2.64531	0.07692	0.07692	0.07692	0.07692
63	1916	0.07692	325.92236	0.07692	41.99995	0.07692	0.07692	0.07692	0.07692	0.07692	5.30846	0.07692	0.07692	0.07692
64	1945	0.07692	347.79972	0.07692	19.41133	0.07692	0.07692	0.07692	0.07692	0.07693	6.01972	0.07692	0.07692	0.07692
65	1959	0.07692	291.62345	0.07692	71.76909	0.07692	0.07692	0.07692	0.07692	6.57715	3.33789	0.07692	0.07703	0.07692
66	1971	2.26377	0.07692	0.07692	0.07692	0.07692	0.07692	0.07692	0.07692	0.07692	0.07692	0.07692	370.89008	0.07692
67	2436	0.07692	368.96350	0.07692	0.07694	0.07692	0.07692	0.07692	0.07692	4.19033	0.07692	0.07692	0.07692	0.07692
68	2042	0.07692	369.04896	0.07692	0.07692	0.07692	0.07692	0.07692	0.07692	4.10487	0.07693	0.07692	0.07692	0.07692
69	2084	30.31202	0.07692	0.07692	0.07692	0.07692	0.07692	0.07692	0.07692	0.07692	0.07692	0.07692	342.84183	0.07692
70	2624	2.10051	0.07692	0.07692	0.07692	0.07692	0.07692	0.07692	0.07692	0.07692	4.06688	0.07692	367.06338	0.07692
71	2364	0.07692	0.07692	373.07692	0.07692	0.07692	0.07692	0.07692	0.07692	0.07692	0.07692	0.07692	0.07692	0.07692
72	1991	0.07692	0.07692	373.07692	0.07692	0.07692	0.07692	0.07692	0.07692	0.07692	0.07692	0.07692	0.07692	0.07692
73	2110	9.10356	0.07693	0.07692	364.05027	0.07692	0.07692	0.07692	0.07692	0.07692	0.07692	0.07692	0.07694	0.07692
74	2029	0.07692	0.07693	0.07692	170.01239	0.07692	0.07692	0.07692	0.07692	0.07692	203.14145	0.07692	0.07692	0.07692
75	2607	2.03992	0.07693	0.07692	0.07692	2.01022	0.07692	0.07692	0.07692	0.07692	0.07692	0.07692	369.18062	0.07692
76	2649	0.07692	366.42208	0.07692	6.73177	0.07692	0.07692	0.07692	0.07692	0.07692	0.07692	0.07692	0.07692	0.07692
77	2087	0.07692	360.74703	0.07692	2.39723	0.07692	0.07692	0.07692	0.07692	7.38454	2.77889	0.07692	0.07693	0.07692
78	2188	5.97940	0.07692	0.07692	0.07692	0.07692	0.07692	0.07692	0.07692	0.07692	0.07692	0.07692	367.17445	0.07692
79	2477	0.07692	0.07692	0.07692	0.07692	0.07692	0.07692	0.07692	0.07692	0.07692	0.07692	0.07692	373.07692	0.07692
80	2386	2.81567	0.07692	0.07692	0.07692	0.07692	0.07692	0.07692	0.07692	0.07692	0.07692	0.07692	370.33818	0.07692
81	2543	1.45002	164.83646	0.07692	6.79973	0.07692	0.07692	0.07692	0.07692	0.07692	0.07692	0.07692	200.22148	0.07692
82	2604	3.96124	0.07693	0.07692	0.07692	0.07692	0.07692	0.07692	0.07692	0.07692	0.07692	0.07692	367.27942	1.99011
83	2561	12.50016	0.07692	0.07692	0.07692	0.07692	0.07692	0.07692	0.07692	0.07692	0.07692	0.07692	360.65369	0.07692
84	2433	0.07692	0.07692	0.07692	0.07692	0.07692	2.63175	0.07692	0.07692	0.07692	0.07692	0.07692	370.52210	0.07692
85	2496	0.07692	373.07692	0.07692	0.07692	0.07692	0.07692	0.07692	0.07692	0.07692	0.07692	0.07692	0.07692	0.07692
86	2153	0.07692	358.84727	0.07692	8.29300	0.07692	0.07692	0.07692	0.07692	3.15354	3.01385	0.07692	0.07695	0.07692
87	2536	0.07693	0.07701	0.07692	0.07693	0.07692	0.07692	0.07692	6.19267	12.76726	0.07692	0.07692	354.27073	0.07692
88	2482	7.28771	0.07692	0.07692	0.07692	0.07692	0.07692	0.07692	0.07692	0.07692	0.07692	0.07692	365.86614	0.07692
89	2512	60.14251	299.91572	0.07692	8.41010	0.07692	0.07692	0.07692	0.07692	0.07692	4.83935	0.07692	0.07694	0.07692
90	2010	0.07692	363.54380	0.07692	0.07692	0.07692	0.07692	0.07692	0.07692	0.07692	9.61004	0.07692	0.07692	0.07692
91	2103	8.36440	0.07692	0.07692	0.07692	0.07692	0.07692	0.07692	0.07692	0.07692	0.07692	0.07692	364.78944	0.07692
92	2253	2.49876	0.07692	0.07692	0.07692	0.07692	0.07692	0.07692	0.07692	0.07692	0.07692	0.07692	370.65508	0.07692
93	2500	0.07692	0.07692	0.07692	0.07692	0.07692	0.07692	0.07692	0.07692	0.07692	0.07692	0.07692	373.07692	0.07692
94	2063	5.57937	0.07699	0.07692	0.07694	0.07692	0.07692	0.07692	0.07692	2.78507	0.07692	0.07692	364.86624	0.07692
95	2509	0.07692	286.82864	0.07692	83.21029	0.07692	0.07692	0.07692	0.07692	0.07692	3.19184	0.07692	0.07693	0.07692
96	2399	0.07692	307.99667	0.07692	39.69338	0.07692	0.07692	0.07692	0.07692	0.07692	10.61236	0.07692	0.07692	15.00529
97	2150	6.10264	0.07693	0.07692	0.07692	2.05110	0.07692	0.07692	0.07692	0.07692	0.07692	0.07692	365.07702	0.07692
98	2030	2.10704	0.07692	0.07692	0.07692	0.07692	0.07692	0.07692	0.07692	0.07692	0.07692	0.07692	371.04681	0.07692
99	2374	0.07692	0.07692	0.07692	0.07692	0.07692	0.07692	0.07692	0.07692	0.07692	0.07692	0.07692	373.07692	0.07692
100	1986	7.63392	0.07692	0.07692	0.07692	0.07692	0.07692	0.07692	0.07692	0.07692	0.07692	0.07692	365.51993	0.07692
101	2630	0.07693	0.07692	0.07692	0.07692	0.07692	0.07692	0.07692	2.24586	0.07692	0.07692	0.07692	370.90798	0.07692
102	2376	6.51274	0.07692	0.07692	0.07692	0.07692	2.18429	0.07692	0.07692	0.07692	0.07692	0.07692	364.53374	0.07692
103	2326	0.07693	0.07692	0.07692	0.07692	0.07692	0.07692	2.17268	0.07692	0.07692	0.07692	0.07692	370.98116	0.07692
104	2172	6.00585	0.07692	0.07692	0.07692	0.07692	0.07692	0.07692	0.07692	0.07692	0.07692	0.07692	367.14800	0.07692
105	2133	0.07692	271.06634	0.07692	0.07692	0.07692	6.64161	0.07692	0.07692	2.47639	93.12333	0.07692	0.07694	0.07692
106	2296	0.07692	0.07692	0.07692	0.07692	0.07692	0.07692	0.07692	0.07692	0.07692	373.07692	0.07692	0.07692	0.07692
107	2626	0.07692	0.07692	373.07692	0.07692	0.07692	0.07692	0.07692	0.07692	0.07692	0.07692	0.07692	0.07692	0.07692
108	2097	0.07692	0.07692	373.07692	0.07692	0.07692	0.07692	0.07692	0.07692	0.07692	0.07692	0.07692	0.07692	0.07692
109	2093	0.07693	0.07692	0.07692	0.07692	0.07692	0.07692	2.19649	0.07692	0.07692	0.07692	0.07692	368.83762	2.19665
110	2391	77.89526	0.07692	0.07692	0.07692	0.07692	0.07692	0.07692	0.07692	0.07692	0.07692	0.07692	295.25859	0.07692
111	2275	0.07692	0.07692	0.07692	0.07692	0.07692	0.07692	0.07692	0.07692	0.07692	0.07692	0.07692	373.07692	0.07692
112	1984	6.53018	0.07692	0.07692	0.07692	0.07692	0.07692	0.07692	0.07692	0.07692	0.07692	0.07692	366.62367	0.07692
113	2347	5.39358	139.05215	0.07692	0.07693	0.07692	0.07692	0.07692	0.07692	0.07692	0.07692	0.07692	228.78503	0.07692
114	2550	4.77134	0.07693	0.07692	0.07692	2.39415	0.07692	0.07692	0.07692	0.07692	0.07692	0.07692	361.41308	4.72911
115	2047	0.07692	235.42993	0.07692	0.07692	0.07692	54.96995	0.07692	0.07692	6.30600	76.60182	0.07692	0.07693	0.07692
116	1932	0.07692	373.07692	0.07692	0.07692	0.07692	0.07692	0.07692	0.07692	0.07692	0.07692	0.07692	0.07692	0.07692
117	2655	2.34031	0.07692	0.07692	0.07692	0.07692	0.07692	0.07692	0.07692	0.07692	0.07692	0.07692	370.81353	0.07692
118	1994	0.07692	361.02136	0.07692	0.07693	0.07692	0.07692	0.07692	0.07692	12.13247	0.07692	0.07692	0.07693	0.07692
119	2292	0.07693	331.55717	0.07692	15.63542	0.07692	0.07692	0.07692	0.07692	15.06639	11.04868	0.07692	0.07696	0.07692
120	2109	0.07692	0.07692	0.07692	0.07692	0.07692	0.07692	0.07692	0.07692	0.07692	0.07692	0.07692	373.07692	0.07692
121	2040	4.84877	0.07695	0.07692	0.07693	0.07692	0.07692	0.07692	0.07692	5.40576	0.07692	0.07692	362.97620	0.07692
122	2086	5.75547	0.07693	0.07692	0.07692	0.07692	0.07692	0.07692	0.07692	0.07692	0.07692	0.07692	367.39837	0.07692
123	2460	6.84651	0.07692	0.07692	0.07692	0.07692	0.07692	0.07692	0.07692	0.07692	0.07692	0.07692	366.30734	0.07692
124	2597	0.07692	347.61220	0.07692	0.07693	0.07692	0.07692	0.07692	0.07692	25.54162	0.07692	0.07692	0.07694	0.07692
125	2282	0.07692	299.85739	0.07692	65.27335	0.07692	0.07692	0.07692	0.07692	0.07692	8.10003	0.07692	0.07692	0.07692
126	2511	0.07692	293.25334	0.07692	77.11068	0.07692	0.07692	0.07692	0.07692	0.07692	2.86675	0.07692	0.07692	0.07692
127	2598	0.07692	333.08840	0.07692	37.60490	0.07692	0.07692	0.07692	0.07692	2.53747	0.07693	0.07692	0.07692	0.07692
128	2638	0.07692	0.07692	0.07692	0.07692	0.07692	0.07692	0.07692	0.07692	0.07692	0.07692	0.07692	373.07692	0.07692
129	2390	0.07692	0.07692	0.07692	373.07692	0.07692	0.07692	0.07692	0.07692	0.07692	0.07692	0.07692	0.07692	0.07692
130	2096	0.07692	0.07693	0.07692	352.64149	0.07692	0.07692	0.07692	0.07692	0.07692	20.51235	0.07692	0.07692	0.07692
131	2218	11.37166	0.07692	0.07692	0.07692	0.07692	0.07692	0.07692	0.07692	0.07692	0.07692	0.07692	361.78218	0.07692
132	1917	4.09541	0.07692	0.07692	0.07692	0.07692	0.07692	0.07692	0.07692	0.07692	0.07692	0.07692	369.05843	0.07692
133	2353	4.58755	0.07692	0.07692	0.07692	0.07692	0.07692	0.07692	0.07692	0.07692	0.07692	0.07692	368.56630	0.07692
134	2625	0.07692	0.07692	0.07692	0.07692	0.07692	0.07692	0.07692	0.07692	0.07692	0.07692	0.07692	373.07692	0.07692
135	2194	0.07692	358.37097	0.07692	7.38987	0.07692	0.07692	0.07692	0.07692	3.82401	3.72267	0.07692	0.07710	0.07692
136	2289	0.07692	276.47584	0.07692	0.07692	0.07692	10.09090	0.07692	0.07692	0.07692	86.66403	0.07692	0.07692	0.07692
137	2323	0.07692	0.07692	0.07692	0.07692	0.07692	0.07692	0.07692	0.07692	0.07692	0.07692	0.07692	373.07692	0.07692
138	2410	16.72113	0.07692	0.07692	0.07692	0.07692	0.07692	0.07692	0.07692	0.07692	0.07692	0.07692	356.43272	0.07692
139	2631	13.31162	0.07692	0.07692	0.07692	0.07692	0.07692	0.07692	0.07692	0.07692	0.07692	0.07692	359.84223	0.07692
140	2111	0.07692	317.97429	0.07692	53.04714	0.07692	0.07692	0.07692	0.07692	0.07692	2.20934	0.07692	0.07692	0.07692
141	2062	40.19725	0.07697	0.07692	301.07332	0.07692	0.07692	0.07692	0.07692	31.96011	0.07692	0.07692	0.07696	0.07692
142	2059	2.05521	0.07692	0.07692	0.07692	0.07692	0.07692	0.07692	0.07692	0.07692	0.07692	0.07692	371.09864	0.07692
143	1938	6.15741	0.07692	0.07692	0.07692	0.07692	0.07692	0.07692	0.07692	0.07692	0.07692	0.07692	366.99644	0.07692
144	2060	18.68726	0.07693	0.07692	0.07694	0.07692	0.07692	0.07692	0.07692	0.07692	6.68706	0.07692	347.85643	0.07692
145	1939	0.07692	0.07692	0.07692	373.07692	0.07692	0.07692	0.07692	0.07692	0.07692	0.07692	0.07692	0.07692	0.07692
146	2264	0.07692	323.41975	0.07692	44.36282	0.07692	0.07692	0.07692	0.07692	5.44820	0.07692	0.07692	0.07692	0.07692
147	2574	0.07692	0.07692	0.07692	0.07692	0.07692	0.07692	0.07692	0.07692	0.07692	0.07692	0.07692	373.07692	0.07692
148	2579	0.07692	0.07692	0.07692	0.07692	0.07692	0.07692	0.07692	0.07692	0.07692	0.07692	0.07692	373.07692	0.07692
149	2419	0.07692	282.57929	0.07692	10.21124	0.07692	0.07692	0.07692	0.07692	0.07692	80.44024	0.07692	0.07692	0.07692
150	2491	0.07692	339.72696	0.07692	26.05599	0.07692	0.07692	0.07692	0.07692	3.36226	4.16245	0.07692	0.07696	0.07692
151	2468	0.07693	0.07697	0.07692	48.56395	0.07692	0.07692	0.07692	0.07692	19.46302	6.87290	0.07692	298.40777	0.07692
152	2615	4.21003	0.07692	0.07692	0.07692	0.07692	0.07692	0.07692	0.07692	0.07692	0.07692	0.07692	368.94382	0.07692
153	2507	9.61267	0.07692	0.07692	0.07692	0.07692	0.07692	0.07692	0.07692	0.07692	0.07692	0.07692	363.54117	0.07692
154	2564	6.19041	0.07692	0.07692	0.07692	0.07692	0.07692	0.07692	0.07692	0.07692	0.07692	0.07692	366.96343	0.07692
155	2420	0.07692	358.84213	0.07692	0.07693	0.07692	0.07692	0.07692	0.07692	14.31170	0.07692	0.07692	0.07693	0.07692
156	1929	0.07692	0.07692	0.07692	0.07692	0.07692	0.07692	0.07692	0.07692	0.07692	0.07692	0.07692	373.07692	0.07692
157	2154	4.85549	0.07692	0.07692	0.07692	0.07692	0.07692	0.07692	0.07692	0.07692	0.07692	0.07692	368.29835	0.07692
158	1925	3.16353	0.07696	0.07692	0.07693	2.65008	0.07692	0.07692	0.07692	3.57838	0.07692	0.07692	363.91566	0.07692
159	1940	0.07692	368.89913	0.07692	0.07692	0.07692	0.07692	0.07692	0.07692	4.25468	0.07692	0.07692	0.07695	0.07692
160	2329	0.07692	0.07707	0.07692	0.07693	0.07692	0.07692	0.07692	0.07692	3.11883	0.07692	0.07692	370.03487	0.07692
161	2469	2.95087	0.07692	0.07692	0.07692	0.07692	0.07692	0.07692	0.07692	0.07692	0.07692	0.07692	370.20298	0.07692
162	2229	16.69920	0.07692	0.07692	0.07694	0.07692	0.07692	0.07692	0.07692	0.07692	0.07692	0.07692	356.45463	0.07692
163	2552	3.50110	0.07692	0.07692	0.07692	0.07692	0.07692	0.07692	0.07692	0.07692	0.07692	0.07692	369.65274	0.07692
164	1993	1.95064	0.07692	0.07692	0.07692	0.07692	0.07692	0.07692	0.07692	0.07692	0.07692	0.07692	369.35627	1.92386
165	2032	0.07692	348.14373	0.07692	19.00168	0.07692	0.07692	0.07692	0.07692	0.07692	6.08536	0.07692	0.07692	0.07692
166	2485	0.07692	0.07692	0.07692	0.07692	0.07692	0.07692	0.07692	0.07692	0.07692	0.07692	0.07692	373.07692	0.07692
167	2395	6.48278	0.07693	0.07692	0.07692	0.07692	0.07692	0.07692	0.07692	0.07692	0.07693	0.07692	366.67106	0.07692
168	2339	10.57127	0.07692	0.07692	0.07692	0.07692	0.07692	0.07692	0.07692	0.07692	0.07692	0.07692	362.58257	0.07692
169	1989	4.50424	0.07692	0.07692	0.07693	0.07692	0.07692	0.07692	0.07692	0.07692	0.07692	0.07692	368.64960	0.07692
170	2243	13.24291	0.07693	0.07692	359.91092	0.07692	0.07692	0.07692	0.07692	0.07692	0.07692	0.07692	0.07693	0.07692
171	2434	0.07692	224.11414	0.07692	144.39746	0.07692	0.07692	0.07692	0.07692	0.07692	4.71917	0.07692	0.07692	0.07692
172	2126	0.07692	0.07692	0.07692	0.07692	0.07692	373.07692	0.07692	0.07692	0.07692	0.07692	0.07692	0.07692	0.07692
173	2408	0.07692	0.07692	0.07692	0.07692	0.07692	0.07692	0.07692	0.07692	0.07692	0.07692	0.07692	373.07692	0.07692
174	2121	4.90552	0.07692	0.07692	0.07693	0.07692	0.07692	0.07692	0.07692	0.07692	0.07692	0.07692	368.24832	0.07692
175	2453	0.07692	0.07692	0.07692	0.07692	0.07692	0.07692	0.07692	0.07692	0.07692	373.07692	0.07692	0.07692	0.07692
176	2214	0.07692	0.07693	0.07692	0.07692	0.07692	16.69427	0.07692	0.07692	0.07692	356.45956	0.07692	0.07693	0.07692
177	2633	0.07692	0.07692	373.07692	0.07692	0.07692	0.07692	0.07692	0.07692	0.07692	0.07692	0.07692	0.07692	0.07692
178	2526	26.50311	0.07698	0.07692	0.07692	2.07199	0.07692	0.07692	0.07692	0.07692	0.07692	0.07692	338.65663	6.07591
179	2430	10.53911	0.07692	0.07692	0.07692	0.07692	0.07692	0.07692	0.07692	0.07692	0.07692	0.07692	362.61473	0.07692
180	1964	0.07693	0.07699	0.07692	0.07693	0.07692	74.35326	0.07692	0.07692	30.08956	268.78786	0.07692	0.07693	0.07692
181	2064	4.20686	0.07692	0.07692	0.07692	0.07692	0.07692	0.07692	0.07692	0.07692	0.07692	0.07692	368.94699	0.07692
182	2407	0.07692	0.07692	0.07692	0.07692	0.07692	0.07692	0.07692	0.07692	0.07692	0.07692	0.07692	373.07692	0.07692
183	2317	0.07692	0.07692	0.07692	0.07692	0.07692	373.07692	0.07692	0.07692	0.07692	0.07692	0.07692	0.07692	0.07692
184	2412	0.07692	0.07692	0.07692	0.07692	0.07692	373.07692	0.07692	0.07692	0.07692	0.07692	0.07692	0.07692	0.07692
185	2406	0.07692	0.07692	0.07692	0.07692	0.07692	0.07692	0.07692	0.07692	0.07692	373.07692	0.07692	0.07692	0.07692
186	2112	7.24342	0.07692	0.07692	0.07692	0.07692	0.07692	0.07692	0.07692	0.07692	0.07692	0.07692	365.91042	0.07692
187	2404	13.73735	0.07692	0.07692	0.07692	0.07692	0.07692	0.07692	0.07692	0.07692	0.07692	0.07692	359.41650	0.07692
188	2135	0.07692	373.07692	0.07692	0.07692	0.07692	0.07692	0.07692	0.07692	0.07692	0.07692	0.07692	0.07692	0.07692
189	2498	0.07692	319.06844	0.07692	0.07692	0.07692	0.07692	0.07692	0.07692	0.07692	54.08540	0.07692	0.07692	0.07692
190	2302	0.07692	341.23026	3.23977	0.07692	0.07692	0.07692	0.07692	0.07692	19.63126	9.20632	0.07692	0.07700	0.07692
191	2629	0.07692	360.69424	3.09294	6.27067	0.07692	0.07692	0.07692	0.07692	3.24979	0.07692	0.07692	0.07698	0.07692
192	2351	0.07692	355.42673	3.91395	7.18254	0.07692	0.07692	0.07692	0.07692	3.21286	3.64852	0.07692	0.07695	0.07692
193	2212	0.07692	0.07692	0.07692	0.07692	0.07692	0.07692	0.07692	0.07692	0.07692	0.07692	0.07692	373.07692	0.07692
194	2123	5.74572	0.07692	0.07692	0.07692	0.07692	0.07692	0.07692	0.07692	0.07692	0.07692	0.07692	367.40813	0.07692
195	2053	0.07692	310.76060	0.07692	58.95366	0.07692	0.07692	0.07692	0.07692	3.51649	0.07692	0.07692	0.07694	0.07692
196	2254	0.07692	350.96641	0.07692	8.45171	0.07692	0.07692	0.07692	0.07692	0.07692	13.81266	0.07692	0.07692	0.07692
197	2271	6.42794	0.07692	0.07692	0.07692	0.07692	0.07692	0.07692	0.07692	0.07692	0.07692	0.07692	366.72591	0.07692
198	2199	0.07692	296.62770	0.07692	65.06939	0.07692	6.10954	0.07692	0.07692	0.07692	5.50106	0.07692	0.07692	0.07692
199	2054	0.07692	302.50989	0.07692	68.22917	0.07692	0.07692	0.07692	0.07692	0.07692	2.49171	0.07692	0.07692	0.07692
200	2018	0.07692	0.07692	373.07692	0.07692	0.07692	0.07692	0.07692	0.07692	0.07692	0.07692	0.07692	0.07692	0.07692
201	2636	0.07692	0.07692	373.07692	0.07692	0.07692	0.07692	0.07692	0.07692	0.07692	0.07692	0.07692	0.07692	0.07692
202	2371	0.07692	0.07692	0.07692	0.07692	0.07692	373.07692	0.07692	0.07692	0.07692	0.07692	0.07692	0.07692	0.07692
203	2166	0.07692	0.07693	0.07692	0.07692	0.07692	343.54439	0.07692	0.07692	0.07692	29.60945	0.07692	0.07692	0.07692
204	2033	0.07692	0.07692	0.07692	0.07692	0.07692	0.07692	0.07692	0.07692	0.07692	0.07692	0.07692	373.07692	0.07692
205	2608	0.07692	303.10642	0.07692	41.66106	0.07692	0.07692	0.07692	0.07692	9.85117	18.68904	0.07692	0.07692	0.07692
206	2567	0.07692	356.67088	0.07692	0.07692	0.07692	0.07692	0.07692	0.07692	16.48292	0.07692	0.07692	0.07697	0.07692
207	2338	0.07692	358.84616	0.07692	0.07693	0.07692	0.07692	0.07692	0.07692	14.30767	0.07692	0.07692	0.07693	0.07692
208	1954	0.07692	278.68702	94.46682	0.07692	0.07692	0.07692	0.07692	0.07692	0.07692	0.07692	0.07692	0.07692	0.07692
209	2555	0.07692	352.03825	0.07692	17.82652	0.07692	0.07692	0.07692	0.07692	0.07692	3.36600	0.07692	0.07692	0.07692
210	2138	0.07699	361.77212	0.07692	0.07692	0.07692	0.07692	0.07692	0.07692	3.00543	8.45315	0.07692	0.07692	0.07692
211	2357	0.07692	0.07692	0.07692	0.07692	0.07692	373.07692	0.07692	0.07692	0.07692	0.07692	0.07692	0.07692	0.07692
212	2152	0.07692	0.07692	0.07692	0.07692	0.07692	373.07692	0.07692	0.07692	0.07692	0.07692	0.07692	0.07692	0.07692
213	2372	0.07692	373.07692	0.07692	0.07692	0.07692	0.07692	0.07692	0.07692	0.07692	0.07692	0.07692	0.07692	0.07692
214	2189	93.15172	276.50748	0.07692	0.07692	0.07692	0.07692	0.07692	0.07692	3.57155	0.07693	0.07692	0.07694	0.07692
215	2590	5.93557	0.07692	0.07692	0.07692	0.07692	0.07692	0.07692	0.07692	0.07692	0.07692	0.07692	367.21828	0.07692
216	2359	0.07692	0.07692	0.07692	0.07692	0.07692	0.07692	0.07692	0.07692	0.07692	0.07692	0.07692	373.07692	0.07692
217	2020	0.07692	0.07692	0.07692	0.07692	0.07692	0.07692	0.07692	0.07692	0.07692	0.07692	0.07692	373.07692	0.07692
218	2467	0.07692	0.07692	0.07692	0.07692	0.07692	0.07692	0.07692	0.07692	0.07692	0.07692	0.07692	373.07692	0.07692
219	2266	39.11997	0.07697	0.07692	0.07693	0.07692	0.07692	0.07692	0.07692	5.02123	0.07692	0.07692	329.08952	0.07692
220	2558	0.07692	0.07692	0.07692	0.07692	0.07692	373.07692	0.07692	0.07692	0.07692	0.07692	0.07692	0.07692	0.07692
221	2375	0.07692	0.07692	0.07692	0.07692	0.07692	373.07692	0.07692	0.07692	0.07692	0.07692	0.07692	0.07692	0.07692
222	1947	0.07692	273.11623	0.07692	96.74224	0.07692	0.07692	0.07692	0.07692	0.07692	3.37230	0.07692	0.07692	0.07692
223	2432	0.07692	0.07693	0.07692	344.97417	0.07692	0.07692	0.07692	0.07692	0.07692	14.36485	0.07692	0.07692	13.89174
224	2660	0.07692	0.07692	373.07692	0.07692	0.07692	0.07692	0.07692	0.07692	0.07692	0.07692	0.07692	0.07692	0.07692
225	2640	0.07692	0.07692	373.07692	0.07692	0.07692	0.07692	0.07692	0.07692	0.07692	0.07692	0.07692	0.07692	0.07692
226	2601	4.08858	0.07693	0.07692	0.07692	0.07692	0.07692	0.07692	0.07692	0.07692	0.07692	0.07692	369.06526	0.07692
227	2069	20.52827	0.07692	0.07692	0.07693	0.07692	0.07692	0.07692	0.07692	0.07692	0.07692	0.07692	352.62557	0.07692
228	2327	0.07692	279.30259	0.07692	83.67202	0.07692	0.07692	0.07692	0.07692	0.07692	10.25616	0.07692	0.07692	0.07692
229	1928	0.07692	0.07692	373.07692	0.07692	0.07692	0.07692	0.07692	0.07692	0.07692	0.07692	0.07692	0.07692	0.07692
230	2360	0.07692	0.07692	0.07692	0.07692	0.07692	373.07692	0.07692	0.07692	0.07692	0.07692	0.07692	0.07692	0.07692
231	2156	0.07692	0.07692	0.07692	0.07692	0.07692	373.07692	0.07692	0.07692	0.07692	0.07692	0.07692	0.07692	0.07692
232	2101	0.07692	0.07698	0.07692	339.51589	0.07692	0.07692	0.07692	0.07692	33.63789	0.07693	0.07692	0.07693	0.07692
233	2095	0.07692	2.56237	0.07692	0.07692	0.07692	0.07692	0.07692	0.07692	0.07692	0.07692	0.07692	370.59147	0.07692
234	2125	0.07692	342.58347	0.07692	30.57038	0.07692	0.07692	0.07692	0.07692	0.07692	0.07692	0.07692	0.07692	0.07692
235	2124	4.66600	0.07692	0.07692	0.07692	0.07692	0.07692	0.07692	0.07692	0.07692	0.07692	0.07692	368.48784	0.07692
236	2538	0.07692	0.07692	373.07692	0.07692	0.07692	0.07692	0.07692	0.07692	0.07692	0.07692	0.07692	0.07692	0.07692
237	2447	0.07692	0.07692	373.07692	0.07692	0.07692	0.07692	0.07692	0.07692	0.07692	0.07692	0.07692	0.07692	0.07692
238	2297	0.07692	0.07692	373.07692	0.07692	0.07692	0.07692	0.07692	0.07692	0.07692	0.07692	0.07692	0.07692	0.07692
239	2659	0.07692	0.07692	276.97012	0.07692	0.07692	96.18372	0.07692	0.07692	0.07692	0.07692	0.07692	0.07692	0.07692
240	2142	36.31154	0.07698	0.07692	0.07693	0.07692	0.07692	0.07692	0.07692	0.07692	0.07692	0.07692	335.10819	1.81097
241	2414	6.31498	0.07693	0.07692	0.07692	2.12678	0.07692	0.07692	0.07692	0.07692	0.07692	0.07692	364.78899	0.07692
242	2324	0.07692	0.07695	0.07692	5.73273	0.07692	0.07692	0.07692	0.07692	2.07148	0.07693	1.98008	363.52337	0.07692
243	2334	25.00750	0.07694	0.07692	0.07692	0.07692	0.07692	0.07692	0.07692	0.07692	0.07692	0.07692	348.14633	0.07692
244	2397	0.07692	0.07692	0.07692	0.07692	0.07692	373.07692	0.07692	0.07692	0.07692	0.07692	0.07692	0.07692	0.07692
245	1978	0.07692	0.07692	0.07692	0.07692	0.07692	373.07692	0.07692	0.07692	0.07692	0.07692	0.07692	0.07692	0.07692
246	2429	73.11309	0.07693	0.07692	0.07692	0.07692	0.07692	0.07692	0.07692	0.07692	0.07692	0.07692	300.04075	0.07692
247	2300	44.45701	0.07692	0.07692	0.07692	0.07692	0.07692	0.07692	0.07692	0.07692	0.07692	0.07692	328.69683	0.07692
248	2606	0.07692	0.07692	0.07692	0.07692	0.07692	0.07692	0.07692	0.07692	0.07692	0.07692	0.07692	373.07692	0.07692
249	2276	0.07692	0.07692	0.07692	0.07692	0.07692	0.07692	0.07692	0.07692	0.07692	0.07692	0.07692	373.07692	0.07692
250	2554	0.07692	0.07693	0.07692	0.07692	4.26938	0.07692	0.07692	0.07692	0.07692	0.07692	0.07692	368.88445	0.07692
251	2258	15.98329	0.07692	0.07692	0.07692	0.07692	0.07692	0.07692	0.07692	0.07692	0.07692	0.07692	357.17056	0.07692
252	2331	4.11378	0.07692	0.07692	0.07693	0.07692	0.07692	0.07692	0.07692	0.07692	0.07692	0.07692	369.04006	0.07692
253	1942	373.07692	0.07692	0.07692	0.07692	0.07692	0.07692	0.07692	0.07692	0.07692	0.07692	0.07692	0.07692	0.07692
254	2584	373.07692	0.07692	0.07692	0.07692	0.07692	0.07692	0.07692	0.07692	0.07692	0.07692	0.07692	0.07692	0.07692
255	2517	0.07692	0.07692	0.07692	0.07692	0.07692	0.07692	0.07692	0.07692	0.07692	373.07692	0.07692	0.07692	0.07692
256	2192	0.07692	0.07692	373.07692	0.07692	0.07692	0.07692	0.07692	0.07692	0.07692	0.07692	0.07692	0.07692	0.07692
257	2090	4.13374	0.07692	0.07692	0.07692	0.07692	0.07692	0.07692	0.07692	0.07692	0.07692	0.07692	369.02011	0.07692
258	2340	3.91651	0.07692	0.07692	0.07692	0.07692	0.07692	0.07692	0.07692	0.07692	0.07692	0.07692	369.23734	0.07692
259	2127	0.07692	355.60368	3.51032	4.74031	0.07692	0.07692	0.07692	0.07692	0.07692	9.45338	0.07692	0.07692	0.07692
260	1943	12.19495	0.07692	0.07692	0.07692	0.07692	0.07692	0.07692	0.07692	0.07692	0.07692	0.07692	360.95889	0.07692
261	2586	2.12142	0.07692	0.07692	0.07692	0.07692	0.07692	0.07692	0.07692	0.07692	0.07692	0.07692	371.03242	0.07692
262	2116	0.07692	0.07694	363.52949	0.07692	0.07692	0.07692	0.07692	0.07692	0.07692	9.62434	0.07692	0.07693	0.07692
263	2365	0.07692	0.07692	373.07692	0.07692	0.07692	0.07692	0.07692	0.07692	0.07692	0.07692	0.07692	0.07692	0.07692
264	2523	0.07692	0.07692	0.07692	0.07692	0.07692	316.30277	0.07692	0.07692	0.07692	56.85107	0.07692	0.07692	0.07692
265	2158	0.07692	0.07692	0.07692	0.07692	0.07692	373.07692	0.07692	0.07692	0.07692	0.07692	0.07692	0.07692	0.07692
266	1985	13.93157	0.07698	0.07692	0.07693	0.07692	0.07692	0.07692	0.07692	32.44259	0.07692	0.07692	326.85654	0.07692
267	2279	0.07692	348.17799	0.07692	18.32648	0.07692	0.07692	0.07692	0.07692	6.72629	0.07693	0.07692	0.07693	0.07692
268	1948	0.07694	365.78824	0.07692	3.84721	0.07692	0.07692	0.07692	0.07692	3.59530	0.07692	0.07692	0.07692	0.07692
269	1957	0.07692	0.07692	373.07692	0.07692	0.07692	0.07692	0.07692	0.07692	0.07692	0.07692	0.07692	0.07692	0.07692
270	2648	0.07692	0.07692	373.07692	0.07692	0.07692	0.07692	0.07692	0.07692	0.07692	0.07692	0.07692	0.07692	0.07692
271	1946	2.08795	0.07692	0.07692	0.07692	0.07692	0.07692	0.07692	0.07692	0.07692	0.07692	0.07692	371.06590	0.07692
272	2337	0.07692	0.07692	373.07692	0.07692	0.07692	0.07692	0.07692	0.07692	0.07692	0.07692	0.07692	0.07692	0.07692
273	2225	0.07692	0.07692	373.07692	0.07692	0.07692	0.07692	0.07692	0.07692	0.07692	0.07692	0.07692	0.07692	0.07692
274	2016	0.07692	0.07692	373.07692	0.07692	0.07692	0.07692	0.07692	0.07692	0.07692	0.07692	0.07692	0.07692	0.07692
275	2244	0.07693	0.07692	0.07692	0.07692	0.07692	0.07692	0.07692	1.97054	0.07692	0.07692	0.07692	371.18330	0.07692
276	2348	2.61549	0.07694	0.07692	0.07692	0.07692	0.07692	0.07692	0.07692	2.58751	0.07692	0.07692	368.02775	0.07692
277	2600	6.39597	0.07692	0.07692	0.07692	0.07692	0.07692	0.07692	0.07692	0.07692	0.07692	0.07692	366.75788	0.07692
278	2593	0.07692	0.07692	0.07692	0.07692	0.07692	0.07692	0.07692	0.07692	0.07692	0.07692	0.07692	373.07692	0.07692
279	2056	50.71478	0.07692	0.07692	0.07692	0.07692	0.07692	0.07692	0.07692	0.07692	0.07692	0.07692	322.43907	0.07692
280	2396	0.07692	0.07693	5.61374	360.64835	0.07692	0.07692	0.07692	0.07692	0.07692	6.96867	0.07692	0.07692	0.07692
281	1952	23.83367	0.07693	0.07692	296.80992	0.07692	0.07692	0.07692	0.07692	0.07692	52.58716	0.07692	0.07694	0.07692
282	2458	0.07692	308.52749	0.07692	64.62636	0.07692	0.07692	0.07692	0.07692	0.07692	0.07692	0.07692	0.07692	0.07692
283	2489	7.16577	0.07693	0.07692	0.07692	0.07692	0.07692	0.07692	0.07692	0.07692	0.07692	0.07692	365.98807	0.07692
284	1983	25.04651	0.07692	0.07692	0.07692	0.07692	0.07692	0.07692	0.07692	0.07692	0.07692	0.07692	348.10734	0.07692
285	2328	11.76375	274.21806	0.07692	77.01072	0.07692	0.07692	0.07692	0.07692	0.07692	10.31513	0.07692	0.07695	0.07692
286	2394	0.07692	262.22475	0.07692	110.92909	0.07692	0.07692	0.07692	0.07692	0.07692	0.07692	0.07692	0.07692	0.07692
287	1718	0.07692	351.23203	0.07692	10.20969	0.07692	0.07692	0.07692	0.07692	0.07692	11.78905	0.07692	0.07692	0.07692
288	2333	0.07692	284.07277	0.07692	77.01407	0.07692	0.07692	0.07692	0.07692	12.14390	0.07692	0.07692	0.07696	0.07692
289	2446	0.07692	0.07692	0.07692	0.07692	0.07692	0.07692	0.07692	0.07692	0.07692	0.07692	0.07692	373.07692	0.07692
290	1997	0.07692	0.07692	0.07692	0.07692	0.07692	0.07692	0.07692	0.07692	0.07692	0.07692	0.07692	373.07692	0.07692
291	1955	0.07692	354.83041	0.07692	18.32343	0.07692	0.07692	0.07692	0.07692	0.07692	0.07692	0.07692	0.07692	0.07692
292	1920	0.07692	352.97288	0.07692	20.18097	0.07692	0.07692	0.07692	0.07692	0.07692	0.07692	0.07692	0.07692	0.07692
293	2074	0.07692	0.07692	0.07692	0.07692	0.07692	0.07692	0.07692	0.07692	0.07692	0.07692	0.07692	373.07692	0.07692
294	1926	0.07692	274.15957	0.07692	22.37298	0.07692	0.07692	0.07692	0.07692	0.07692	76.69822	0.07692	0.07692	0.07692
295	2570	0.07692	0.07692	0.07692	0.07692	0.07692	336.91207	0.07692	0.07692	0.07692	0.07692	0.07692	0.07692	36.24177
296	2647	0.07692	0.07692	373.07692	0.07692	0.07692	0.07692	0.07692	0.07692	0.07692	0.07692	0.07692	0.07692	0.07692
297	2435	0.07692	0.07692	373.07692	0.07692	0.07692	0.07692	0.07692	0.07692	0.07692	0.07692	0.07692	0.07692	0.07692
298	2213	0.07692	0.07692	0.07692	0.07692	0.07692	0.07692	0.07692	0.07692	0.07692	0.07692	0.07692	373.07692	0.07692
299	2464	0.07692	0.07692	0.07692	0.07692	0.07692	0.07692	0.07692	0.07692	0.07692	0.07692	0.07692	373.07692	0.07692
300	2335	0.07692	0.07692	0.07692	0.07692	0.07692	373.07692	0.07692	0.07692	0.07692	0.07692	0.07692	0.07692	0.07692
301	1960	0.07692	0.07692	0.07692	0.07692	0.07692	373.07692	0.07692	0.07692	0.07692	0.07692	0.07692	0.07692	0.07692
302	2392	4.29628	0.07693	0.07692	8.38664	0.07692	0.07692	0.07692	0.07692	0.07692	0.07692	0.07692	360.54784	0.07692
303	2549	0.07692	0.07692	0.07692	0.07692	0.07692	0.07692	0.07692	0.07692	0.07692	0.07692	0.07692	373.07692	0.07692
304	2131	7.80960	0.07703	0.07692	0.07693	0.07692	0.07692	0.07692	0.07692	0.07692	0.07692	0.07692	363.43789	1.98316
305	2309	13.72343	0.07693	0.07692	0.07692	0.07692	0.07692	0.07692	0.07692	0.07692	0.07692	0.07692	359.43041	0.07692
306	2092	373.07692	0.07692	0.07692	0.07692	0.07692	0.07692	0.07692	0.07692	0.07692	0.07692	0.07692	0.07692	0.07692
307	2165	6.09569	0.07692	0.07692	0.07692	0.07692	0.07692	0.07692	0.07692	0.07692	0.07692	0.07692	367.05815	0.07692
308	2149	0.07692	348.18236	0.07692	6.73817	0.07692	0.07692	0.07692	0.07692	0.07692	18.31024	0.07692	0.07692	0.07692
309	2007	67.55603	285.43401	0.07692	10.27506	0.07692	0.07692	0.07692	0.07692	0.07693	10.04256	0.07692	0.07696	0.07692
310	2445	0.07693	367.66027	0.07692	0.07692	0.07692	0.07692	0.07692	0.07692	0.07692	0.07692	0.07692	0.07704	5.49345
311	2306	0.07692	0.07692	0.07692	0.07692	0.07692	0.07692	0.07692	0.07692	0.07692	0.07692	0.07692	373.07692	0.07692
312	2043	2.26677	0.07692	0.07692	0.07692	0.07692	0.07692	0.07692	0.07692	0.07692	0.07692	0.07692	370.88708	0.07692
313	2535	0.07692	0.07692	0.07692	0.07692	0.07692	58.36171	0.07692	0.07692	0.07692	0.07692	0.07692	0.07692	314.79214
314	2492	2.22648	0.07692	0.07692	0.07692	0.07692	0.07692	0.07692	0.07692	0.07692	0.07692	0.07692	370.92736	0.07692
315	2361	0.07692	0.07692	0.07692	0.07692	0.07692	373.07692	0.07692	0.07692	0.07692	0.07692	0.07692	0.07692	0.07692
316	2280	0.07692	0.07696	0.07692	332.32310	0.07692	0.07692	0.07692	0.07692	40.83070	0.07693	0.07692	0.07693	0.07692
317	2619	4.75585	0.07692	0.07692	0.07692	0.07692	0.07692	0.07692	0.07692	0.07692	0.07692	0.07692	368.39799	0.07692
318	2385	0.07692	345.38961	0.07692	0.07692	0.07692	0.07692	0.07692	0.07692	27.76418	0.07692	0.07692	0.07698	0.07692
319	2530	0.07692	285.22460	0.07692	0.07692	0.07692	0.07692	0.07692	0.07692	0.07692	0.07692	0.07692	87.92925	0.07692
320	1913	0.07692	350.76705	22.38680	0.07692	0.07692	0.07692	0.07692	0.07692	0.07692	0.07692	0.07692	0.07692	0.07692
321	2542	17.23499	0.07697	0.07692	0.07693	0.07692	0.07692	0.07692	0.07692	4.36786	0.07692	0.07692	351.62787	0.07692
322	2246	0.07692	334.08700	0.07692	31.98493	0.07692	0.07692	0.07692	0.07692	0.07692	7.15884	0.07692	0.07692	0.07692
323	2002	4.88642	328.53382	0.07692	33.43290	0.07692	0.07692	0.07692	0.07692	0.07692	6.45454	0.07692	0.07694	0.07692
324	1972	0.07692	0.07692	373.07692	0.07692	0.07692	0.07692	0.07692	0.07692	0.07692	0.07692	0.07692	0.07692	0.07692
325	2242	51.71331	0.07693	0.07692	0.07693	0.07692	0.07692	0.07692	0.07692	0.07692	321.44050	0.07692	0.07695	0.07692
326	2416	0.07692	0.07692	0.07692	0.07692	0.07692	0.07692	0.07692	0.07692	0.07692	373.07692	0.07692	0.07692	0.07692
327	2071	9.41686	360.47077	0.07692	3.34312	0.07692	0.07692	0.07692	0.07692	0.07692	0.07692	0.07692	0.07694	0.07692
328	2102	0.07692	355.47799	5.79642	0.07694	0.07692	0.07692	0.07692	0.07692	2.97703	9.05624	0.07692	0.07692	0.07692
329	2616	0.07692	361.52177	7.70327	0.07692	0.07692	0.07692	0.07692	0.07692	0.07692	4.00573	0.07692	0.07693	0.07692
330	2176	0.07692	257.56783	0.07692	6.78293	0.07692	3.56733	0.07692	0.07692	0.07692	105.38960	0.07692	0.07692	0.07692
331	2267	0.07692	348.48418	0.07692	19.81413	0.07692	0.07692	0.07692	0.07692	0.07692	4.93246	0.07692	0.07692	0.07692
332	2068	0.07692	347.44490	0.07692	19.05776	0.07692	0.07692	0.07692	0.07692	0.08504	6.71999	0.07692	0.07692	0.07692
333	1577	0.07692	362.91883	0.07692	10.23502	0.07692	0.07692	0.07692	0.07692	0.07692	0.07692	0.07692	0.07693	0.07692
334	2370	0.07692	0.07692	0.07692	0.07692	0.07692	0.07692	0.07692	0.07692	0.07692	0.07692	0.07692	373.07692	0.07692
335	2237	0.07693	0.07692	0.07692	0.07692	0.07692	0.07692	3.13456	0.07692	0.07692	0.07692	0.07692	370.01928	0.07692
336	2583	0.07692	0.07692	373.07692	0.07692	0.07692	0.07692	0.07692	0.07692	0.07692	0.07692	0.07692	0.07692	0.07692
337	2378	0.07692	0.07692	373.07692	0.07692	0.07692	0.07692	0.07692	0.07692	0.07692	0.07692	0.07692	0.07692	0.07692
338	2503	0.07692	0.07692	0.07692	0.07692	0.07692	373.07692	0.07692	0.07692	0.07692	0.07692	0.07692	0.07692	0.07692
339	2114	0.07692	0.07692	0.07692	0.07692	0.07692	373.07692	0.07692	0.07692	0.07692	0.07692	0.07692	0.07692	0.07692
340	2260	0.07692	0.07692	0.07692	0.07692	0.07692	373.07692	0.07692	0.07692	0.07692	0.07692	0.07692	0.07692	0.07692
341	2307	0.07692	0.07692	0.07692	0.07692	0.07692	0.07692	0.07692	0.07692	0.07692	0.07692	0.07692	373.07692	0.07692
342	2336	6.42599	344.18633	0.07692	15.96210	0.07692	0.07692	0.07692	0.07692	2.60375	4.20643	0.07692	0.07694	0.07692
343	2120	0.07692	0.07692	0.07692	0.07692	0.07692	373.07692	0.07692	0.07692	0.07692	0.07692	0.07692	0.07692	0.07692
344	2105	0.07692	0.07692	0.07692	0.07692	0.07692	373.07692	0.07692	0.07692	0.07692	0.07692	0.07692	0.07692	0.07692
345	2161	0.07692	0.07696	0.07693	338.54923	0.07692	0.07692	0.07692	0.07692	34.60457	0.07692	0.07692	0.07692	0.07692
346	2287	11.42076	0.07694	0.07692	0.07693	5.64542	0.07692	0.07692	0.07692	0.07692	0.07693	0.07692	356.16457	0.07692
347	2529	0.07692	339.71435	22.41435	0.07692	0.07692	0.07692	0.07692	0.07692	0.07692	11.10206	0.07692	0.07692	0.07692
348	1966	22.29257	0.07692	0.07692	0.07692	0.07692	0.07692	0.07692	0.07692	0.07692	0.07693	2.25834	348.67985	0.07692
349	2285	0.07692	365.58218	0.07692	7.57166	0.07692	0.07692	0.07692	0.07692	0.07692	0.07692	0.07692	0.07692	0.07692
350	2247	0.07692	330.02670	0.07692	24.68751	0.07692	0.07692	0.07692	0.07692	0.07692	18.51657	0.07692	0.07692	0.07692
351	2261	0.07692	0.07692	0.07692	0.07692	0.07692	0.07692	0.07692	0.07692	0.07692	0.07692	0.07692	373.07692	0.07692
352	2504	0.07693	0.07692	0.07692	0.07692	0.07692	0.07692	2.56394	0.07692	0.07692	0.07692	0.07692	370.58991	0.07692
353	2495	0.07692	0.07692	0.07692	0.07692	0.07692	0.07692	0.07692	0.07692	0.07692	0.07692	0.07692	373.07692	0.07692
354	2343	0.07692	348.29606	0.07692	7.25249	0.07692	0.07692	0.07692	0.07692	9.69714	8.06196	0.07692	0.07695	0.07692
355	2487	0.07692	0.07692	0.07692	0.07692	0.07692	0.07692	0.07692	0.07692	0.07692	0.07692	0.07692	0.07692	373.07692
356	2245	0.07692	0.07692	0.07692	0.07692	0.07692	0.07692	0.07692	0.07692	0.07692	0.07692	0.07692	0.07692	373.07692
357	1988	0.07692	0.07692	0.07692	0.07692	0.07692	0.07692	0.07692	0.07692	0.07692	0.07692	0.07692	0.07692	373.07692
358	2466	0.07692	0.07692	0.07692	0.07692	0.07692	0.07692	0.07692	0.07692	0.07692	0.07692	0.07692	0.07692	373.07692
359	2223	0.07693	345.47468	0.07692	20.35726	0.07692	0.07692	0.07692	0.07692	7.39879	0.07692	0.07692	0.07696	0.07692
360	2653	0.07692	373.07692	0.07692	0.07692	0.07692	0.07692	0.07692	0.07692	0.07692	0.07692	0.07692	0.07692	0.07692
361	2164	4.24171	0.07692	0.07692	0.07692	0.07692	0.07692	0.07692	0.07692	0.07692	0.07692	0.07692	368.91214	0.07692
362	2472	0.07692	308.13673	65.01711	0.07692	0.07692	0.07692	0.07692	0.07692	0.07692	0.07692	0.07692	0.07692	0.07692
363	2241	0.07692	359.46084	0.07692	10.30919	0.07692	0.07692	0.07692	0.07692	0.07692	3.46074	0.07692	0.07692	0.07692
364	136	0.07692	266.25183	103.29461	3.68433	0.07692	0.07692	0.07692	0.07692	0.07692	0.07692	0.07692	0.07692	0.07692
365	2451	0.07692	302.85221	0.07692	66.69950	0.07692	0.07692	0.07692	0.07692	3.67904	0.07692	0.07692	0.07694	0.07692
366	2050	0.07692	0.07692	373.07692	0.07692	0.07692	0.07692	0.07692	0.07692	0.07692	0.07692	0.07692	0.07692	0.07692
367	2196	0.07692	369.53718	0.07692	0.07692	0.07692	0.07692	0.07692	0.07692	0.07692	3.61666	0.07692	0.07692	0.07692
368	2075	8.28714	0.07693	0.07692	364.86667	0.07692	0.07692	0.07692	0.07692	0.07692	0.07692	0.07692	0.07695	0.07692
369	2501	64.83484	0.07694	0.07692	302.07773	0.07692	0.07692	0.07692	0.07692	6.31814	0.07692	0.07692	0.07696	0.07692
370	2423	2.40912	0.07692	0.07692	0.07692	0.07692	0.07692	0.07692	0.07692	0.07692	0.07692	0.07692	370.74473	0.07692
371	2250	0.07692	373.07692	0.07692	0.07692	0.07692	0.07692	0.07692	0.07692	0.07692	0.07692	0.07692	0.07692	0.07692
372	2180	0.07692	365.85301	0.07692	7.30084	0.07692	0.07692	0.07692	0.07692	0.07692	0.07692	0.07692	0.07692	0.07692
373	2478	368.92194	0.07693	0.07692	0.07692	0.07692	0.07692	0.07692	0.07692	0.07692	0.07692	0.07692	0.07699	4.23183
374	2058	51.13393	0.07693	0.07692	0.07692	0.07692	0.07692	0.07692	0.07692	0.07692	0.07692	0.07692	322.01992	0.07692
375	2183	0.07692	342.32379	0.07692	27.67481	0.07692	0.07692	0.07692	0.07692	3.23217	0.07692	0.07692	0.07692	0.07692
376	2533	0.07692	361.48620	3.92357	0.07692	0.07692	0.07692	0.07692	0.07692	7.82096	0.07692	0.07692	0.07696	0.07692
377	2409	6.57382	0.07692	0.07692	0.07692	0.07692	0.07692	0.07692	0.07692	0.07692	0.07692	0.07692	366.58003	0.07692
378	2582	0.07692	369.03546	0.07692	4.11839	0.07692	0.07692	0.07692	0.07692	0.07692	0.07692	0.07692	0.07692	0.07692
379	2377	0.07692	295.76001	0.07692	77.39383	0.07692	0.07692	0.07692	0.07692	0.07692	0.07692	0.07692	0.07692	0.07692
380	2215	0.07693	339.63823	0.07692	0.07694	0.07692	0.07692	0.07692	0.07692	33.51559	0.07692	0.07692	0.07693	0.07692
381	2197	0.07692	0.07692	0.07692	0.07692	0.07692	373.07692	0.07692	0.07692	0.07692	0.07692	0.07692	0.07692	0.07692
382	2236	0.07692	0.07692	0.07692	0.07692	0.07692	373.07692	0.07692	0.07692	0.07692	0.07692	0.07692	0.07692	0.07692
383	2499	33.65798	0.07692	0.07692	0.07692	0.07692	0.07692	0.07692	0.07692	0.07692	0.07692	0.07692	335.38413	4.18866
384	2322	0.07692	0.07693	0.07692	0.07692	0.07692	163.00852	0.07692	0.07692	0.07692	210.14532	0.07692	0.07692	0.07692
385	2098	0.07692	0.07692	0.07692	0.07692	0.07692	0.07692	0.07692	0.07692	0.07692	0.07692	0.07692	373.07692	0.07692
386	2418	0.07692	0.07692	0.07692	0.07692	0.07692	0.07692	0.07692	0.07692	0.07692	0.07692	0.07692	373.07692	0.07692
387	2381	0.07692	0.07693	0.07692	0.07692	2.20898	0.07692	0.07692	0.07692	0.07692	0.07692	0.07692	370.94486	0.07692
388	2603	0.07692	0.07693	0.07692	308.95321	0.07692	0.07692	0.07692	0.07692	0.07692	64.20063	0.07692	0.07692	0.07692
389	2644	0.07692	0.07692	0.07692	0.07692	0.07692	373.07692	0.07692	0.07692	0.07692	0.07692	0.07692	0.07692	0.07692
390	2417	0.07692	301.77840	65.87197	0.07694	0.07692	0.07692	0.07692	0.07692	5.58039	0.07692	0.07692	0.07692	0.07692
391	1999	0.07692	0.07692	373.07692	0.07692	0.07692	0.07692	0.07692	0.07692	0.07692	0.07692	0.07692	0.07692	0.07692
392	2220	0.07692	0.07692	0.07692	0.07692	0.07692	0.07692	0.07692	0.07692	0.07692	0.07692	0.07692	373.07692	0.07692
393	2578	0.07693	0.07692	0.07692	0.07692	0.07692	0.07692	0.07692	2.37961	0.07692	0.07692	0.07692	370.77422	0.07692
394	2045	0.07692	0.07692	0.07692	0.07692	0.07692	0.07692	0.07692	0.07692	0.07692	0.07692	0.07692	373.07692	0.07692
395	1953	0.07692	0.07692	0.07692	0.07692	0.07692	0.07692	0.07692	0.07692	0.07692	0.07692	0.07692	373.07692	0.07692
396	2028	0.07692	373.07692	0.07692	0.07692	0.07692	0.07692	0.07692	0.07692	0.07692	0.07692	0.07692	0.07692	0.07692
397	2556	6.01310	0.07692	0.07692	0.07692	0.07692	0.07692	0.07692	0.07692	0.07692	0.07692	0.07692	367.14074	0.07692
398	2191	0.07692	368.73696	0.07692	0.07692	0.07692	0.07692	0.07692	0.07692	4.41685	0.07692	0.07692	0.07695	0.07692
399	2235	0.07692	0.07693	0.07692	333.30844	0.07692	0.07692	0.07692	0.07692	0.07692	39.84540	0.07692	0.07692	0.07692
400	2288	247.67097	0.07692	0.07692	0.07693	0.07692	0.07692	0.07692	0.07692	0.07692	125.48285	0.07692	0.07694	0.07692
401	1987	0.07692	350.91075	0.07692	0.07692	0.07692	0.07692	0.07692	0.07692	10.92635	11.39362	0.07692	0.07698	0.07692
402	2475	0.07692	343.77796	0.07692	23.26442	0.07692	0.07692	0.07692	0.07692	0.07692	6.18839	0.07692	0.07692	0.07692
403	2547	0.07693	350.30742	0.07692	15.80433	0.07692	0.07692	0.07692	0.07692	0.07692	0.07692	0.07692	0.07739	7.11853
404	2319	0.07692	356.93625	3.18726	9.89129	0.07692	0.07692	0.07692	0.07692	3.29289	0.07692	0.07692	0.07694	0.07692
405	2617	0.07692	288.26375	0.07692	81.45563	0.07692	0.07692	0.07692	0.07692	3.51139	0.07692	0.07692	0.07692	0.07692
406	1914	0.07692	0.07692	373.07692	0.07692	0.07692	0.07692	0.07692	0.07692	0.07692	0.07692	0.07692	0.07692	0.07692
407	2658	0.07692	0.07692	373.07692	0.07692	0.07692	0.07692	0.07692	0.07692	0.07692	0.07692	0.07692	0.07692	0.07692
408	2163	24.72651	307.28966	0.07692	11.53060	0.07692	0.07692	0.07692	0.07692	0.07692	29.76087	0.07692	0.07697	0.07692
409	2311	15.37557	0.07692	0.07692	0.07692	0.07692	0.07692	0.07692	0.07692	0.07692	0.07692	0.07692	357.77828	0.07692
410	2052	0.07692	357.53889	0.07692	15.61496	0.07692	0.07692	0.07692	0.07692	0.07692	0.07692	0.07692	0.07692	0.07692
411	2594	13.24086	281.49381	0.07692	55.57731	0.07692	0.07692	0.07692	0.07692	0.07774	14.72861	0.07692	0.07693	8.34321
412	2273	0.07692	350.57158	0.07692	16.77574	0.07692	0.07692	0.07692	0.07692	0.07692	5.88345	0.07692	0.07692	0.07692
413	2202	0.07692	0.07692	373.07692	0.07692	0.07692	0.07692	0.07692	0.07692	0.07692	0.07692	0.07692	0.07692	0.07692
414	2222	0.07692	0.07693	0.07692	355.35028	0.07692	0.07692	0.07692	0.07692	0.07692	17.80356	0.07692	0.07692	0.07692
415	1922	0.07692	0.07692	0.07692	0.07692	0.07692	373.07692	0.07692	0.07692	0.07692	0.07692	0.07692	0.07692	0.07692
416	2341	0.07692	0.07692	18.19671	0.07692	0.07692	354.95714	0.07692	0.07692	0.07692	0.07692	0.07692	0.07692	0.07692
417	2139	0.07692	0.07692	0.07692	0.07692	0.07692	0.07692	0.07692	0.07692	0.07692	0.07692	0.07692	373.07692	0.07692
418	2462	0.07692	0.07695	0.07692	7.81727	0.07692	0.07692	0.07692	0.07692	4.42034	0.07693	4.04533	357.02472	0.07692
419	2591	0.07692	0.07692	0.07692	0.07692	0.07692	0.07692	0.07692	0.07692	0.07692	0.07692	0.07692	373.07692	0.07692
420	2628	0.07692	0.07692	0.07692	0.07692	0.07692	373.07692	0.07692	0.07692	0.07692	0.07692	0.07692	0.07692	0.07692
421	2291	0.07692	0.07692	0.07692	0.07692	0.07692	0.07692	0.07692	0.07692	0.07692	373.07692	0.07692	0.07692	0.07692
422	2643	0.07692	365.10620	0.07692	8.04765	0.07692	0.07692	0.07692	0.07692	0.07692	0.07692	0.07692	0.07692	0.07692
423	2293	0.07692	358.74988	0.07692	0.07692	0.07692	0.07692	0.07692	0.07692	14.40391	0.07692	0.07692	0.07698	0.07692
424	1975	0.07692	0.07692	0.07692	0.07692	0.07692	373.07692	0.07692	0.07692	0.07692	0.07692	0.07692	0.07692	0.07692
425	1930	0.07692	0.07692	0.07692	0.07692	0.07692	373.07692	0.07692	0.07692	0.07692	0.07692	0.07692	0.07692	0.07692
426	2516	0.07692	354.58996	0.07692	14.06098	0.07692	0.07692	0.07692	0.07692	4.57979	0.07692	0.07692	0.07695	0.07692
427	2057	0.07692	335.84730	0.07692	0.07692	0.07692	0.07692	0.07692	0.07692	37.30649	0.07692	0.07692	0.07698	0.07692
428	2623	11.90006	0.07694	0.07692	0.07692	0.07692	0.07692	0.07692	0.07692	0.07692	0.07692	0.07692	361.25377	0.07692
429	2006	0.07692	0.07692	373.07692	0.07692	0.07692	0.07692	0.07692	0.07692	0.07692	0.07692	0.07692	0.07692	0.07692
430	2366	0.07692	0.07694	0.07692	0.07692	0.07692	36.53366	0.07692	0.07692	0.07692	336.62017	0.07692	0.07692	0.07692
431	2211	0.07692	0.07692	0.07692	0.07692	0.07692	0.07692	0.07692	0.07692	0.07692	373.07692	0.07692	0.07692	0.07692
432	2352	2.34083	0.07692	0.07692	0.07692	0.07692	0.07692	0.07692	0.07692	0.07692	0.07692	0.07692	370.81301	0.07692
433	2427	373.07692	0.07692	0.07692	0.07692	0.07692	0.07692	0.07692	0.07692	0.07692	0.07692	0.07692	0.07692	0.07692
434	1934	0.07692	0.07692	0.07692	0.07692	0.07692	373.07692	0.07692	0.07692	0.07692	0.07692	0.07692	0.07692	0.07692
435	2299	0.07692	0.07693	0.07692	0.07692	2.53147	0.07692	0.07692	0.07692	0.07692	0.07692	0.07692	370.62237	0.07692
436	2226	7.87667	0.07693	0.07692	139.03296	0.07692	0.07692	0.07692	0.07692	0.07692	226.32112	0.07692	0.07694	0.07692
437	2573	5.10518	0.07693	0.07692	0.07692	0.07692	0.07692	0.07692	0.07692	0.07692	0.07692	0.07692	368.04866	0.07692
438	1923	0.07692	0.07692	0.07692	0.07692	0.07692	0.07692	0.07692	0.07692	0.07692	373.07692	0.07692	0.07692	0.07692
439	2575	2.80562	0.07694	0.07692	0.07692	0.07692	0.07692	0.07692	0.07692	2.76802	0.07692	0.07692	367.65712	0.07692
440	2559	0.07692	0.07692	0.07692	0.07692	0.07692	0.07692	0.07692	0.07692	0.07692	0.07692	0.07692	373.07692	0.07692
441	2368	0.07692	314.81822	0.07692	46.78273	0.07692	4.92670	0.07692	0.07692	0.07692	6.78004	0.07692	0.07693	0.07692
442	2642	0.07692	256.22624	0.07693	14.82213	0.07692	0.07692	0.07692	0.07692	3.07611	99.18317	0.07692	0.07695	0.07692
443	2349	0.07692	0.07692	0.07692	0.07692	0.07692	0.07692	0.07692	0.07692	0.07692	0.07692	0.07692	0.07692	373.07692
444	2384	0.07692	301.81809	4.19735	56.77359	0.07692	0.07692	0.07692	0.07692	10.51864	0.07693	0.07692	0.07695	0.07692
445	2645	0.07692	0.07692	373.07692	0.07692	0.07692	0.07692	0.07692	0.07692	0.07692	0.07692	0.07692	0.07692	0.07692
446	2210	0.07692	0.07696	0.07692	0.07692	0.07692	0.07692	0.07692	0.07692	23.69885	0.07693	0.07692	349.45494	0.07692
447	2159	0.07692	0.07692	373.07692	0.07692	0.07692	0.07692	0.07692	0.07692	0.07692	0.07692	0.07692	0.07692	0.07692
448	2424	0.07692	0.07692	0.07692	0.07692	0.07692	373.07692	0.07692	0.07692	0.07692	0.07692	0.07692	0.07692	0.07692
449	2000	0.07692	0.07692	373.07692	0.07692	0.07692	0.07692	0.07692	0.07692	0.07692	0.07692	0.07692	0.07692	0.07692
450	2157	0.07692	0.07692	373.07692	0.07692	0.07692	0.07692	0.07692	0.07692	0.07692	0.07692	0.07692	0.07692	0.07692
451	2539	0.07692	0.07692	0.07692	0.07692	0.07692	0.07692	0.07692	0.07692	0.07692	0.07692	0.07692	373.07692	0.07692
452	2657	0.07692	0.07692	373.07692	0.07692	0.07692	0.07692	0.07692	0.07692	0.07692	0.07692	0.07692	0.07692	0.07692
453	1935	0.07692	0.07692	373.07692	0.07692	0.07692	0.07692	0.07692	0.07692	0.07692	0.07692	0.07692	0.07692	0.07692
454	2313	0.07692	0.07693	0.07692	0.07692	0.07692	313.91634	0.07692	0.07692	0.07692	59.23748	0.07692	0.07694	0.07692
455	2613	0.07692	0.07692	0.07692	0.07692	0.07692	0.07692	0.07692	0.07692	0.07692	0.07692	0.07692	373.07692	0.07692
456	2356	0.07692	0.07692	0.07692	0.07692	0.07692	0.07692	0.07692	0.07692	0.07692	0.07692	0.07692	373.07692	0.07692
457	2108	0.07692	0.07692	0.07692	0.07692	0.07692	0.07692	0.07692	0.07692	0.07692	0.07692	0.07692	373.07692	0.07692
458	2155	0.07692	0.07694	0.07692	136.67028	0.07692	0.07692	0.07692	0.07692	0.07692	236.48355	0.07692	0.07692	0.07692
459	2144	0.07692	368.19690	0.07692	0.07692	0.07692	0.07692	0.07692	0.07692	4.95693	0.07692	0.07692	0.07692	0.07694
460	1921	0.07692	0.07692	373.07692	0.07692	0.07692	0.07692	0.07692	0.07692	0.07692	0.07692	0.07692	0.07692	0.07692
461	2072	0.07692	282.38859	0.07692	90.76526	0.07692	0.07692	0.07692	0.07692	0.07692	0.07692	0.07692	0.07692	0.07692
462	2461	0.07692	343.26016	0.07692	25.28372	0.07692	0.07692	0.07692	0.07692	0.07692	4.68689	0.07692	0.07692	0.07692
463	2310	0.07692	0.07692	0.07692	0.07692	0.07692	0.07692	0.07692	0.07692	0.07692	373.07692	0.07692	0.07692	0.07692
464	2465	0.07692	366.25010	0.07692	6.90374	0.07692	0.07692	0.07692	0.07692	0.07692	0.07692	0.07692	0.07692	0.07692
465	2083	5.26629	0.07692	0.07692	0.07692	0.07692	0.07692	0.07692	0.07692	0.07692	0.07692	0.07692	367.88755	0.07692
466	2232	0.07692	250.66241	0.07692	0.07693	0.07692	18.74762	0.07692	0.07692	12.04544	91.85221	0.07692	0.07692	0.07692
467	1919	0.07692	0.07692	373.07692	0.07692	0.07692	0.07692	0.07692	0.07692	0.07692	0.07692	0.07692	0.07692	0.07692
468	1951	0.07692	0.07692	373.07692	0.07692	0.07692	0.07692	0.07692	0.07692	0.07692	0.07692	0.07692	0.07692	0.07692
469	2026	0.07693	300.10056	0.07692	21.21780	46.59627	0.07692	0.07692	0.07692	5.39280	0.07692	0.07692	0.07718	0.07692
470	2270	0.07692	0.07692	0.07692	0.07692	0.07692	0.07692	0.07692	0.07692	0.07692	373.07692	0.07692	0.07692	0.07692
471	2011	0.07692	0.07692	373.07692	0.07692	0.07692	0.07692	0.07692	0.07692	0.07692	0.07692	0.07692	0.07692	0.07692
472	1995	0.07692	0.07692	373.07692	0.07692	0.07692	0.07692	0.07692	0.07692	0.07692	0.07692	0.07692	0.07692	0.07692
473	2639	0.07692	0.07692	373.07692	0.07692	0.07692	0.07692	0.07692	0.07692	0.07692	0.07692	0.07692	0.07692	0.07692
474	1965	0.07692	0.07693	0.07692	0.07692	0.07692	247.12830	0.07692	0.07692	0.07692	126.02554	0.07692	0.07692	0.07692
475	1918	0.07692	0.07693	0.07692	0.07692	2.43847	0.07692	0.07692	0.07692	0.07692	0.07692	0.07692	370.71536	0.07692
476	2208	0.07692	0.07695	0.07692	0.07693	0.07692	0.07692	0.07692	0.07692	213.59009	0.07692	0.07692	159.56372	0.07692
477	2308	2.56753	0.07692	0.07692	0.07692	0.07692	0.07692	0.07692	0.07692	0.07692	0.07692	0.07692	370.58631	0.07692
478	1931	0.07692	0.07692	373.07692	0.07692	0.07692	0.07692	0.07692	0.07692	0.07692	0.07692	0.07692	0.07692	0.07692
479	2221	9.82011	0.07692	0.07692	352.81087	0.07692	0.07692	0.07692	0.07692	0.07692	10.59979	0.07692	0.07692	0.07692
480	2027	0.07692	0.07692	373.07692	0.07692	0.07692	0.07692	0.07692	0.07692	0.07692	0.07692	0.07692	0.07692	0.07692
481	2081	0.07692	292.29630	0.07692	73.78692	0.07692	0.07692	0.07692	0.07692	7.14754	0.07693	0.07692	0.07693	0.07692
482	2609	0.07692	373.07692	0.07692	0.07692	0.07692	0.07692	0.07692	0.07692	0.07692	0.07692	0.07692	0.07692	0.07692
483	2038	0.07692	280.90487	0.07692	0.07692	0.07692	0.07692	0.07692	0.07692	0.07692	92.24898	0.07692	0.07692	0.07692
484	2048	78.12785	0.07693	0.07692	0.07693	0.07692	0.07692	0.07692	0.07692	0.07692	295.02592	0.07692	0.07698	0.07692
485	2587	0.07692	0.07692	0.07692	0.07692	0.07692	373.07692	0.07692	0.07692	0.07692	0.07692	0.07692	0.07692	0.07692
486	2067	373.07692	0.07692	0.07692	0.07692	0.07692	0.07692	0.07692	0.07692	0.07692	0.07692	0.07692	0.07692	0.07692
487	1980	0.07692	0.07692	373.07692	0.07692	0.07692	0.07692	0.07692	0.07692	0.07692	0.07692	0.07692	0.07692	0.07692
488	2185	0.07692	0.07693	0.07692	122.08753	0.07692	0.07692	0.07692	0.07692	0.07692	251.06630	0.07692	0.07692	0.07692
489	2537	0.07692	247.06920	0.07692	126.08464	0.07692	0.07692	0.07692	0.07692	0.07692	0.07692	0.07692	0.07692	0.07692
490	2004	0.07692	0.07692	373.07692	0.07692	0.07692	0.07692	0.07692	0.07692	0.07692	0.07692	0.07692	0.07692	0.07692
491	2315	0.07692	367.81147	0.07692	0.07694	0.07692	0.07692	0.07692	0.07692	5.34236	0.07692	0.07692	0.07692	0.07692
492	2249	0.07692	329.19457	0.07692	0.07692	0.07692	43.95927	0.07692	0.07692	0.07692	0.07692	0.07692	0.07692	0.07692
493	2147	373.07692	0.07692	0.07692	0.07692	0.07692	0.07692	0.07692	0.07692	0.07692	0.07692	0.07692	0.07692	0.07692
494	2502	0.07692	354.77603	0.07692	0.07692	0.07692	0.07692	0.07692	0.07692	0.07692	18.37781	0.07692	0.07692	0.07692
495	2137	42.16906	317.95374	0.07692	0.07693	0.07692	0.07692	0.07692	0.07692	13.10791	0.07692	0.07692	0.07698	0.07692
496	2362	0.07692	0.07692	0.07692	0.07692	0.07692	0.07692	0.07692	0.07692	0.07692	373.07692	0.07692	0.07692	0.07692
497	2398	0.07694	333.01969	0.07692	18.13355	0.07692	0.07692	0.07692	0.07692	8.14358	0.07693	0.07692	0.07709	14.01069
498	2589	0.07692	363.14690	0.07692	0.07692	0.07692	0.07692	0.07692	0.07692	0.07692	10.00694	0.07692	0.07692	0.07692
499	2463	0.07692	366.94067	0.07692	0.07692	0.07692	0.07692	0.07692	0.07692	0.07692	6.21318	0.07692	0.07692	0.07692
500	2170	0.07692	0.07692	0.07692	0.07692	0.07692	0.07692	0.07692	0.07692	0.07692	0.07692	0.07692	0.07692	373.07692
501	2479	0.07692	0.07692	0.07692	373.07692	0.07692	0.07692	0.07692	0.07692	0.07692	0.07692	0.07692	0.07692	0.07692
502	2134	0.07692	358.78612	0.07692	14.36773	0.07692	0.07692	0.07692	0.07692	0.07692	0.07692	0.07692	0.07692	0.07692
503	2115	2.89814	0.07692	0.07692	0.07692	0.07692	0.07692	0.07692	0.07692	0.07692	0.07692	0.07692	370.25571	0.07692
504	2088	5.85994	0.07692	0.07692	0.07692	0.07692	0.07692	0.07692	0.07692	0.07692	0.07692	0.07692	367.29390	0.07692
505	2145	0.07692	0.07693	7.96167	0.07692	0.07692	74.09959	0.07692	0.07692	0.07692	291.16951	0.07692	0.07692	0.07692
506	2174	0.07692	337.51063	0.07692	0.07692	0.07692	0.07692	0.07692	0.07692	0.07692	35.64321	0.07692	0.07692	0.07692
507	2546	0.07693	0.07692	0.07692	0.07692	0.07692	0.07692	2.70408	0.07692	0.07692	0.07692	0.07692	370.44976	0.07692
508	2344	0.07692	267.74037	0.07692	101.82407	0.07692	0.07692	0.07692	0.07692	0.07692	3.66633	0.07692	0.07692	0.07692
509	2274	0.07692	0.07692	0.07692	373.07692	0.07692	0.07692	0.07692	0.07692	0.07692	0.07692	0.07692	0.07692	0.07692
510	2415	0.07692	0.07693	0.07692	363.53566	0.07692	0.07692	0.07692	0.07692	0.07692	9.61818	0.07692	0.07692	0.07692
511	2037	24.46718	0.07692	0.07692	0.07692	0.07692	0.07692	0.07692	0.07692	0.07692	0.07692	0.07692	346.49972	2.26387
512	2136	0.07693	0.07692	0.07692	0.07692	0.07692	0.07692	0.07692	5.18716	0.07692	0.07692	0.07692	367.96668	0.07692
513	1958	0.07692	0.07692	373.07692	0.07692	0.07692	0.07692	0.07692	0.07692	0.07692	0.07692	0.07692	0.07692	0.07692
514	2486	0.07692	0.07692	0.07692	0.07692	0.07692	0.07692	0.07692	0.07692	0.07692	0.07692	0.07692	0.07692	373.07692
515	2513	0.07692	0.07692	0.07692	0.07692	0.07692	0.07692	0.07692	0.07692	0.07692	0.07692	0.07692	0.07692	373.07692
516	2471	3.04819	354.45672	0.07692	15.72584	0.07692	0.07692	0.07692	0.07692	0.07692	0.07692	0.07692	0.07694	0.07692
517	2190	0.07692	0.07692	0.07692	0.07692	0.07692	0.07692	0.07692	0.07692	0.07692	0.07692	0.07692	373.07692	0.07692
518	2041	0.07692	0.07692	0.07692	0.07692	0.07692	373.07692	0.07692	0.07692	0.07692	0.07692	0.07692	0.07692	0.07692
519	2456	0.07692	0.07692	0.07692	0.07692	0.07692	373.07692	0.07692	0.07692	0.07692	0.07692	0.07692	0.07692	0.07692
520	2610	0.07692	0.07692	0.07692	0.07692	0.07692	0.07692	0.07692	0.07692	0.07692	373.07692	0.07692	0.07692	0.07692
521	2401	0.07692	0.07701	0.07692	0.07692	0.07692	0.07692	0.07692	0.07692	22.30818	0.07692	0.07692	0.07694	350.84555
522	2540	0.07692	0.07692	0.07692	0.07692	0.07692	234.93884	0.07692	0.07692	0.07692	138.21500	0.07692	0.07692	0.07692
523	2198	0.07692	349.94253	0.07692	23.21132	0.07692	0.07692	0.07692	0.07692	0.07692	0.07692	0.07692	0.07692	0.07692
524	2039	0.07692	373.07692	0.07692	0.07692	0.07692	0.07692	0.07692	0.07692	0.07692	0.07692	0.07692	0.07692	0.07692
525	1973	0.07692	0.07692	373.07692	0.07692	0.07692	0.07692	0.07692	0.07692	0.07692	0.07692	0.07692	0.07692	0.07692
526	2525	0.07692	0.07692	0.07692	0.07692	0.07692	0.07692	0.07692	0.07692	0.07692	373.07692	0.07692	0.07692	0.07692
527	2128	17.54612	303.72143	9.02364	31.22522	0.07692	0.07692	0.07692	0.07692	0.15705	11.78802	0.07692	0.07697	0.07692
528	2474	0.07692	0.07693	0.07692	0.07692	0.07692	356.30752	0.07692	0.07692	0.07692	16.84633	0.07692	0.07692	0.07692
529	2411	0.07692	0.07692	0.07692	0.07692	0.07692	373.07692	0.07692	0.07692	0.07692	0.07692	0.07692	0.07692	0.07692
530	2476	373.07692	0.07692	0.07692	0.07692	0.07692	0.07692	0.07692	0.07692	0.07692	0.07692	0.07692	0.07692	0.07692
531	2443	250.51158	0.07693	0.07692	0.07692	0.07692	17.03147	0.07692	17.03147	25.65553	0.07692	0.07692	0.07694	63.15455
532	2545	326.45192	0.07692	0.07692	0.07692	0.07692	0.07692	0.07692	0.07692	0.07692	0.07692	0.07692	0.07693	46.70192
533	2314	0.07692	0.07692	0.07692	0.07692	0.07692	373.07692	0.07692	0.07692	0.07692	0.07692	0.07692	0.07692	0.07692
534	2576	313.73617	0.07692	0.07692	0.07692	0.07692	0.07692	0.07692	59.41739	0.07692	0.07692	0.07692	0.07720	0.07692
535	2318	0.07692	0.07692	0.07692	0.07692	0.07692	0.07692	0.07692	0.07692	0.07692	373.07692	0.07692	0.07692	0.07692
536	2618	0.07692	0.07692	0.07692	0.07692	0.07692	373.07692	0.07692	0.07692	0.07692	0.07692	0.07692	0.07692	0.07692
537	2021	0.07692	0.07692	0.07692	0.07692	0.07692	0.07692	0.07692	0.07692	0.07692	0.07692	0.07692	373.07692	0.07692
538	1933	0.07692	0.07692	0.07692	0.07692	0.07692	373.07692	0.07692	0.07692	0.07692	0.07692	0.07692	0.07692	0.07692
539	2403	0.07692	0.07692	0.07692	0.07692	0.07692	373.07692	0.07692	0.07692	0.07692	0.07692	0.07692	0.07692	0.07692
540	2179	0.07692	0.07692	0.07692	0.07692	0.07692	0.07692	0.07692	0.07692	0.07692	0.07692	0.07692	373.07692	0.07692
541	2031	0.07692	0.07692	0.07692	0.07692	0.07692	0.07692	0.07692	0.07692	0.07692	373.07692	0.07692	0.07692	0.07692
542	2216	0.07693	0.07692	0.07692	0.07692	0.07692	0.07692	2.90289	0.07692	0.07692	0.07692	0.07692	370.25095	0.07692
543	2444	0.07692	0.07692	0.07692	0.07692	0.07692	0.07692	0.07692	0.07692	0.07692	0.07692	0.07692	0.07692	373.07692
544	2473	0.07692	257.91633	0.07692	16.56478	0.07692	0.07692	0.07692	0.07692	0.07692	98.74965	0.07692	0.07692	0.07692
545	2325	0.07692	0.07696	0.07692	0.07693	0.07692	5.67484	0.07692	0.07692	0.07692	367.47896	0.07692	0.07692	0.07692
546	2119	0.07692	0.07692	0.07692	0.07692	0.07692	373.07692	0.07692	0.07692	0.07692	0.07692	0.07692	0.07692	0.07692
547	2566	0.07692	0.07692	0.07692	0.07692	0.07692	0.07692	0.07692	0.07692	0.07692	373.07692	0.07692	0.07692	0.07692
548	2205	0.07692	0.07692	0.07692	0.07692	0.07692	0.07692	0.07692	0.07692	0.07692	373.07692	0.07692	0.07692	0.07692
549	2652	0.07692	0.07692	0.07692	373.07692	0.07692	0.07692	0.07692	0.07692	0.07692	0.07692	0.07692	0.07692	0.07692
550	2330	0.07692	373.07692	0.07692	0.07692	0.07692	0.07692	0.07692	0.07692	0.07692	0.07692	0.07692	0.07692	0.07692
551	2316	0.07692	0.07694	0.07692	0.07692	0.07692	290.18804	0.07692	0.07692	41.52134	41.52137	0.07692	0.07692	0.07692
552	2178	0.07692	0.07692	0.07692	0.07692	0.07692	0.07692	0.07692	0.07692	0.07692	373.07692	0.07692	0.07692	0.07692
553	2035	0.07692	0.07692	0.07692	0.07692	0.07692	373.07692	0.07692	0.07692	0.07692	0.07692	0.07692	0.07692	0.07692
554	2049	0.07692	0.07692	0.07692	0.07692	0.07692	373.07692	0.07692	0.07692	0.07692	0.07692	0.07692	0.07692	0.07692
555	2268	0.07692	301.04628	65.97469	0.07692	0.07692	0.07692	0.07692	0.07692	0.07692	6.20980	0.07692	0.07692	0.07692
556	2332	0.07692	361.20405	0.07692	11.94980	0.07692	0.07692	0.07692	0.07692	0.07692	0.07692	0.07692	0.07692	0.07692
557	2146	0.07692	0.07692	0.07692	0.07692	0.07692	373.07692	0.07692	0.07692	0.07692	0.07692	0.07692	0.07692	0.07692
558	2383	275.77271	0.07692	0.07692	0.07692	0.07692	0.07692	97.38087	0.07692	0.07692	0.07692	0.07692	0.07719	0.07692
559	2637	0.07692	0.07692	0.07692	0.07692	0.07692	0.07692	0.07692	0.07692	0.07692	373.07692	0.07692	0.07692	0.07692
560	1970	0.07692	0.07694	0.07692	333.38649	0.07692	0.07692	0.07692	0.07692	0.07692	39.76735	0.07692	0.07692	0.07692
561	2012	0.07692	0.07692	373.07692	0.07692	0.07692	0.07692	0.07692	0.07692	0.07692	0.07692	0.07692	0.07692	0.07692
562	2171	0.07692	0.07692	373.07692	0.07692	0.07692	0.07692	0.07692	0.07692	0.07692	0.07692	0.07692	0.07692	0.07692
563	2209	0.07692	0.07692	0.07692	0.07692	0.07692	0.07692	0.07692	0.07692	0.07692	373.07692	0.07692	0.07692	0.07692
564	1963	4.52690	0.07692	0.07692	0.07692	0.07692	0.07692	0.07692	0.07692	0.07692	0.07692	0.07692	368.62695	0.07692
565	2304	0.07692	0.07693	0.07692	363.63620	0.07692	0.07692	0.07692	0.07692	0.07692	9.51763	0.07692	0.07692	0.07692
566	2355	0.07692	305.59174	26.85776	13.63747	0.07692	0.07692	0.07692	0.07692	0.07692	27.22072	0.07692	0.07692	0.07692
567	2148	0.07692	373.07692	0.07692	0.07692	0.07692	0.07692	0.07692	0.07692	0.07692	0.07692	0.07692	0.07692	0.07692
568	2259	0.07692	296.04337	0.07692	0.07693	0.07692	0.07692	0.07692	0.07692	38.78964	0.07692	0.07692	0.07693	38.39774
569	2066	0.07692	0.07692	0.07692	0.07692	0.07692	0.07692	0.07692	0.07692	0.07692	373.07692	0.07692	0.07692	0.07692
570	2151	0.07692	363.63883	0.07692	9.51501	0.07692	0.07692	0.07692	0.07692	0.07692	0.07692	0.07692	0.07693	0.07692
571	2393	360.91354	0.07692	0.07692	0.07692	0.07692	0.07692	0.07692	0.07692	0.07692	0.07692	0.07692	0.07694	12.24029
572	2438	6.04197	0.07693	0.07692	360.83826	0.07692	0.07692	0.07692	0.07692	0.07692	6.35050	0.07692	0.07695	0.07692
573	2400	0.07692	351.74112	0.07692	0.07692	0.07692	0.07692	0.07692	0.07692	0.07692	21.41272	0.07692	0.07692	0.07692
574	2454	373.07692	0.07692	0.07692	0.07692	0.07692	0.07692	0.07692	0.07692	0.07692	0.07692	0.07692	0.07692	0.07692
575	2284	0.07692	0.07692	373.07692	0.07692	0.07692	0.07692	0.07692	0.07692	0.07692	0.07692	0.07692	0.07692	0.07692
576	2298	0.07692	206.81103	0.07692	0.07692	0.07692	0.07692	0.07692	0.07692	0.07692	166.34282	0.07692	0.07692	0.07692
577	2003	0.07692	0.07693	0.07692	363.79086	0.07692	0.07692	0.07692	0.07692	0.07692	9.36298	0.07692	0.07692	0.07692
578	2295	0.07692	355.79050	0.07692	0.07692	0.07692	0.07692	0.07692	0.07692	0.07692	17.36335	0.07692	0.07692	0.07692
579	1990	0.07692	0.07692	0.07692	0.07692	0.07692	373.07692	0.07692	0.07692	0.07692	0.07692	0.07692	0.07692	0.07692
580	2544	0.07692	320.73350	0.07692	0.07692	0.07692	0.07692	0.07692	0.07692	13.07445	39.42277	0.07692	0.07698	0.07692
581	2061	0.07692	0.07692	373.07692	0.07692	0.07692	0.07692	0.07692	0.07692	0.07692	0.07692	0.07692	0.07692	0.07692
582	1976	0.07692	0.07692	373.07692	0.07692	0.07692	0.07692	0.07692	0.07692	0.07692	0.07692	0.07692	0.07692	0.07692
583	1927	0.07692	0.07692	373.07692	0.07692	0.07692	0.07692	0.07692	0.07692	0.07692	0.07692	0.07692	0.07692	0.07692
584	2055	0.07692	0.07694	0.07692	0.07692	0.07692	0.07692	0.07692	0.07692	5.26484	0.07692	0.07692	367.88899	0.07692
585	2350	331.63241	41.52137	0.07692	0.07693	0.07692	0.07692	0.07692	0.07692	0.07692	0.07692	0.07692	0.07698	0.07692
586	2588	0.07692	360.01739	0.07692	0.07692	0.07692	0.07692	0.07692	0.07692	0.07692	13.13645	0.07692	0.07692	0.07692
587	2450	0.07692	0.07692	0.07692	0.07692	0.07692	373.07692	0.07692	0.07692	0.07692	0.07692	0.07692	0.07692	0.07692
588	2320	0.07692	0.07692	0.07692	0.07692	0.07692	0.07692	0.07692	0.07692	0.07692	0.07692	0.07692	0.07692	373.07692
589	1992	0.07692	0.07692	0.07692	0.07692	0.07692	0.07692	0.07692	0.07692	0.07692	0.07692	0.07692	0.07692	373.07692
590	2571	0.07692	277.87093	55.98137	0.07693	0.07692	0.07692	0.07692	0.07692	39.37846	0.07693	0.07692	0.07692	0.07692
591	2234	373.07692	0.07692	0.07692	0.07692	0.07692	0.07692	0.07692	0.07692	0.07692	0.07692	0.07692	0.07692	0.07692
592	2387	364.98919	0.07709	0.07692	0.07692	0.07692	0.07692	0.07692	0.07692	8.16446	0.07693	0.07692	0.07696	0.07692
593	1968	0.07692	0.07692	373.07692	0.07692	0.07692	0.07692	0.07692	0.07692	0.07692	0.07692	0.07692	0.07692	0.07692
594	2585	0.07692	0.07692	373.07692	0.07692	0.07692	0.07692	0.07692	0.07692	0.07692	0.07692	0.07692	0.07692	0.07692
595	2405	0.07692	0.07692	0.07692	0.07692	0.07692	373.07692	0.07692	0.07692	0.07692	0.07692	0.07692	0.07692	0.07692
596	2162	0.07692	0.07692	0.07692	0.07692	0.07692	333.04849	0.07692	0.07692	0.07692	40.10536	0.07692	0.07692	0.07692
597	2402	0.07692	0.07692	0.07692	0.07692	0.07692	373.07692	0.07692	0.07692	0.07692	0.07692	0.07692	0.07692	0.07692
598	2238	0.07692	0.07692	0.07692	0.07692	0.07692	373.07692	0.07692	0.07692	0.07692	0.07692	0.07692	0.07692	0.07692
599	2089	0.07692	0.07692	0.07692	0.07692	0.07692	373.07692	0.07692	0.07692	0.07692	0.07692	0.07692	0.07692	0.07692
600	2044	373.07692	0.07692	0.07692	0.07692	0.07692	0.07692	0.07692	0.07692	0.07692	0.07692	0.07692	0.07692	0.07692
601	2379	0.07692	0.07699	0.07692	0.07693	0.07692	0.07692	0.07692	0.07692	151.31309	221.84068	0.07692	0.07692	0.07692
602	2651	0.07692	0.07692	0.07692	0.07692	0.07692	0.07692	0.07692	0.07692	0.07692	373.07692	0.07692	0.07692	0.07692
603	2009	0.07692	0.07692	373.07692	0.07692	0.07692	0.07692	0.07692	0.07692	0.07692	0.07692	0.07692	0.07692	0.07692
604	2177	0.07692	0.07693	0.07692	334.46510	0.07692	0.07692	0.07692	0.07692	0.07692	38.68875	0.07692	0.07692	0.07692
605	2252	0.07692	0.07692	0.07692	373.07692	0.07692	0.07692	0.07692	0.07692	0.07692	0.07692	0.07692	0.07692	0.07692
606	2231	0.07692	0.07692	0.07692	0.07692	0.07692	373.07692	0.07692	0.07692	0.07692	0.07692	0.07692	0.07692	0.07692
607	2076	0.07692	0.07692	0.07692	0.07692	0.07692	0.07692	0.07692	0.07692	0.07692	23.58539	0.07692	0.07692	349.56846
608	2367	0.07692	0.07695	0.07692	154.94598	0.07692	0.07692	0.07692	0.07692	35.94690	182.33787	0.07692	0.07693	0.07692
609	2303	373.07692	0.07692	0.07692	0.07692	0.07692	0.07692	0.07692	0.07692	0.07692	0.07692	0.07692	0.07692	0.07692
610	2455	0.07692	0.07692	0.07692	0.07692	0.07692	373.07692	0.07692	0.07692	0.07692	0.07692	0.07692	0.07692	0.07692
611	2627	0.07692	0.07692	373.07692	0.07692	0.07692	0.07692	0.07692	0.07692	0.07692	0.07692	0.07692	0.07692	0.07692
612	2534	0.07692	0.07692	0.07692	0.07692	0.07692	373.07692	0.07692	0.07692	0.07692	0.07692	0.07692	0.07692	0.07692
613	2130	0.07692	0.07692	0.07692	0.07692	0.07692	373.07692	0.07692	0.07692	0.07692	0.07692	0.07692	0.07692	0.07692
614	2480	0.07692	0.07692	0.07692	0.07692	0.07692	0.07692	0.07692	0.07692	0.07692	373.07692	0.07692	0.07692	0.07692
615	2531	0.07692	247.58571	63.84267	14.38206	0.07692	0.07692	0.07692	0.07692	9.05517	38.51897	0.07692	0.07695	0.07692
616	2389	0.07692	214.41725	115.78162	27.95844	0.07692	0.07692	0.07692	0.07692	0.07692	15.15038	0.07692	0.07692	0.07692
617	2568	0.07692	0.07692	0.07692	373.07692	0.07692	0.07692	0.07692	0.07692	0.07692	0.07692	0.07692	0.07692	0.07692
618	2014	0.07692	0.07692	373.07692	0.07692	0.07692	0.07692	0.07692	0.07692	0.07692	0.07692	0.07692	0.07692	0.07692
619	1982	123.93011	0.07693	0.07692	160.29801	0.07692	0.07692	0.07692	0.07692	0.07692	23.96767	0.07692	0.07693	65.11188
620	2452	0.07692	0.07692	0.07692	0.07692	0.07692	0.07692	0.07692	0.07692	0.07692	373.07692	0.07692	0.07692	0.07692
621	2107	0.07692	0.07692	0.07692	0.07692	0.07692	373.07692	0.07692	0.07692	0.07692	0.07692	0.07692	0.07692	0.07692
622	2239	0.07692	345.97841	0.07692	0.07693	0.07692	0.07692	0.07692	0.07692	0.07692	27.17543	0.07692	0.07692	0.07692
623	2186	0.07692	0.07692	0.07692	0.07692	0.07692	0.07692	0.07692	0.07692	0.07692	373.07692	0.07692	0.07692	0.07692
624	2621	0.07692	0.07692	0.07692	0.07692	0.07692	373.07692	0.07692	0.07692	0.07692	0.07692	0.07692	0.07692	0.07692
625	2091	0.07692	0.07692	0.07692	0.07692	0.07692	373.07692	0.07692	0.07692	0.07692	0.07692	0.07692	0.07692	0.07692
626	2256	0.07692	0.07692	0.07692	0.07692	0.07692	0.07692	0.07692	0.07692	0.07692	373.07692	0.07692	0.07692	0.07692
627	2022	0.07692	0.07692	373.07692	0.07692	0.07692	0.07692	0.07692	0.07692	0.07692	0.07692	0.07692	0.07692	0.07692
628	2508	0.07692	365.26002	0.07692	0.07693	0.07692	0.07692	0.07692	0.07692	7.89382	0.07692	0.07692	0.07692	0.07692
629	1937	0.07692	0.07692	0.07692	0.07692	0.07692	373.07692	0.07692	0.07692	0.07692	0.07692	0.07692	0.07692	0.07692
630	2632	0.07692	0.07692	0.07692	0.07692	0.07692	373.07692	0.07692	0.07692	0.07692	0.07692	0.07692	0.07692	0.07692
631	2605	26.52546	276.15402	0.07692	34.67224	0.07692	0.07692	0.07692	0.07692	0.07692	35.95595	0.07692	0.07695	0.07692
632	2572	21.04552	308.13582	0.07692	44.04940	0.07692	0.07692	0.07692	0.07692	0.07692	0.07692	0.07692	0.07695	0.07692
633	2641	0.07692	0.07692	0.07692	0.07692	0.07692	0.07692	0.07692	0.07692	0.07692	373.07692	0.07692	0.07692	0.07692
634	2522	0.07692	281.34676	0.07692	91.80709	0.07692	0.07692	0.07692	0.07692	0.07692	0.07692	0.07692	0.07692	0.07692
635	2528	0.07692	0.07692	0.07692	0.07692	0.07692	373.07692	0.07692	0.07692	0.07692	0.07692	0.07692	0.07692	0.07692
636	2439	0.07692	0.07692	0.07692	0.07692	0.07692	373.07692	0.07692	0.07692	0.07692	0.07692	0.07692	0.07692	0.07692
637	2612	0.07692	0.07693	0.07692	0.07692	0.07692	16.66845	0.07692	0.07692	0.07692	356.48539	0.07692	0.07692	0.07692
638	2448	0.07692	0.07692	0.07692	0.07692	0.07692	373.07692	0.07692	0.07692	0.07692	0.07692	0.07692	0.07692	0.07692
639	1950	0.07692	0.07692	373.07692	0.07692	0.07692	0.07692	0.07692	0.07692	0.07692	0.07692	0.07692	0.07692	0.07692
640	2493	0.07692	0.07692	0.07692	0.07692	0.07692	0.07692	0.07692	0.07692	0.07692	373.07692	0.07692	0.07692	0.07692
641	2181	0.07692	0.07692	0.07692	0.07692	0.07692	373.07692	0.07692	0.07692	0.07692	0.07692	0.07692	0.07692	0.07692
642	2024	0.07692	0.07692	373.07692	0.07692	0.07692	0.07692	0.07692	0.07692	0.07692	0.07692	0.07692	0.07692	0.07692
643	2001	0.07692	0.07692	373.07692	0.07692	0.07692	0.07692	0.07692	0.07692	0.07692	0.07692	0.07692	0.07692	0.07692
644	2217	0.07692	0.07692	0.07692	0.07692	0.07692	373.07692	0.07692	0.07692	0.07692	0.07692	0.07692	0.07692	0.07692
645	1969	0.07692	373.07692	0.07692	0.07692	0.07692	0.07692	0.07692	0.07692	0.07692	0.07692	0.07692	0.07692	0.07692
646	2497	0.07692	0.07692	0.07692	0.07692	0.07692	373.07692	0.07692	0.07692	0.07692	0.07692	0.07692	0.07692	0.07692
647	2345	24.84705	0.07694	0.07692	169.34177	0.07692	0.07692	0.07692	0.07692	20.35463	158.76421	0.07692	0.07693	0.07692
648	2017	0.07692	0.07692	0.07692	0.07692	0.07692	87.31899	0.07692	0.07692	0.07692	99.33485	186.57692	0.07692	0.07692
649	2321	0.07692	0.07692	0.07692	0.07692	0.07692	211.65232	0.07692	0.07692	0.07692	161.50152	0.07692	0.07692	0.07692
650	2459	0.07692	0.07692	373.07692	0.07692	0.07692	0.07692	0.07692	0.07692	0.07692	0.07692	0.07692	0.07692	0.07692
651	2514	0.07692	0.07692	0.07692	0.07692	0.07692	0.07692	0.07692	0.07692	0.07692	373.07692	0.07692	0.07692	0.07692
652	2562	0.07692	0.07692	0.07692	0.07692	0.07692	373.07692	0.07692	0.07692	0.07692	0.07692	0.07692	0.07692	0.07692
653	2581	0.07693	0.07693	0.07692	0.07693	0.07692	0.07692	0.07692	0.07692	0.07692	291.99007	81.16359	0.07709	0.07692
654	2019	373.07692	0.07692	0.07692	0.07692	0.07692	0.07692	0.07692	0.07692	0.07692	0.07692	0.07692	0.07692	0.07692
655	2106	0.07692	0.07692	0.07692	0.07692	0.07692	0.07692	0.07692	0.07692	0.07692	0.07692	373.07692	0.07692	0.07692
656	2421	0.07692	0.07692	0.07692	0.07692	0.07692	0.07692	0.07692	0.07692	0.07692	0.07692	373.07692	0.07692	0.07692
657	2141	0.07692	0.07692	0.07692	0.07692	0.07692	0.07692	0.07692	0.07692	0.07692	373.07692	0.07692	0.07692	0.07692
658	2449	373.07692	0.07692	0.07692	0.07692	0.07692	0.07692	0.07692	0.07692	0.07692	0.07692	0.07692	0.07692	0.07692
659	2440	0.07692	0.07692	0.07692	0.07692	0.07692	373.07692	0.07692	0.07692	0.07692	0.07692	0.07692	0.07692	0.07692
660	2129	0.07692	0.07692	0.07692	0.07692	0.07692	373.07692	0.07692	0.07692	0.07692	0.07692	0.07692	0.07692	0.07692
661	2494	0.07692	0.07692	373.07692	0.07692	0.07692	0.07692	0.07692	0.07692	0.07692	0.07692	0.07692	0.07692	0.07692
662	2013	0.07692	0.07692	373.07692	0.07692	0.07692	0.07692	0.07692	0.07692	0.07692	0.07692	0.07692	0.07692	0.07692
663	2099	0.07692	198.47052	24.94359	0.07692	0.07692	149.81665	0.07692	0.07692	0.07692	0.07692	0.07692	0.07692	0.07692
664	1977	0.07692	0.07692	0.07692	0.07692	0.07692	0.07692	0.07692	0.07692	0.07692	373.07692	0.07692	0.07692	0.07692
665	2160	0.07692	0.07692	0.07692	0.07692	0.07692	373.07692	0.07692	0.07692	0.07692	0.07692	0.07692	0.07692	0.07692
666	2251	0.07692	0.07692	0.07692	0.07692	0.07692	373.07692	0.07692	0.07692	0.07692	0.07692	0.07692	0.07692	0.07692
667	2286	0.07692	0.07692	0.07692	0.07692	0.07692	373.07692	0.07692	0.07692	0.07692	0.07692	0.07692	0.07692	0.07692
668	2577	0.07692	0.07692	0.07692	0.07692	0.07692	373.07692	0.07692	0.07692	0.07692	0.07692	0.07692	0.07692	0.07692
669	2519	0.07692	361.11853	0.07692	12.03532	0.07692	0.07692	0.07692	0.07692	0.07692	0.07692	0.07692	0.07692	0.07692
670	1936	0.07692	0.07692	0.07692	0.07692	0.07692	373.07692	0.07692	0.07692	0.07692	0.07692	0.07692	0.07692	0.07692
671	2413	0.07692	322.45582	50.69802	0.07692	0.07692	0.07692	0.07692	0.07692	0.07692	0.07692	0.07692	0.07692	0.07692
672	2065	0.07692	0.07696	0.07692	0.07693	0.07692	0.07692	0.07692	0.07692	241.50399	0.07692	0.07692	131.64982	0.07692
673	2599	0.07692	373.07692	0.07692	0.07692	0.07692	0.07692	0.07692	0.07692	0.07692	0.07692	0.07692	0.07692	0.07692
674	2490	0.07692	0.07692	0.07692	0.07692	0.07692	0.07692	0.07692	0.07692	0.07692	0.07692	0.07692	0.07692	373.07692
675	2248	0.07692	0.07692	0.07692	0.07692	0.07692	373.07692	0.07692	0.07692	0.07692	0.07692	0.07692	0.07692	0.07692
676	2342	0.07692	0.07692	0.07692	0.07692	0.07692	373.07692	0.07692	0.07692	0.07692	0.07692	0.07692	0.07692	0.07692
677	1949	0.07692	0.07692	0.07692	0.07692	0.07692	373.07692	0.07692	0.07692	0.07692	0.07692	0.07692	0.07692	0.07692
678	1956	0.07692	0.07692	0.07692	0.07692	0.07692	0.07692	0.07692	0.07692	0.07692	0.07692	0.07692	0.07692	373.07692
679	2281	0.07692	0.07692	0.07692	0.07692	0.07692	0.07692	0.07692	0.07692	0.07692	0.07692	0.07692	0.07692	373.07692
680	2070	0.07692	0.07692	0.07692	0.07692	0.07692	373.07692	0.07692	0.07692	0.07692	0.07692	0.07692	0.07692	0.07692
681	2272	0.07692	0.07692	0.07692	0.07692	0.07692	0.07692	0.07692	0.07692	0.07692	373.07692	0.07692	0.07692	0.07692
682	2080	0.07692	0.07692	0.07692	0.07692	0.07692	373.07692	0.07692	0.07692	0.07692	0.07692	0.07692	0.07692	0.07692
683	2265	0.07692	0.07692	0.07692	0.07692	0.07692	0.07692	0.07692	0.07692	0.07692	373.07692	0.07692	0.07692	0.07692
684	2167	0.07692	0.07692	0.07692	0.07692	0.07692	0.07692	0.07692	0.07692	0.07692	0.07692	0.07692	0.07692	373.07692
685	2426	0.07692	22.01810	0.07692	0.07692	0.07692	0.07692	0.07692	0.07692	0.07692	0.07692	0.07692	0.07695	351.13572
686	2255	0.07692	0.07692	0.07692	0.07692	0.07692	0.07692	0.07692	0.07692	0.07692	41.86975	0.07692	0.07692	331.28410
687	2622	0.07692	0.07692	0.07692	0.07692	0.07692	0.07692	0.07692	0.07692	0.07692	0.07692	0.07692	0.07692	373.07692
688	2524	334.57393	0.07703	0.07692	0.07692	0.07692	0.07692	0.07692	0.07692	38.57977	0.07692	0.07692	0.07696	0.07692
689	2008	0.07692	0.07692	0.07692	0.07692	0.07692	373.07692	0.07692	0.07692	0.07692	0.07692	0.07692	0.07692	0.07692
690	2173	0.07692	0.07692	0.07692	0.07692	0.07692	373.07692	0.07692	0.07692	0.07692	0.07692	0.07692	0.07692	0.07692
691	1915	0.07692	0.07692	0.07692	0.07692	0.07692	373.07692	0.07692	0.07692	0.07692	0.07692	0.07692	0.07692	0.07692
692	2614	0.07692	0.07692	0.07692	0.07692	0.07692	373.07692	0.07692	0.07692	0.07692	0.07692	0.07692	0.07692	0.07692
693	2023	0.07692	0.07692	0.07692	0.07692	0.07692	373.07692	0.07692	0.07692	0.07692	0.07692	0.07692	0.07692	0.07692
694	2193	0.07692	0.07692	0.07692	0.07692	0.07692	373.07692	0.07692	0.07692	0.07692	0.07692	0.07692	0.07692	0.07692
695	2422	0.07692	0.07692	0.07692	0.07692	0.07692	373.07692	0.07692	0.07692	0.07692	0.07692	0.07692	0.07692	0.07692
696	2441	0.07692	0.07692	0.07692	0.07692	0.07692	373.07692	0.07692	0.07692	0.07692	0.07692	0.07692	0.07692	0.07692
697	1961	0.07692	0.07694	0.07692	62.24357	0.07692	66.13931	0.07692	0.07692	0.07692	0.07692	0.07692	0.07692	244.84788
698	2505	0.07692	0.07692	0.07692	0.07692	0.07692	0.07692	0.07692	0.07692	0.07692	373.07692	0.07692	0.07692	0.07692
699	2094	0.07692	0.07692	0.07692	0.07692	0.07692	0.07692	0.07692	0.07692	0.07692	0.07692	0.07692	0.07692	373.07692
700	2036	0.07692	0.07692	0.07692	0.07692	0.07692	0.07692	0.07692	0.07692	0.07692	373.07692	0.07692	0.07692	0.07692
701	2656	0.07692	0.07692	0.07692	0.07692	0.07692	323.94160	0.07692	0.07692	0.07692	49.21224	0.07692	0.07692	0.07692
702	2100	0.07692	0.07692	0.07692	0.07692	0.07692	373.07692	0.07692	0.07692	0.07692	0.07692	0.07692	0.07692	0.07692
703	2277	0.07692	0.07693	0.07692	0.07692	0.07692	295.99775	0.07692	0.07692	0.07692	77.15610	0.07692	0.07692	0.07692
704	2580	0.07692	0.07692	0.07692	0.07692	0.07692	373.07692	0.07692	0.07692	0.07692	0.07692	0.07692	0.07692	0.07692
705	1974	0.07692	0.07692	0.07692	0.07692	0.07692	0.07692	0.07692	0.07692	0.07692	373.07692	0.07692	0.07692	0.07692
706	2380	0.07692	0.07692	0.07692	0.07692	0.07692	373.07692	0.07692	0.07692	0.07692	0.07692	0.07692	0.07692	0.07692
707	2301	0.07692	0.07692	0.07692	0.07692	0.07692	66.70872	0.07692	0.07692	0.07692	0.07692	0.07692	0.07692	306.44513
708	2182	0.07692	0.07692	0.07692	0.07692	0.07692	0.07692	0.07692	0.07692	0.07692	373.07692	0.07692	0.07692	0.07692
709	2175	0.07692	0.07693	0.07692	0.07692	0.07692	118.25768	0.07692	0.07692	0.07692	254.89616	0.07692	0.07692	0.07692
710	2481	0.07692	0.07692	0.07692	0.07692	0.07692	0.07692	0.07692	0.07692	0.07692	0.07692	0.07692	0.07692	373.07692
711	2515	0.07692	0.07692	0.07692	0.07692	0.07692	0.07692	0.07692	0.07692	0.07692	0.07692	0.07692	0.07692	373.07692
712	2488	0.07692	0.07692	0.07692	0.07692	0.07692	373.07692	0.07692	0.07692	0.07692	0.07692	0.07692	0.07692	0.07692
713	2015	0.07692	0.07692	0.07692	0.07692	0.07692	373.07692	0.07692	0.07692	0.07692	0.07692	0.07692	0.07692	0.07692
714	2312	0.07692	320.12342	26.84958	0.07692	0.07692	0.07692	0.07692	0.07692	0.07692	26.25777	0.07692	0.07692	0.07692
715	2635	0.07693	266.97583	0.07692	0.07693	0.07692	0.07692	0.07692	0.07692	106.17801	0.07693	0.07692	0.07692	0.07692
716	2051	0.07692	0.07692	0.07692	0.07692	0.07692	373.07692	0.07692	0.07692	0.07692	0.07692	0.07692	0.07692	0.07692
717	2262	373.07692	0.07692	0.07692	0.07692	0.07692	0.07692	0.07692	0.07692	0.07692	0.07692	0.07692	0.07692	0.07692
718	2305	0.07692	373.07692	0.07692	0.07692	0.07692	0.07692	0.07692	0.07692	0.07692	0.07692	0.07692	0.07692	0.07692
719	2230	0.07692	0.07692	0.07692	0.07692	0.07692	373.07692	0.07692	0.07692	0.07692	0.07692	0.07692	0.07692	0.07692
720	2034	0.07692	0.07692	0.07692	0.07692	0.07692	213.21978	0.07692	0.07692	0.07692	0.07692	159.93407	0.07692	0.07692
721	2527	0.07692	0.07692	0.07692	0.07692	0.07692	0.07692	0.07692	373.07692	0.07692	0.07692	0.07692	0.07692	0.07692
722	2227	0.07692	0.07692	0.07692	0.07692	0.07692	373.07692	0.07692	0.07692	0.07692	0.07692	0.07692	0.07692	0.07692
723	2113	0.07692	0.07692	0.07692	0.07692	0.07692	373.07692	0.07692	0.07692	0.07692	0.07692	0.07692	0.07692	0.07692
724	1996	0.07692	0.07692	0.07692	0.07692	0.07692	0.07692	0.07692	0.07692	0.07692	0.07692	373.07692	0.07692	0.07692
725	2541	0.07692	0.07692	0.07692	0.07692	0.07692	373.07692	0.07692	0.07692	0.07692	0.07692	0.07692	0.07692	0.07692
726	2358	0.07692	0.07692	0.07692	0.07692	0.07692	373.07692	0.07692	0.07692	0.07692	0.07692	0.07692	0.07692	0.07692
727	2431	0.07692	0.07692	0.07692	0.07692	0.07692	373.07692	0.07692	0.07692	0.07692	0.07692	0.07692	0.07692	0.07692
728	2373	0.07692	0.07692	0.07692	0.07692	0.07692	373.07692	0.07692	0.07692	0.07692	0.07692	0.07692	0.07692	0.07692
729	2548	0.07692	0.07692	0.07692	0.07692	0.07692	373.07692	0.07692	0.07692	0.07692	0.07692	0.07692	0.07692	0.07692
730	2085	0.07692	0.07692	0.07692	0.07692	0.07692	74.25920	0.07692	0.07692	0.07692	298.89465	0.07692	0.07692	0.07692
731	2382	0.07692	0.07692	0.07692	0.07692	0.07692	373.07692	0.07692	0.07692	0.07692	0.07692	0.07692	0.07692	0.07692
732	2263	0.07692	0.07692	0.07692	0.07692	0.07692	373.07692	0.07692	0.07692	0.07692	0.07692	0.07692	0.07692	0.07692
733	2595	0.07692	0.07692	0.07692	0.07692	0.07692	0.07692	0.07692	373.07692	0.07692	0.07692	0.07692	0.07692	0.07692
734	1924	0.07692	0.07692	0.07692	0.07692	0.07692	0.07692	0.07692	0.07692	0.07692	0.07692	0.07692	0.07692	373.07692
735	2388	0.07692	0.07692	0.07692	0.07692	0.07692	373.07692	0.07692	0.07692	0.07692	0.07692	0.07692	0.07692	0.07692
736	2565	0.07692	0.07692	0.07692	0.07692	0.07692	0.07692	0.07692	0.07692	0.07692	0.07692	373.07692	0.07692	0.07692
737	563	0.07692	0.07692	0.07692	0.07692	0.07692	0.07692	0.07692	0.07692	373.07692	0.07692	0.07692	0.07692	0.07692
738	1967	0.07692	0.07692	0.07692	0.07692	0.07692	0.07692	0.07692	0.07692	373.07692	0.07692	0.07692	0.07692	0.07692
739	2483	0.07692	0.07692	0.07692	0.07692	0.07692	0.07692	0.07692	373.07692	0.07692	0.07692	0.07692	0.07692	0.07692
740	2634	0.07692	0.07692	0.07692	0.07692	0.07692	186.57692	0.07692	0.07692	0.07692	0.07692	93.32692	0.07692	93.32692
741	2204	0.07692	0.07692	0.07692	0.07692	0.07692	0.07692	0.07692	0.07692	0.07692	0.07692	373.07692	0.07692	0.07692
742	2168	0.07692	0.07692	0.07692	0.07692	0.07692	0.07692	0.07692	0.07692	0.07692	0.07692	373.07692	0.07692	0.07692
743	2219	0.07692	0.07692	0.07692	0.07692	0.07692	0.07692	0.07692	0.07692	0.07692	373.07692	0.07692	0.07692	0.07692
744	2442	0.07692	0.07692	0.07692	0.07692	0.07692	0.07692	0.07692	0.07692	0.07692	0.07692	0.07692	0.07692	373.07692
745	2437	0.07692	0.07692	0.07692	0.07692	0.07692	0.07692	0.07692	0.07692	0.07692	0.07692	373.07692	0.07692	0.07692
746	428	0.07692	0.07692	0.07692	0.07692	0.07692	0.07692	0.07692	0.07692	373.07692	0.07692	0.07692	0.07692	0.07692
