1465 1917 1918 1925 1929 1938 1941 1942 1943 1946 1952 1953 1959 1962 1963 1966 1971 1979 1982 1983 1984 1985 1986 1987 1989 1993 1997 2005 2007 2019 2020 2021 2026 2030 2033 2037 2040 2043 2044 2045 2046 2048 2055 2056 2057 2058 2059 2060 2062 2063 2064 2065 2067 2069 2071 2073 2074 2077 2078 2081 2083 2084 2086 2088 2090 2092 2093 2095 2098 2103 2104 2108 2109 2112 2115 2116 2118 2121 2122 2123 2124 2128 2131 2136 2137 2139 2140 2142 2147 2150 2154 2163 2164 2165 2172 2179 2184 2188 2189 2190 2194 2200 2201 2206 2207 2208 2210 2212 2213 2214 2215 2216 2218 2220 2229 2233 2234 2237 2240 2242 2244 2253 2257 2258 2261 2262 2266 2271 2272 2275 2276 2278 2287 2288 2290 2291 2292 2293 2299 2300 2302 2303 2306 2307 2308 2309 2311 2323 2324 2326 2328 2329 2331 2333 2334 2339 2340 2345 2347 2348 2350 2352 2353 2354 2356 2359 2363 2369 2370 2374 2376 2381 2383 2384 2385 2386 2387 2391 2392 2393 2395 2398 2401 2404 2407 2408 2409 2410 2414 2418 2423 2426 2427 2428 2429 2430 2433 2438 2442 2443 2446 2449 2454 2460 2462 2464 2467 2468 2469 2471 2476 2477 2478 2482 2484 2485 2489 2492 2495 2499 2500 2501 2504 2506 2507 2512 2518 2520 2521 2524 2526 2527 2530 2531 2532 2533 2536 2539 2542 2543 2544 2545 2546 2547 2549 2550 2551 2552 2553 2554 2556 2559 2560 2561 2563 2564 2567 2572 2573 2574 2575 2576 2578 2579 2581 2584 2586 2590 2591 2592 2593 2594 2597 2600 2601 2602 2604 2605 2606 2607 2611 2613 2615 2616 2619 2622 2623 2624 2625 2629 2630 2631 2638 2646 2654 2655 
136 1914 1919 1921 1927 1928 1931 1935 1950 1951 1954 1957 1958 1968 1972 1973 1976 1980 1991 1995 1998 1999 2000 2001 2004 2006 2009 2011 2012 2013 2014 2016 2018 2022 2024 2025 2027 2050 2061 2097 2116 2130 2143 2145 2157 2159 2171 2192 2202 2225 2268 2284 2297 2337 2341 2346 2357 2364 2365 2378 2389 2417 2435 2447 2459 2472 2494 2531 2534 2538 2571 2583 2585 2620 2626 2627 2633 2636 2639 2640 2645 2647 2648 2657 2658 2659 2660 
1923 1934 1944 1952 1964 1965 1974 1977 1996 2017 2029 2031 2034 2036 2041 2048 2066 2076 2080 2085 2107 2126 2133 2141 2145 2155 2162 2176 2178 2182 2185 2186 2197 2205 2209 2211 2214 2219 2226 2228 2242 2256 2265 2270 2272 2277 2288 2291 2296 2298 2310 2313 2318 2321 2322 2325 2341 2345 2357 2362 2366 2367 2406 2416 2425 2452 2453 2480 2493 2505 2514 2517 2523 2525 2540 2557 2565 2566 2581 2610 2612 2634 2637 2641 2642 2651 2656 
136 1465 1577 1718 1913 1916 1920 1921 1923 1924 1926 1930 1932 1939 1940 1941 1944 1945 1947 1948 1952 1954 1955 1959 1961 1964 1965 1969 1970 1972 1973 1974 1975 1976 1981 1982 1985 1987 1988 1994 2002 2003 2007 2008 2009 2010 2026 2028 2029 2031 2032 2036 2038 2039 2042 2047 2048 2052 2053 2054 2057 2060 2062 2065 2066 2068 2071 2072 2075 2080 2081 2082 2085 2087 2096 2099 2101 2102 2107 2110 2111 2114 2116 2117 2125 2126 2127 2128 2132 2133 2134 2135 2137 2138 2141 2142 2143 2144 2145 2148 2149 2151 2153 2155 2161 2163 2166 2169 2170 2174 2175 2176 2177 2180 2183 2185 2186 2187 2189 2191 2193 2194 2196 2198 2199 2203 2205 2208 2209 2210 2211 2214 2215 2221 2222 2223 2224 2226 2228 2230 2231 2232 2233 2235 2239 2241 2242 2243 2246 2247 2249 2250 2252 2254 2259 2260 2264 2265 2266 2267 2268 2272 2273 2274 2277 2279 2280 2282 2283 2285 2288 2289 2291 2292 2293 2294 2295 2296 2298 2302 2304 2305 2310 2312 2313 2315 2316 2317 2318 2319 2322 2324 2325 2327 2328 2330 2332 2333 2336 2338 2342 2343 2344 2345 2347 2350 2351 2355 2358 2361 2362 2366 2367 2368 2372 2377 2379 2384 2385 2387 2389 2390 2392 2394 2396 2398 2399 2400 2401 2406 2413 2415 2416 2417 2419 2420 2425 2426 2427 2429 2432 2434 2436 2438 2440 2443 2445 2448 2449 2451 2452 2453 2455 2458 2459 2461 2462 2463 2465 2466 2468 2471 2472 2473 2474 2475 2479 2480 2490 2491 2493 2496 2498 2501 2502 2508 2509 2510 2511 2512 2514 2516 2517 2518 2519 2522 2524 2525 2526 2529 2530 2531 2533 2536 2537 2543 2544 2547 2555 2557 2558 2566 2567 2568 2571 2572 2580 2581 2582 2588 2589 2592 2594 2597 2598 2599 2603 2605 2608 2609 2610 2612 2614 2616 2617 2618 2628 2629 2635 2637 2641 2642 2643 2649 2652 2653 
2222 2651 
1924 1982 1988 1992 2076 2170 2207 2255 2259 2320 2349 2401 2426 2432 2443 2444 2453 2466 2486 2490 2513 2515 2545 2622 2650 
1930 1933 1934 1936 1960 1961 1964 1965 1975 1990 2023 2035 2041 2047 2049 2051 2070 2080 2082 2085 2089 2091 2099 2105 2107 2114 2119 2120 2126 2129 2130 2145 2146 2152 2156 2158 2160 2162 2166 2173 2181 2193 2197 2217 2227 2228 2230 2231 2236 2238 2248 2251 2260 2263 2277 2286 2313 2314 2316 2317 2321 2322 2335 2341 2342 2357 2358 2360 2361 2366 2371 2373 2376 2380 2388 2397 2402 2403 2405 2411 2412 2422 2424 2433 2440 2441 2443 2448 2450 2456 2474 2488 2497 2523 2534 2540 2558 2562 2570 2577 2580 2587 2612 2614 2618 2628 2632 2644 2656 2659 
2204 2421 
1930 1936 1965 1975 1978 1990 2047 2049 2080 2107 2152 2173 2175 2178 2193 2227 2248 2277 2286 2314 2316 2335 2361 2373 2397 2403 2405 2474 2497 2503 2534 
1915 1922 1933 1937 1949 1990 2008 2015 2034 2091 2105 2107 2114 2120 2126 2129 2130 2146 2152 2156 2160 2162 2173 2181 2197 2236 2238 2251 2260 2277 2301 2317 2321 2341 2357 2360 2361 2373 2388 2405 2412 2424 2455 2535 2577 2587 2659 
2051 2100 2113 2217 2227 2263 2313 2375 2422 2431 2439 2441 2450 2528 2548 2558 2614 2621 2632 
2034 2421 
1956 1961 2094 2167 2245 2281 2301 2481 2487 2535 2570 2634 
2483 2527 2595 
2106 2421 
2017 2034 2106 2168 2204 2421 2437 2634 
