0	2290	0.09091	0.09091	373.09091	0.09091	0.09091	0.09091	0.09091	0.09091	0.09091	0.09091	0.09091
1	2363	0.09091	0.09091	368.56392	0.09092	0.09091	0.09125	2.35792	0.09091	0.09091	2.35053	0.09091
2	2346	0.09091	0.09091	0.09091	0.09091	373.09091	0.09091	0.09091	0.09091	0.09091	0.09091	0.09091
3	2025	0.09091	0.09091	0.09091	0.09091	373.09091	0.09091	0.09091	0.09091	0.09091	0.09091	0.09091
4	2140	0.09091	0.09091	370.83510	0.09091	0.09091	0.09094	2.34668	0.09091	0.09091	0.09091	0.09091
5	2428	0.09091	0.09091	357.13638	0.09093	0.09091	2.88190	11.12695	0.09091	0.09091	2.21838	0.09091
6	2201	0.09091	0.09091	369.06918	0.09091	0.09091	0.09091	3.25691	0.09091	0.09091	0.94663	0.09091
7	2506	0.09091	0.09091	360.70335	0.09091	0.09091	0.09091	9.40006	0.09091	0.09102	3.16920	0.09091
8	2425	0.09091	10.74805	0.09093	0.09094	0.09091	0.09091	0.09091	54.48040	0.09092	0.09091	308.04421
9	2557	0.09091	0.09091	0.09091	0.09091	0.09091	0.09091	0.09091	0.09091	0.09091	0.09091	373.09091
10	2532	0.09091	0.09091	369.50373	0.09091	0.09091	0.09091	3.67809	0.09091	0.09091	0.09091	0.09091
11	2073	0.09091	0.09091	367.25915	0.09091	0.09091	1.20722	0.09092	0.09091	0.09091	4.80635	0.09091
12	2278	0.09091	0.09091	357.81474	0.09107	0.09091	0.09092	2.28229	0.09092	9.89016	3.37616	0.09101
13	2551	0.09091	0.09091	363.52735	0.09094	0.09091	0.09091	0.09091	0.09091	5.57894	4.16640	0.09091
14	2077	0.09091	0.09091	373.09091	0.09091	0.09091	0.09091	0.09091	0.09091	0.09091	0.09091	0.09091
15	2369	0.09091	0.09091	365.42711	0.09094	0.09091	1.59661	2.07589	0.09091	0.09091	4.26399	0.09091
16	1465	0.09091	0.09091	0.09094	317.97834	0.09091	0.09091	0.09091	0.09091	55.20344	0.09091	0.09091
17	2592	0.09091	0.09091	0.09092	269.48248	0.09091	0.09091	0.09091	4.19068	77.95551	0.09091	21.73495
18	2046	0.09091	0.09091	370.01551	0.09092	0.09091	0.09091	0.09091	0.09091	0.09091	3.16630	0.09091
19	1941	0.09091	0.09091	0.09217	153.62453	0.09091	0.09091	0.09092	7.17058	45.01432	167.55292	0.09092
20	2518	0.09091	0.09091	0.09147	276.35944	0.09091	0.09091	0.09094	0.09091	0.09091	20.50441	76.40827
21	2132	0.09091	0.09091	0.09098	248.35556	0.09091	0.09091	0.09091	0.09091	0.09091	0.09091	124.82618
22	2650	0.09091	373.09091	0.09091	0.09091	0.09091	0.09091	0.09091	0.09091	0.09091	0.09091	0.09091
23	2207	0.09091	373.09091	0.09091	0.09091	0.09091	0.09091	0.09091	0.09091	0.09091	0.09091	0.09091
24	2553	0.09091	2.27258	370.90924	0.09091	0.09091	0.09091	0.09091	0.09091	0.09091	0.09091	0.09091
25	2078	0.09091	0.09091	363.81630	0.09091	0.09091	0.09092	4.44256	0.09091	0.09095	5.01382	0.09091
26	2203	0.09091	0.09091	0.09091	373.09091	0.09091	0.09091	0.09091	0.09091	0.09091	0.09091	0.09091
27	2143	0.09091	0.09091	0.09092	283.46719	62.42125	0.09091	0.09091	0.09091	27.38428	0.09091	0.09091
28	2224	0.09091	0.09091	0.09091	346.58408	0.09091	0.09091	0.09091	9.61957	17.06906	0.09091	0.09092
29	2510	0.09091	2.83428	0.09091	330.28442	0.09091	0.09091	0.09091	13.64600	25.71179	0.09091	0.97805
30	2240	0.09091	0.09091	361.74831	0.09093	0.09091	1.51658	7.10218	0.09091	0.09091	2.99654	0.09091
31	2563	0.09091	0.09091	366.20878	0.09092	0.09091	2.65920	0.09091	0.09091	0.09091	4.40473	0.09091
32	2122	0.09091	0.09091	373.09091	0.09091	0.09091	0.09091	0.09091	0.09091	0.09091	0.09091	0.09091
33	2118	0.09091	0.09091	367.02956	0.09091	0.09091	1.26865	3.83187	0.09091	0.09091	1.23356	0.09091
34	1944	0.09091	0.09091	0.09091	0.09091	0.09091	0.09091	0.09091	0.09091	0.09091	0.09091	373.09091
35	2117	13.79932	0.09091	0.09091	253.54165	0.09091	0.09091	0.09091	14.69870	40.38998	0.09091	51.02489
36	2611	0.09091	0.09091	339.96960	0.09095	0.09091	1.42312	25.33375	0.09091	0.09091	6.63713	0.09092
37	2184	0.09091	0.09091	358.60630	0.09092	0.09091	0.70766	11.02047	0.09091	0.09091	3.02920	0.09091
38	2354	0.09091	0.09091	364.55809	0.09091	0.09091	3.89015	0.09091	0.09091	0.09091	4.82448	0.09091
39	2169	0.09091	0.09091	0.09091	365.10307	0.09091	0.09091	0.09091	0.09091	8.07874	0.09091	0.09091
40	2283	11.87573	0.09091	0.09091	300.21248	0.09091	0.09091	0.09091	0.09092	37.88590	0.09091	23.38952
41	2620	0.09091	0.09091	0.09091	0.09091	373.09091	0.09091	0.09091	0.09091	0.09091	0.09091	0.09091
42	1998	0.09091	0.09091	0.09091	0.09091	373.09091	0.09091	0.09091	0.09091	0.09091	0.09091	0.09091
43	2654	0.09091	0.09091	373.09091	0.09091	0.09091	0.09091	0.09091	0.09091	0.09091	0.09091	0.09091
44	2646	0.09091	0.09091	353.10696	0.09108	0.09091	4.57278	11.20458	0.09091	0.09091	4.47912	0.09092
45	2228	373.09091	0.09091	0.09091	0.09091	0.09091	0.09091	0.09091	0.09091	0.09091	0.09091	0.09091
46	2082	351.14975	0.09091	0.09091	0.09094	0.09091	0.09091	0.09091	22.03203	0.09091	0.09091	0.09091
47	1979	0.09091	0.09091	366.57889	0.09092	0.09091	2.02755	2.33750	0.09091	0.09091	2.41969	0.09091
48	2484	0.09091	0.09091	373.09091	0.09091	0.09091	0.09091	0.09091	0.09091	0.09091	0.09091	0.09091
49	2257	0.09091	0.09091	360.82363	0.09091	0.09091	3.95452	3.64980	0.09091	0.09091	4.93567	0.09091
50	2005	0.09091	0.09091	368.19023	0.09092	0.09091	2.36232	0.09091	0.09091	0.09091	2.72017	0.09091
51	2560	0.09091	0.09091	348.73583	0.09096	0.09091	1.59519	0.62285	3.93068	14.84347	3.81738	0.09092
52	1962	0.09091	0.09091	371.06588	0.09091	0.09091	0.09094	2.11590	0.09091	0.09091	0.09091	0.09091
53	2206	0.09091	0.09091	364.04557	0.09091	0.09091	0.77098	5.34961	0.09091	0.09091	3.19746	0.09091
54	2520	0.09091	0.09091	363.89917	0.09093	0.09091	2.10142	7.27212	0.09091	0.09091	0.09091	0.09091
55	2104	0.09091	0.09091	370.99374	0.09092	0.09091	0.09124	0.09091	0.09091	0.09091	2.18774	0.09091
56	2602	0.09091	0.09091	357.64461	0.09095	0.09091	0.09092	10.89888	0.09091	0.09091	4.72917	0.09092
57	2521	0.09091	0.09091	365.04084	0.09095	0.09091	2.42035	0.09091	0.09091	0.09096	5.81144	0.09091
58	2233	0.09091	0.09091	342.24965	25.55915	0.09091	3.24276	0.09092	0.09092	0.09091	2.31204	0.09092
59	2200	0.09091	0.09091	364.34956	0.09091	0.09091	1.10085	7.26208	0.09091	0.09091	0.65114	0.09091
60	2294	0.09091	0.09091	0.09091	307.48072	0.09091	0.09091	0.09091	0.09091	4.22460	0.09091	61.56741
61	1981	0.09091	0.09091	0.09091	0.09091	0.09091	0.09091	0.09091	0.09091	0.09091	0.09091	373.09091
62	2187	0.09091	0.09091	0.09091	332.77807	0.09091	0.09091	0.09091	5.54683	34.94782	0.09091	0.09092
63	1916	0.09091	0.09091	0.09091	351.89787	0.09091	0.09091	0.09091	0.09091	0.09091	0.09091	21.28395
64	1945	0.09091	0.09091	0.09091	320.13380	0.09091	0.09091	0.09091	23.34926	29.78965	0.09091	0.09092
65	1959	0.09091	0.09091	0.09093	244.45475	0.09091	0.09091	0.09091	3.66594	64.64616	0.09091	60.59675
66	1971	0.09091	0.09091	366.57759	0.09092	0.09091	1.17211	2.95972	0.09091	0.09091	2.65420	0.09091
67	2436	0.09091	0.09091	0.09091	362.11857	0.09091	0.09091	0.09091	0.09091	11.06325	0.09091	0.09091
68	2042	0.09091	0.09091	0.09091	327.38696	0.09091	0.09091	0.09091	4.15562	41.73014	0.09091	0.09091
69	2084	0.09091	0.09091	340.35529	0.09091	0.09091	0.09399	32.82333	0.09091	0.09091	0.09100	0.09092
70	2624	0.09091	0.09091	365.09338	0.09091	0.09091	1.66425	0.09092	4.08113	0.09091	2.52487	0.09091
71	2364	0.09091	0.09091	0.09091	0.09091	373.09091	0.09091	0.09091	0.09091	0.09091	0.09091	0.09091
72	1991	0.09091	0.09091	0.09091	0.09091	373.09091	0.09091	0.09091	0.09091	0.09091	0.09091	0.09091
73	2110	0.09091	0.09091	0.09091	0.09091	0.09091	0.09091	0.09091	0.09091	0.09091	0.09091	373.09091
74	2029	11.90371	0.09091	0.09091	0.09093	0.09091	0.09091	0.09091	0.09091	0.09091	0.09091	361.27808
75	2607	0.09091	0.09091	365.30541	0.09094	0.09091	0.99702	2.51877	0.09091	0.09091	4.54241	0.09091
76	2649	0.09091	0.09091	0.09091	349.45627	0.09091	0.09091	0.09091	13.88574	9.93070	0.09091	0.09093
77	2087	0.09091	0.09091	0.09091	321.84084	0.09091	0.09091	0.09091	0.09091	51.34097	0.09091	0.09091
78	2188	0.09091	0.09091	361.39976	0.09091	0.09091	3.06158	5.47684	0.09091	0.09091	3.42544	0.09091
79	2477	0.09091	0.09091	369.73685	0.09091	0.09091	3.44497	0.09091	0.09091	0.09091	0.09091	0.09091
80	2386	0.09091	0.09091	370.36257	0.09091	0.09091	0.09096	2.81919	0.09091	0.09091	0.09091	0.09091
81	2543	0.09091	0.09091	198.03578	137.46372	0.09091	0.23065	0.09092	5.40963	30.86878	1.53687	0.09092
82	2604	0.09091	2.00402	363.46655	0.09094	0.09091	0.90427	4.84307	0.09091	0.09092	2.23660	0.09091
83	2561	0.09091	0.09091	355.86116	0.09091	0.09091	0.23165	10.14458	0.09091	0.09094	7.12621	0.09091
84	2433	2.64570	0.09091	370.53611	0.09091	0.09091	0.09091	0.09091	0.09091	0.09091	0.09091	0.09091
85	2496	0.09091	0.09091	0.09091	0.09091	0.09091	0.09091	0.09091	0.09091	373.09091	0.09091	0.09091
86	2153	0.09091	0.09091	0.09091	327.96435	0.09091	0.09091	0.09091	0.09091	45.21746	0.09091	0.09091
87	2536	0.09091	0.09091	348.44712	12.33494	0.09091	0.09091	6.32682	0.09091	0.09096	6.25470	0.09091
88	2482	0.09091	0.09091	363.54548	0.09091	0.09091	0.09103	5.99922	0.09091	0.09091	3.72790	0.09091
89	2512	0.09091	0.09091	0.09111	302.74889	0.09091	0.09091	51.43949	0.09091	10.78250	0.09091	8.39255
90	2010	0.09091	0.09091	0.09091	373.09091	0.09091	0.09091	0.09091	0.09091	0.09091	0.09091	0.09091
91	2103	0.09091	0.09091	360.75778	0.09091	0.09091	1.68071	5.02164	0.09091	0.09091	5.90350	0.09091
92	2253	0.09091	0.09091	368.27072	0.09092	0.09091	0.09173	2.50457	0.09091	0.09091	2.49660	0.09091
93	2500	0.09091	0.09091	373.09091	0.09091	0.09091	0.09091	0.09091	0.09091	0.09091	0.09091	0.09091
94	2063	0.09091	0.09091	359.49390	0.09094	0.09091	1.72374	4.91406	0.09091	6.10014	1.22266	0.09091
95	2509	0.09091	0.09091	0.09104	299.91941	0.09091	0.09091	0.09091	0.09091	8.09389	0.09091	65.25930
96	2399	0.09091	15.01893	0.09091	330.42711	0.09091	0.09091	0.09091	0.09091	0.09091	0.09091	27.82668
97	2150	0.09091	0.09091	359.17996	0.09093	0.09091	2.76845	2.64210	0.09091	0.09091	8.77310	0.09091
98	2030	0.09091	0.09091	369.04934	0.09092	0.09091	0.09091	2.11460	0.09091	0.09091	2.10878	0.09091
99	2374	0.09091	0.09091	373.09091	0.09091	0.09091	0.09091	0.09091	0.09091	0.09091	0.09091	0.09091
100	1986	0.09091	0.09091	365.56680	0.09091	0.09091	0.09095	7.61497	0.09091	0.09091	0.09091	0.09091
101	2630	0.09091	0.09091	368.71821	0.09092	0.09091	0.09091	2.28134	0.09091	0.09091	2.27317	0.09091
102	2376	2.19824	0.09091	362.46331	0.09091	0.09091	1.97959	6.72248	0.09091	0.09091	0.09091	0.09091
103	2326	0.09091	0.09091	368.86466	0.09091	0.09091	2.14114	2.26693	0.09091	0.09091	0.09091	0.09091
104	2172	0.09091	0.09091	365.24189	0.09091	0.09091	1.82634	5.74046	0.09091	0.09091	0.55494	0.09091
105	2133	8.99860	0.09091	0.09095	268.09714	0.09091	0.09091	0.09091	45.68168	7.31057	0.09091	43.36652
106	2296	0.09091	0.09091	0.09091	0.09094	0.09091	0.09091	0.09091	321.86139	0.09091	0.09091	51.32040
107	2626	0.09091	0.09091	0.09091	0.09091	373.09091	0.09091	0.09091	0.09091	0.09091	0.09091	0.09091
108	2097	0.09091	0.09091	0.09091	0.09091	373.09091	0.09091	0.09091	0.09091	0.09091	0.09091	0.09091
109	2093	0.09091	2.21057	364.56741	0.09092	0.09091	1.34631	2.80140	0.09091	0.09091	2.52884	0.09091
110	2391	0.09091	0.09091	295.72028	0.09091	0.09091	0.09199	77.46046	0.09091	0.09091	0.09091	0.09091
111	2275	0.09091	0.09091	369.01765	0.09092	0.09091	1.73493	0.09091	0.09091	0.09091	2.52013	0.09091
112	1984	0.09091	0.09091	366.66554	0.09091	0.09091	0.09091	6.51628	0.09091	0.09091	0.09091	0.09091
113	2347	0.09091	0.09091	224.87319	125.09891	0.09091	0.34651	0.09092	0.09091	23.04308	0.09283	0.09091
114	2550	0.09091	4.74446	359.11081	0.09096	0.09091	0.09091	2.85892	0.09091	0.09091	6.64939	0.09091
115	2047	56.68874	0.09091	0.09091	198.41163	0.09091	0.09091	0.09091	44.18323	45.13457	0.09091	29.03637
116	1932	0.09091	0.09091	0.09091	343.21564	0.09091	0.09091	0.09091	0.09091	29.96618	0.09091	0.09091
117	2655	0.09091	0.09091	370.83522	0.09091	0.09091	0.09091	2.34660	0.09091	0.09091	0.09091	0.09091
118	1994	0.09091	0.09091	0.09091	0.09091	0.09091	0.09091	0.09091	0.09091	373.09091	0.09091	0.09091
119	2292	0.09091	0.09091	0.09094	293.09863	0.09091	0.09091	0.09091	11.40856	59.39546	0.09091	9.46096
120	2109	0.09091	0.09091	373.09091	0.09091	0.09091	0.09091	0.09091	0.09091	0.09091	0.09091	0.09091
121	2040	0.09091	0.09091	353.18946	0.09092	0.09091	2.04765	2.65843	0.09091	12.03741	3.52157	0.09091
122	2086	0.09091	0.09091	364.66391	0.09095	0.09091	1.97191	5.28633	0.09091	0.09092	1.44144	0.09091
123	2460	0.09091	0.09091	364.12458	0.09091	0.09091	0.09103	5.63839	0.09091	0.09091	3.50963	0.09091
124	2597	0.09091	0.09091	0.09093	261.92965	0.09091	0.09091	0.09091	15.18713	96.15591	0.09091	0.09092
125	2282	0.09094	0.09091	0.09091	282.57107	0.09091	0.09091	0.09091	3.14507	30.18921	0.09091	57.45826
126	2511	0.09091	0.09091	0.09091	297.58857	0.09091	0.09091	0.09091	0.09091	11.48742	0.09091	64.19673
127	2598	0.09091	0.09091	0.09091	310.26260	0.09091	0.09091	0.09091	18.63519	33.35264	0.09091	11.11321
128	2638	0.09091	0.09091	373.09091	0.09091	0.09091	0.09091	0.09091	0.09091	0.09091	0.09091	0.09091
129	2390	0.09091	0.09091	0.09091	0.09091	0.09091	0.09091	0.09091	0.09091	0.09091	0.09091	373.09091
130	2096	0.09091	0.09091	0.09091	0.09091	0.09091	0.09091	0.09091	0.09091	0.09091	0.09091	373.09091
131	2218	0.09091	0.09091	360.00076	0.09092	0.09091	0.41656	12.85538	0.09091	0.09091	0.09092	0.09091
132	1917	0.09091	0.09091	365.14364	0.09091	0.09091	3.50253	3.52962	0.09091	0.09091	1.18785	0.09091
133	2353	0.09091	0.09091	368.59789	0.09091	0.09091	0.09091	4.58392	0.09091	0.09091	0.09091	0.09091
134	2625	0.09091	0.09091	371.06189	0.09092	0.09091	0.09218	0.09091	0.09091	0.09091	2.11865	0.09091
135	2194	0.09091	0.09091	0.09097	302.18817	0.09091	0.09091	0.09091	15.02394	56.06055	0.09091	0.09092
136	2289	13.44127	0.09091	0.09091	276.70761	0.09091	0.09091	0.09091	38.55013	1.82750	0.09091	42.92803
137	2323	0.09091	0.09091	368.94973	0.09092	0.09091	1.73885	0.09091	0.09091	0.09091	2.58413	0.09091
138	2410	0.09091	0.09091	352.86094	0.09092	0.09091	1.30641	16.78041	0.09091	0.09091	2.41585	0.09091
139	2631	0.09091	0.09091	359.92546	0.09091	0.09091	0.09091	13.25635	0.09091	0.09091	0.09091	0.09091
140	2111	0.09091	0.09091	0.09091	282.59627	0.09091	0.09091	0.09091	4.64073	42.47123	0.09091	43.65541
141	2062	0.09091	0.09091	0.09145	0.09096	0.09091	0.09091	0.09092	0.09091	136.40992	16.49466	220.36754
142	2059	0.09091	0.09091	369.16053	0.09091	0.09091	0.09092	0.09091	0.09091	0.09091	4.02127	0.09091
143	1938	0.09091	0.09091	363.03719	0.09091	0.09091	0.68349	6.04028	0.09091	0.09091	3.60267	0.09091
144	2060	0.09091	0.09091	348.12563	0.09093	0.09091	0.09091	3.68899	0.09091	0.09094	1.71070	19.83827
145	1939	0.09091	0.09091	0.09091	248.68725	0.09091	0.09091	0.09091	0.09091	0.09091	0.09091	124.49456
146	2264	0.09091	0.09091	0.09091	289.21644	0.09091	0.09091	0.09091	14.39929	41.67633	0.09091	28.07157
147	2574	0.09091	0.09091	373.09091	0.09091	0.09091	0.09091	0.09091	0.09091	0.09091	0.09091	0.09091
148	2579	0.09091	0.09091	373.09091	0.09091	0.09091	0.09091	0.09091	0.09091	0.09091	0.09091	0.09091
149	2419	0.09091	0.09091	0.09091	300.27527	0.09091	0.09091	0.09091	0.19424	0.09091	0.09091	72.80322
150	2491	0.09091	0.09091	0.09091	317.03085	0.09091	0.09091	0.09091	15.45496	23.94087	0.09091	16.93694
151	2468	0.09091	0.09091	293.78646	46.78641	0.09091	2.19216	0.09149	5.07814	21.29506	0.15610	4.34144
152	2615	0.09091	0.09091	366.92352	0.09092	0.09091	0.09091	4.20821	0.09091	0.09091	2.14098	0.09091
153	2507	0.09091	0.09091	357.95752	0.09091	0.09091	2.62460	9.92708	0.09091	0.09091	2.85443	0.09091
154	2564	0.09091	0.09091	362.97985	0.09091	0.09091	1.69709	5.25055	0.09091	0.09091	3.43614	0.09091
155	2420	0.09091	0.09091	0.09091	0.09091	0.09091	0.09091	0.09091	0.09091	373.09091	0.09091	0.09091
156	1929	0.09091	0.09091	370.59658	0.09091	0.09091	2.58524	0.09091	0.09091	0.09091	0.09091	0.09091
157	2154	0.09091	0.09091	363.63670	0.09091	0.09091	1.27407	3.76018	0.09091	0.09094	4.69266	0.09091
158	1925	0.09091	0.09091	363.93349	0.09101	0.09091	0.09091	3.16485	0.09091	0.09092	2.48988	3.77530
159	1940	0.09091	0.09091	0.09091	353.28345	0.09091	0.09091	0.09091	0.09091	19.89837	0.09091	0.09091
160	2329	0.09091	0.09091	366.99687	0.09095	0.09091	3.13231	0.09091	0.09091	3.14345	0.09097	0.09091
161	2469	0.09091	0.09091	370.24502	0.09091	0.09091	0.09091	0.09092	0.09091	0.09091	2.93678	0.09091
162	2229	0.09091	0.09091	351.18102	0.09091	0.09091	0.30855	9.08335	0.09091	0.09093	8.43365	4.44795
163	2552	0.09091	0.09091	369.67915	0.09091	0.09091	0.09091	3.50267	0.09091	0.09091	0.09091	0.09091
164	1993	0.09091	1.93772	363.80884	0.09092	0.09091	3.28372	2.24473	0.09091	0.09092	2.17952	0.09091
165	2032	0.09091	0.09091	0.09091	320.43838	0.09091	0.09091	0.09091	12.22407	27.46168	0.09091	13.23951
166	2485	0.09091	0.09091	373.09090	0.09091	0.09091	0.09091	0.09091	0.09091	0.09091	0.09091	0.09091
167	2395	0.09091	0.09091	364.63941	0.09099	0.09091	0.09116	2.21294	0.09091	0.09091	6.41999	0.09096
168	2339	0.09091	0.09091	360.58626	0.09091	0.09091	0.58231	12.10415	0.09091	0.09091	0.09091	0.09091
169	1989	0.09091	0.09091	368.72592	0.09091	0.09091	0.09091	0.09091	0.09091	0.09093	4.45581	0.09097
170	2243	0.09091	0.09091	0.09091	0.09091	0.09091	0.09091	0.09091	0.09091	0.09091	0.09091	373.09091
171	2434	0.09091	0.09091	0.09091	251.20079	0.09091	0.09091	0.09091	0.09091	0.09091	0.09091	121.98103
172	2126	373.09091	0.09091	0.09091	0.09091	0.09091	0.09091	0.09091	0.09091	0.09091	0.09091	0.09091
173	2408	0.09091	0.09091	368.15765	0.09092	0.09091	2.39319	0.09091	0.09091	0.09091	2.72188	0.09091
174	2121	0.09091	0.09091	365.90410	0.09091	0.09091	0.09091	2.49230	0.09091	0.09096	4.87621	0.09096
175	2453	0.09091	0.09092	0.09091	0.09092	0.09091	0.09091	0.09091	331.34091	0.09091	0.09091	41.84089
176	2214	16.78688	0.09091	0.09096	0.09094	0.09091	0.09091	0.09091	356.39485	0.09092	0.09091	0.09091
177	2633	0.09091	0.09091	0.09091	0.09091	373.09091	0.09091	0.09091	0.09091	0.09091	0.09091	0.09091
178	2526	0.09091	4.09432	334.78379	0.09098	0.09091	0.21079	27.42523	0.09092	0.09092	6.94032	0.09091
179	2430	0.09091	0.09091	357.51793	0.09091	0.09091	0.93888	10.85540	0.09091	0.09091	4.05142	0.09091
180	1964	79.39209	0.09091	0.09091	0.09102	0.09091	0.09091	0.09091	199.82099	0.09093	0.09092	94.05950
181	2064	0.09091	0.09091	364.90739	0.09092	0.09091	1.10386	5.02592	0.09091	0.09091	2.32646	0.09091
182	2407	0.09091	0.09091	373.08726	0.09091	0.09091	0.09455	0.09091	0.09091	0.09091	0.09091	0.09091
183	2317	373.09091	0.09091	0.09091	0.09091	0.09091	0.09091	0.09091	0.09091	0.09091	0.09091	0.09091
184	2412	373.09091	0.09091	0.09091	0.09091	0.09091	0.09091	0.09091	0.09091	0.09091	0.09091	0.09091
185	2406	0.09091	0.09091	0.09091	0.09091	0.09091	0.09091	0.09091	373.09091	0.09091	0.09091	0.09091
186	2112	0.09091	0.09091	361.26525	0.09091	0.09091	3.76802	7.50478	0.09091	0.09091	0.82558	0.09091
187	2404	0.09091	0.09091	357.24617	0.09091	0.09091	1.95354	14.07302	0.09091	0.09091	0.09091	0.09091
188	2135	0.09091	0.09091	0.09091	316.88242	0.09091	0.09091	0.09091	0.09091	56.29939	0.09091	0.09091
189	2498	0.09091	0.09091	0.09091	325.43175	0.09091	0.09091	0.09091	8.88888	5.25962	0.09091	33.78338
190	2302	0.09091	0.09091	0.09095	286.40135	3.27214	0.09091	0.09091	6.78630	76.90381	0.09091	0.09091
191	2629	0.09091	0.09091	0.09093	318.12438	3.13261	0.09091	0.09091	0.09091	52.01572	0.09091	0.09091
192	2351	0.09091	0.09091	0.09091	327.91103	0.09091	0.09091	0.09091	0.09091	41.44718	0.09091	3.91451
193	2212	0.09091	0.09091	370.31988	0.09091	0.09091	2.85887	0.09091	0.09091	0.09091	0.09397	0.09091
194	2123	0.09091	0.09091	363.72611	0.09091	0.09091	0.90475	5.47886	0.09091	0.09091	3.25390	0.09091
195	2053	0.09091	0.09091	0.09091	273.15562	0.09091	0.09091	0.09091	0.09091	52.39920	0.09091	47.71790
196	2254	0.09091	0.09091	0.09091	335.32487	0.09091	0.09091	0.09091	17.70716	20.24066	0.09091	0.09094
197	2271	0.09091	0.09091	364.67190	0.09092	0.09091	0.09091	6.41395	0.09091	0.09091	2.18686	0.09091
198	2199	6.04055	0.09091	0.09091	277.01453	0.09091	0.09091	0.09091	5.64847	36.79476	0.09091	47.95624
199	2054	0.09091	0.09091	0.09091	300.81981	0.09091	0.09091	0.09091	0.09091	17.45501	0.09091	54.99790
200	2018	0.09091	0.09091	0.09091	0.09091	373.09091	0.09091	0.09091	0.09091	0.09091	0.09091	0.09091
201	2636	0.09091	0.09091	0.09091	0.09091	373.09091	0.09091	0.09091	0.09091	0.09091	0.09091	0.09091
202	2371	373.09091	0.09091	0.09091	0.09091	0.09091	0.09091	0.09091	0.09091	0.09091	0.09091	0.09091
203	2166	373.09091	0.09091	0.09091	0.09091	0.09091	0.09091	0.09091	0.09091	0.09091	0.09091	0.09091
204	2033	0.09091	0.09091	370.88350	0.09092	0.09091	0.09091	0.09091	0.09091	0.09091	2.29830	0.09091
205	2608	0.09091	0.09091	0.09091	283.15327	0.09091	0.09091	0.09091	43.40832	39.33853	0.09091	7.46351
206	2567	0.09091	0.09091	0.09094	313.60077	0.09091	0.09091	0.09091	0.09091	59.58101	0.09091	0.09091
207	2338	0.09091	0.09091	0.09091	323.38676	0.09091	0.09091	0.09091	3.72190	46.16404	0.09091	0.09094
208	1954	0.09091	0.09091	0.09091	272.85547	100.32634	0.09091	0.09091	0.09091	0.09091	0.09091	0.09091
209	2555	0.09091	0.09091	0.09091	333.85555	0.09091	0.09091	0.09091	5.88300	33.53416	0.09091	0.09092
210	2138	0.09091	0.09091	0.09091	306.86414	0.09091	0.09091	0.09092	11.71795	54.69061	0.09091	0.09092
211	2357	373.09091	0.09091	0.09091	0.09091	0.09091	0.09091	0.09091	0.09091	0.09091	0.09091	0.09091
212	2152	373.09091	0.09091	0.09091	0.09091	0.09091	0.09091	0.09091	0.09091	0.09091	0.09091	0.09091
213	2372	0.09091	0.09091	0.09091	322.32018	0.09091	0.09091	0.09091	0.09091	50.86163	0.09091	0.09091
214	2189	0.09091	0.09091	0.09116	261.33976	0.09091	0.09091	90.78063	11.22501	10.01796	0.09091	0.09092
215	2590	0.09091	0.09091	363.39658	0.09092	0.09091	0.69053	7.07323	0.09091	0.09091	2.20329	0.09091
216	2359	0.09091	0.09091	373.09091	0.09091	0.09091	0.09091	0.09091	0.09091	0.09091	0.09091	0.09091
217	2020	0.09091	0.09091	373.09091	0.09091	0.09091	0.09091	0.09091	0.09091	0.09091	0.09091	0.09091
218	2467	0.09091	0.09091	370.14563	0.09091	0.09091	3.03470	0.09091	0.09091	0.09091	0.09240	0.09091
219	2266	0.09091	0.09091	324.55520	0.09097	0.09091	1.28724	33.63021	0.09091	8.46756	2.06681	3.53836
220	2558	354.38292	0.09091	0.09091	0.09092	0.09091	0.09091	0.09091	18.79889	0.09091	0.09091	0.09091
221	2375	373.09091	0.09091	0.09091	0.09091	0.09091	0.09091	0.09091	0.09091	0.09091	0.09091	0.09091
222	1947	0.09091	0.09091	0.09091	289.61737	0.09091	0.09091	0.09091	0.09091	0.09091	0.09091	83.56445
223	2432	0.09091	13.90573	0.09091	0.09093	0.09091	0.09091	0.09091	0.09091	0.09091	0.09091	359.27607
224	2660	0.09091	0.09091	0.09091	0.09091	373.09091	0.09091	0.09091	0.09091	0.09091	0.09091	0.09091
225	2640	0.09091	0.09091	0.09091	0.09091	373.09091	0.09091	0.09091	0.09091	0.09091	0.09091	0.09091
226	2601	0.09091	0.09091	365.13970	0.09096	0.09091	0.97752	3.15097	0.09091	0.09092	4.09538	0.09091
227	2069	0.09091	0.09091	350.53353	0.09091	0.09091	0.74142	13.02061	0.09091	0.09094	9.06800	0.09095
228	2327	0.09091	0.09091	0.09091	279.80824	0.09091	0.09091	0.09091	22.93027	8.99463	0.09091	61.63049
229	1928	0.09091	0.09091	0.09091	0.09091	373.09091	0.09091	0.09091	0.09091	0.09091	0.09091	0.09091
230	2360	373.09091	0.09091	0.09091	0.09091	0.09091	0.09091	0.09091	0.09091	0.09091	0.09091	0.09091
231	2156	373.09091	0.09091	0.09091	0.09091	0.09091	0.09091	0.09091	0.09091	0.09091	0.09091	0.09091
232	2101	0.09091	0.09091	0.09091	0.09100	0.09091	0.09091	0.09091	23.70367	139.11402	0.09091	210.45495
233	2095	0.09091	0.09091	365.68164	4.00734	0.09091	2.44962	0.09091	0.09091	0.09091	1.22503	0.09091
234	2125	0.09091	0.09091	0.09091	352.86167	0.09091	0.09091	0.09091	3.55506	1.35102	0.09091	15.59589
235	2124	0.09091	0.09091	368.52968	0.09091	0.09091	0.09143	3.74635	0.09091	0.09091	0.99617	0.09091
236	2538	0.09091	0.09091	0.09091	0.09091	373.09091	0.09091	0.09091	0.09091	0.09091	0.09091	0.09091
237	2447	0.09091	0.09091	0.09091	0.09091	373.09091	0.09091	0.09091	0.09091	0.09091	0.09091	0.09091
238	2297	0.09091	0.09091	0.09091	0.09091	373.09091	0.09091	0.09091	0.09091	0.09091	0.09091	0.09091
239	2659	95.45219	0.09091	0.09091	0.09091	277.72963	0.09091	0.09091	0.09091	0.09091	0.09091	0.09091
240	2142	0.09091	0.09091	330.36234	0.09103	0.09091	1.43798	25.11954	0.09091	0.09093	2.55111	13.98344
241	2414	0.09091	0.09091	364.82155	0.09097	0.09091	0.09096	5.21277	0.09091	0.09091	3.23829	0.09091
242	2324	0.09091	0.09091	355.89558	0.09103	0.09091	0.09115	0.09091	0.09091	11.67451	1.52084	4.27234
243	2334	0.09091	0.09091	342.92552	4.78497	0.09091	0.93558	22.32895	0.09091	0.09091	2.47952	0.09091
244	2397	373.09091	0.09091	0.09091	0.09091	0.09091	0.09091	0.09091	0.09091	0.09091	0.09091	0.09091
245	1978	373.09091	0.09091	0.09091	0.09091	0.09091	0.09091	0.09091	0.09091	0.09091	0.09091	0.09091
246	2429	0.09091	0.09091	0.09216	0.09099	0.09091	147.02311	161.80686	0.09091	20.21809	44.31424	0.09092
247	2300	0.09091	0.09091	322.90200	0.09091	0.09091	0.62042	45.98040	0.09091	0.09091	3.86082	0.09091
248	2606	0.09091	0.09091	373.09091	0.09091	0.09091	0.09091	0.09091	0.09091	0.09091	0.09091	0.09091
249	2276	0.09091	0.09091	370.62063	0.09092	0.09091	0.09091	0.09091	0.09091	0.09091	2.56118	0.09091
250	2554	0.09091	0.09091	368.87471	0.09097	0.09091	0.09091	0.09091	0.09091	0.09091	4.30704	0.09091
251	2258	0.09091	0.09091	0.09227	0.09092	0.09091	305.78957	35.41999	0.09091	0.09092	32.06179	0.09091
252	2331	0.09091	0.09091	369.08812	0.09091	0.09091	0.09091	2.09821	0.09091	0.09094	2.08629	0.09098
253	1942	0.09091	0.09091	0.09091	0.09091	0.09091	0.09091	373.09091	0.09091	0.09091	0.09091	0.09091
254	2584	0.09091	0.09091	0.09091	0.09091	0.09091	0.09091	373.09091	0.09091	0.09091	0.09091	0.09091
255	2517	0.09091	0.09091	0.09091	0.09091	0.09091	0.09091	0.09091	373.09091	0.09091	0.09091	0.09091
256	2192	0.09091	0.09091	0.09091	0.09091	373.09091	0.09091	0.09091	0.09091	0.09091	0.09091	0.09091
257	2090	0.09091	0.09091	367.05513	0.09091	0.09091	0.09093	2.67151	0.09091	0.09091	3.54607	0.09091
258	2340	0.09091	0.09091	365.46635	0.09091	0.09091	1.10518	2.97489	0.09091	0.09091	3.81721	0.09091
259	2127	0.09091	0.09091	0.09091	347.91121	3.53334	0.09091	0.09091	17.89117	4.02790	0.09091	0.09092
260	1943	0.09091	0.09091	361.03185	0.09091	0.09091	0.09096	12.06677	0.09091	0.09091	0.17406	0.09091
261	2586	0.09091	0.09091	367.00684	0.09091	0.09091	1.20509	0.09092	0.09091	0.09091	5.06078	0.09091
262	2116	0.09091	0.09091	0.09092	80.65821	292.52359	0.09091	0.09091	0.09091	0.09091	0.09091	0.09091
263	2365	0.09091	0.09091	0.09091	0.09091	373.09091	0.09091	0.09091	0.09091	0.09091	0.09091	0.09091
264	2523	373.09091	0.09091	0.09091	0.09091	0.09091	0.09091	0.09091	0.09091	0.09091	0.09091	0.09091
265	2158	373.09091	0.09091	0.09091	0.09091	0.09091	0.09091	0.09091	0.09091	0.09091	0.09091	0.09091
266	1985	0.09091	0.09091	320.70628	0.09094	0.09091	0.09095	7.46126	0.09091	44.78426	0.41175	0.09091
267	2279	0.09091	0.09091	0.09091	305.95881	0.09091	0.09091	0.09091	6.90129	54.23506	0.09091	6.26847
268	1948	0.09091	0.09091	0.09091	340.51994	0.09091	0.09091	0.09091	0.09091	32.66187	0.09091	0.09091
269	1957	0.09091	0.09091	0.09091	0.09091	373.09091	0.09091	0.09091	0.09091	0.09091	0.09091	0.09091
270	2648	0.09091	0.09091	0.09091	0.09091	373.09091	0.09091	0.09091	0.09091	0.09091	0.09091	0.09091
271	1946	0.09091	0.09091	367.09621	0.09092	0.09091	1.90570	2.14842	0.09091	0.09091	2.21329	0.09091
272	2337	0.09091	0.09091	0.09091	0.09091	373.09091	0.09091	0.09091	0.09091	0.09091	0.09091	0.09091
273	2225	0.09091	0.09091	0.09091	0.09091	373.09091	0.09091	0.09091	0.09091	0.09091	0.09091	0.09091
274	2016	0.09091	0.09091	0.09091	0.09091	373.09091	0.09091	0.09091	0.09091	0.09091	0.09091	0.09091
275	2244	0.09091	0.09091	367.37187	0.09092	0.09091	1.24226	2.48878	0.09091	0.09091	2.26072	0.09091
276	2348	0.09091	0.09091	365.52566	0.09091	0.09091	0.09091	0.09091	0.09091	0.09110	7.65597	0.09091
277	2600	0.09091	0.09091	364.71445	0.09093	0.09091	0.09093	6.38273	0.09091	0.09092	2.17549	0.09091
278	2593	0.09091	0.09091	371.05155	0.09092	0.09091	0.09093	0.09091	0.09091	0.09091	2.13023	0.09091
279	2056	0.09091	0.09091	322.68242	0.09091	0.09091	0.09813	50.49176	0.09091	0.09091	0.09132	0.09091
280	2396	0.09091	0.09091	0.09091	0.09099	5.66020	0.09091	0.09091	9.70820	97.08108	0.09091	260.91407
281	1952	0.09091	0.09091	0.09102	0.09095	0.09091	0.09091	23.40319	0.09092	0.09091	0.09091	349.77846
282	2458	0.09091	0.09091	0.09091	312.28110	0.09091	0.09091	0.09091	0.09091	12.15584	0.09091	48.83578
283	2489	0.09091	0.09091	358.98498	0.09094	0.09091	2.69759	7.89328	0.09091	0.09092	3.78774	0.09091
284	1983	0.09091	0.09091	346.36644	0.09092	0.09091	0.22382	26.67087	0.09091	0.09091	0.10250	0.09091
285	2328	0.09091	0.09091	0.09096	282.21682	0.09091	0.09093	0.09093	0.09091	15.42975	0.09091	75.62606
286	2394	0.09091	0.09091	0.09092	0.09123	0.09091	0.09091	0.09091	156.93467	0.09097	0.09091	216.24674
287	1718	0.09091	0.09091	0.09091	362.03560	0.09091	0.09091	0.09091	0.78795	0.09092	0.09091	10.44916
288	2333	0.09091	0.09091	0.09097	255.43255	0.09091	0.09091	0.09091	2.67094	48.44231	0.09091	66.81777
289	2446	0.09091	0.09091	373.08680	0.09091	0.09091	0.09502	0.09091	0.09091	0.09091	0.09091	0.09091
290	1997	0.09091	0.09091	373.09091	0.09091	0.09091	0.09091	0.09091	0.09091	0.09091	0.09091	0.09091
291	1955	0.09091	0.09091	0.09091	343.99572	0.09091	0.09091	0.09091	6.83117	11.85016	0.09091	10.68659
292	1920	0.09091	0.09091	0.09091	314.08669	0.09091	0.09091	0.09091	0.09091	51.23998	0.09091	7.94604
293	2074	0.09091	0.09091	373.09091	0.09091	0.09091	0.09091	0.09091	0.09091	0.09091	0.09091	0.09091
294	1926	0.09091	0.09091	0.09091	266.65861	0.09091	0.09091	0.09091	94.12068	12.49342	0.09091	0.09092
295	2570	373.09091	0.09091	0.09091	0.09091	0.09091	0.09091	0.09091	0.09091	0.09091	0.09091	0.09091
296	2647	0.09091	0.09091	0.09091	0.09091	373.09091	0.09091	0.09091	0.09091	0.09091	0.09091	0.09091
297	2435	0.09091	0.09091	0.09091	0.09091	373.09091	0.09091	0.09091	0.09091	0.09091	0.09091	0.09091
298	2213	0.09091	0.09091	373.09091	0.09091	0.09091	0.09091	0.09091	0.09091	0.09091	0.09091	0.09091
299	2464	0.09091	0.09091	371.20532	0.09092	0.09091	0.09092	0.09091	0.09091	0.09091	1.97647	0.09091
300	2335	373.09091	0.09091	0.09091	0.09091	0.09091	0.09091	0.09091	0.09091	0.09091	0.09091	0.09091
301	1960	373.09091	0.09091	0.09091	0.09091	0.09091	0.09091	0.09091	0.09091	0.09091	0.09091	0.09091
302	2392	0.09091	0.09091	360.56511	0.09107	0.09091	0.09092	0.09092	0.09091	8.12323	4.26718	0.40793
303	2549	0.09091	0.09091	370.73818	0.09091	0.09091	2.44364	0.09091	0.09091	0.09091	0.09091	0.09091
304	2131	0.09091	0.09091	361.56126	0.09106	0.09091	0.09141	6.73420	0.09092	0.09092	4.97658	0.09092
305	2309	0.09091	0.09091	357.62125	0.09095	0.09091	0.09092	8.69924	0.09091	0.09091	6.95217	0.09091
306	2092	0.09091	0.09091	0.09091	0.09091	0.09091	0.09091	373.09091	0.09091	0.09091	0.09091	0.09091
307	2165	0.09091	0.09091	364.13419	0.09091	0.09091	0.09091	3.08549	0.09091	0.09091	6.05305	0.09091
308	2149	0.09091	0.09091	0.09091	339.67729	0.09091	0.09091	0.09091	1.32358	17.45330	0.09091	14.90947
309	2007	0.09091	0.09091	0.09133	264.25278	0.09091	0.09091	59.94914	17.02231	27.49430	0.09091	4.73560
310	2445	0.09091	0.09091	0.09106	327.10849	0.09091	0.09091	5.51705	11.66348	29.07445	0.09091	0.09092
311	2306	0.09091	0.09091	369.70494	0.09092	0.09091	0.09091	0.09091	0.09091	0.09091	3.47686	0.09091
312	2043	0.09091	0.09091	366.57708	0.09092	0.09091	1.34588	2.86484	0.09091	0.09091	2.57583	0.09091
313	2535	116.72613	0.09091	0.09091	0.09091	0.09091	0.09091	0.09091	0.09091	0.09091	0.09091	256.45569
314	2492	0.09091	0.09091	366.69123	0.09092	0.09091	1.21537	2.87819	0.09091	0.09091	2.57883	0.09091
315	2361	373.09091	0.09091	0.09091	0.09091	0.09091	0.09091	0.09091	0.09091	0.09091	0.09091	0.09091
316	2280	0.09091	0.09091	0.09091	0.09107	0.09091	0.09091	0.09091	109.61846	0.09094	0.09093	263.56315
317	2619	0.09091	0.09091	366.12561	0.09091	0.09091	0.09091	3.06331	0.09091	0.09091	4.08380	0.09091
318	2385	0.09091	0.09091	0.09139	0.09096	0.09091	0.09091	0.09091	0.09091	365.83873	7.34255	0.09091
319	2530	0.09091	0.09091	0.09140	193.37540	0.09091	0.09091	0.09091	0.09091	163.41666	16.48017	0.09091
320	1913	0.09091	0.09091	0.09091	373.09091	0.09091	0.09091	0.09091	0.09091	0.09091	0.09091	0.09091
321	2542	0.09091	0.09091	347.89969	0.09096	0.09091	1.48485	11.79813	0.09091	11.34930	0.92250	0.09092
322	2246	0.09091	0.09091	0.09091	360.00719	0.09091	0.09091	0.09091	0.09091	0.09091	0.09091	13.17462
323	2002	0.09091	0.09091	0.09097	343.11042	0.09091	0.09091	0.09091	0.09091	6.38488	0.09091	23.77735
324	1972	0.09091	0.09091	0.09091	0.09091	373.09091	0.09091	0.09091	0.09091	0.09091	0.09091	0.09091
325	2242	0.09115	0.09091	0.09172	0.09098	0.09091	0.09091	0.09092	24.25378	0.09093	20.60221	328.41560
326	2416	0.09091	0.09091	0.09091	0.09093	0.09091	0.09091	0.09091	8.58396	0.09091	0.09091	364.59783
327	2071	0.09091	0.09091	0.09094	320.04603	0.09091	0.09092	0.09092	0.09091	49.90300	0.09091	3.32365
328	2102	0.09091	0.09091	0.09091	340.45130	3.13002	0.09091	0.09091	6.27061	23.51169	0.09091	0.09092
329	2616	0.09091	0.09091	0.09092	369.15677	4.02503	0.09091	0.09091	0.09091	0.09091	0.09091	0.09091
330	2176	4.00541	0.09091	0.09091	274.29547	0.09091	0.09091	0.09091	19.02533	0.09091	0.09091	76.03742
331	2267	0.09091	0.09091	0.09091	321.93917	0.09091	0.09091	0.09091	13.75523	27.21675	0.09091	10.45248
332	2068	0.09091	0.09091	0.09091	312.26822	0.09091	0.09091	0.09091	25.72755	35.27695	0.09091	0.09092
333	1577	0.09091	0.09091	0.09091	335.67564	0.09091	0.09091	0.09091	2.53056	35.06651	0.09091	0.09093
334	2370	0.09091	0.09091	368.31291	0.09092	0.09091	2.14137	0.09091	0.09091	0.09091	2.81843	0.09091
335	2237	0.09091	0.09091	366.93214	0.09091	0.09091	2.14261	4.19754	0.09091	0.09091	0.09134	0.09091
336	2583	0.09091	0.09091	0.09091	0.09091	373.09091	0.09091	0.09091	0.09091	0.09091	0.09091	0.09091
337	2378	0.09091	0.09091	0.09091	0.09091	373.09091	0.09091	0.09091	0.09091	0.09091	0.09091	0.09091
338	2503	373.09091	0.09091	0.09091	0.09091	0.09091	0.09091	0.09091	0.09091	0.09091	0.09091	0.09091
339	2114	373.09091	0.09091	0.09091	0.09091	0.09091	0.09091	0.09091	0.09091	0.09091	0.09091	0.09091
340	2260	373.09091	0.09091	0.09091	0.09091	0.09091	0.09091	0.09091	0.09091	0.09091	0.09091	0.09091
341	2307	0.09091	0.09091	373.09091	0.09091	0.09091	0.09091	0.09091	0.09091	0.09091	0.09091	0.09091
342	2336	0.09091	0.09091	0.09099	308.78769	0.09091	0.09091	0.09091	10.06384	39.30015	0.09091	15.21186
343	2120	373.09091	0.09091	0.09091	0.09091	0.09091	0.09091	0.09091	0.09091	0.09091	0.09091	0.09091
344	2105	373.09091	0.09091	0.09091	0.09091	0.09091	0.09091	0.09091	0.09091	0.09091	0.09091	0.09091
345	2161	0.09091	0.09091	0.09093	0.09114	0.09091	0.09091	0.09091	108.40427	0.09096	0.09091	264.77724
346	2287	0.09091	0.09091	356.25846	0.09102	0.09091	0.11081	0.09091	0.09091	0.09091	16.90334	0.09092
347	2529	0.09091	0.09091	0.09091	360.95044	12.23137	0.09091	0.09091	0.09091	0.09091	0.09091	0.09091
348	1966	0.09091	0.09091	346.62576	0.09091	0.09091	0.09242	21.20224	0.09092	0.09095	5.44312	0.09095
349	2285	0.09091	0.09091	0.09091	324.31059	0.09091	0.09091	0.09091	0.09091	41.55997	0.09091	7.40216
350	2247	0.09091	0.09091	0.09091	348.96058	0.09091	0.09091	0.09091	0.09091	3.78546	0.09091	20.52669
351	2261	0.09091	0.09091	373.09091	0.09091	0.09091	0.09091	0.09091	0.09091	0.09091	0.09091	0.09091
352	2504	0.09091	0.09091	368.08092	0.09091	0.09091	2.50738	2.68443	0.09091	0.09091	0.09091	0.09091
353	2495	0.09091	0.09091	370.46790	0.09092	0.09091	0.09091	0.09091	0.09091	0.09091	2.71391	0.09091
354	2343	0.09091	0.09091	0.09091	373.09091	0.09091	0.09091	0.09091	0.09091	0.09091	0.09091	0.09091
355	2487	0.09091	0.09091	0.09091	0.09091	0.09091	0.09091	0.09091	0.09091	0.09091	0.09091	373.09091
356	2245	0.09091	0.09091	0.09091	0.09091	0.09091	0.09091	0.09091	0.09091	0.09091	0.09091	373.09091
357	1988	0.09091	350.03965	0.09091	0.09098	0.09091	0.09091	0.09091	23.14208	0.09092	0.09091	0.09091
358	2466	0.09091	373.09091	0.09091	0.09091	0.09091	0.09091	0.09091	0.09091	0.09091	0.09091	0.09091
359	2223	0.09091	0.09091	0.09094	312.32676	0.09091	0.09091	0.09091	18.96208	34.80355	0.09091	7.27121
360	2653	0.09091	0.09091	0.09091	329.42036	0.09091	0.09091	0.09091	0.09091	43.76146	0.09091	0.09091
361	2164	0.09091	0.09091	368.94015	0.09091	0.09091	0.09091	4.24167	0.09091	0.09091	0.09091	0.09091
362	2472	0.09091	0.09091	0.09091	0.09097	73.79385	0.09091	0.09091	0.09091	299.38791	0.09091	0.09091
363	2241	0.09091	0.09091	0.09091	351.24986	0.09091	0.09091	0.09091	6.76967	15.25316	0.09091	0.09094
364	136	0.09091	0.09091	0.09091	256.52172	107.91800	0.09091	0.09091	0.09091	8.83301	0.09091	0.09091
365	2451	0.09091	0.09091	0.09092	288.23678	0.09091	0.09091	0.09091	0.09091	29.53045	0.09091	55.50550
366	2050	0.09091	0.09091	0.09091	0.09091	373.09091	0.09091	0.09091	0.09091	0.09091	0.09091	0.09091
367	2196	0.09091	0.09091	0.09091	331.80572	0.09091	0.09091	0.09091	0.09091	41.37610	0.09091	0.09091
368	2075	0.09091	0.09091	0.09091	0.09091	0.09091	0.09091	0.09091	0.09091	0.09091	0.09091	373.09091
369	2501	0.09091	0.09091	0.09148	0.09098	0.09091	0.09091	0.09092	0.09091	78.36452	28.80494	266.10262
370	2423	0.09091	0.09091	368.45094	0.09092	0.09091	0.09095	2.41565	0.09091	0.09091	2.40608	0.09091
371	2250	0.09091	0.09091	0.09091	369.56371	0.09091	0.09091	0.09091	3.61035	0.09866	0.09091	0.09091
372	2180	0.09091	0.09091	0.09091	342.66933	0.09091	0.09091	0.09091	0.09091	30.51248	0.09091	0.09091
373	2478	0.09091	4.25826	0.09170	0.09093	0.09091	0.09091	210.87890	0.09091	0.09092	158.13474	0.09091
374	2058	0.09091	0.09091	312.53368	0.09095	0.09091	0.47468	54.10570	0.09091	0.09092	6.24952	0.09091
375	2183	0.09091	0.09091	0.09091	316.07809	0.09091	0.09091	0.09091	8.86470	48.32993	0.09091	0.09092
376	2533	0.09091	0.09091	0.09093	316.80476	3.97061	0.09091	0.09091	0.09091	52.49734	0.09091	0.09091
377	2409	0.09091	0.09091	362.34674	0.09093	0.09091	3.55670	6.88481	0.09091	0.09091	0.57536	0.09091
378	2582	0.09091	0.09091	0.09091	373.09091	0.09091	0.09091	0.09091	0.09091	0.09091	0.09091	0.09091
379	2377	0.09091	0.09091	0.09091	315.20273	0.09091	0.09091	0.09091	0.09091	0.09091	0.09091	57.97909
380	2215	0.09091	0.09091	0.09091	0.09091	0.09091	0.09091	0.09091	0.09091	373.09091	0.09091	0.09091
381	2197	373.09091	0.09091	0.09091	0.09091	0.09091	0.09091	0.09091	0.09091	0.09091	0.09091	0.09091
382	2236	373.09091	0.09091	0.09091	0.09091	0.09091	0.09091	0.09091	0.09091	0.09091	0.09091	0.09091
383	2499	0.09091	0.09091	335.58291	0.09091	0.09091	0.09091	33.46868	0.09091	0.09091	4.22114	0.09091
384	2322	173.47722	0.09091	0.09091	0.09095	0.09091	0.09091	0.09091	135.66763	0.09091	0.09091	64.12784
385	2098	0.09091	0.09091	373.09091	0.09091	0.09091	0.09091	0.09091	0.09091	0.09091	0.09091	0.09091
386	2418	0.09091	0.09091	373.08753	0.09091	0.09091	0.09429	0.09091	0.09091	0.09091	0.09091	0.09091
387	2381	0.09091	0.09091	366.66017	0.09094	0.09091	1.39787	0.09091	0.09091	0.09091	5.21465	0.09091
388	2603	0.09091	0.09091	0.09091	0.09091	0.09091	0.09091	0.09091	0.09091	0.09091	0.09091	373.09091
389	2644	373.09091	0.09091	0.09091	0.09091	0.09091	0.09091	0.09091	0.09091	0.09091	0.09091	0.09091
390	2417	0.09091	0.09091	0.09091	0.09100	70.73333	0.09091	0.09091	45.79308	256.74621	0.09091	0.09092
391	1999	0.09091	0.09091	0.09091	0.09091	373.09091	0.09091	0.09091	0.09091	0.09091	0.09091	0.09091
392	2220	0.09091	0.09091	371.14749	0.09091	0.09091	2.03431	0.09091	0.09091	0.09091	0.09092	0.09091
393	2578	0.09091	0.09091	368.44737	0.09092	0.09091	0.09091	2.41813	0.09091	0.09091	2.40721	0.09091
394	2045	0.09091	0.09091	373.09091	0.09091	0.09091	0.09091	0.09091	0.09091	0.09091	0.09091	0.09091
395	1953	0.09091	0.09091	373.08614	0.09091	0.09091	0.09568	0.09091	0.09091	0.09091	0.09091	0.09091
396	2028	0.09091	0.09091	0.09091	339.65880	0.09091	0.09091	0.09091	0.09091	33.52302	0.09091	0.09091
397	2556	0.09091	0.09091	364.26637	0.09091	0.09091	0.09091	3.87384	0.09091	0.09091	5.13252	0.09091
398	2191	0.09091	0.09091	0.09091	315.20301	0.09091	0.09091	0.09091	0.09091	57.97880	0.09091	0.09091
399	2235	0.09091	0.09091	0.09091	0.09103	0.09091	0.09091	0.09091	54.75691	0.09093	0.09091	318.42477
400	2288	0.09091	0.09091	0.09109	0.09092	0.09091	0.09091	241.51391	131.66768	0.09092	0.09091	0.09092
401	1987	0.09091	0.09091	0.09094	260.41701	0.09091	0.09091	0.09091	12.69298	100.16270	0.09091	0.09091
402	2475	0.09091	0.09091	0.09091	355.99329	0.09091	0.09091	0.09091	0.19279	4.47422	0.09091	12.70334
403	2547	0.09091	0.09091	0.09164	317.97350	0.09091	0.09091	0.09092	21.16194	11.15571	7.39165	15.77100
404	2319	0.09091	0.09091	0.09091	335.54399	3.19855	0.09091	0.09091	3.25385	31.36722	0.09091	0.09093
405	2617	0.09091	0.09091	0.09091	294.11361	0.09091	0.09091	0.09091	11.45317	6.08738	0.09091	61.70948
406	1914	0.09091	0.09091	0.09091	0.09091	373.09091	0.09091	0.09091	0.09091	0.09091	0.09091	0.09091
407	2658	0.09091	0.09091	0.09091	0.09091	373.09091	0.09091	0.09091	0.09091	0.09091	0.09091	0.09091
408	2163	0.09091	0.09091	0.09135	319.41388	0.09091	0.09091	0.09091	0.09091	0.09091	16.68319	37.17521
409	2311	0.09091	0.09091	349.85969	0.09091	0.09091	7.97493	15.42425	0.09091	0.09091	0.10477	0.09091
410	2052	0.09091	0.09091	0.09091	365.08949	0.09091	0.09091	0.09091	0.09091	4.29537	0.09091	3.88786
411	2594	0.09091	0.09093	0.09094	263.03049	0.09091	0.09092	10.58525	51.56781	28.77106	0.09091	19.49989
412	2273	0.09091	0.09091	0.09091	368.57020	0.09091	0.09091	0.09091	0.09091	0.09290	0.09091	4.60963
413	2202	0.09091	0.09091	0.09091	0.09091	373.09091	0.09091	0.09091	0.09091	0.09091	0.09091	0.09091
414	2222	0.09091	0.09091	0.09091	0.09091	0.09091	0.09091	0.09091	0.09091	0.09091	0.09091	373.09091
415	1922	373.09091	0.09091	0.09091	0.09091	0.09091	0.09091	0.09091	0.09091	0.09091	0.09091	0.09091
416	2341	354.90976	0.09091	0.09091	0.09091	18.27205	0.09091	0.09091	0.09091	0.09091	0.09091	0.09091
417	2139	0.09091	0.09091	373.09091	0.09091	0.09091	0.09091	0.09091	0.09091	0.09091	0.09091	0.09091
418	2462	0.09091	0.09091	345.13601	0.09095	0.09091	0.09180	0.09091	0.09091	17.84019	4.97066	5.41586
419	2591	0.09091	0.09091	373.09091	0.09091	0.09091	0.09091	0.09091	0.09091	0.09091	0.09091	0.09091
420	2628	373.09091	0.09091	0.09091	0.09091	0.09091	0.09091	0.09091	0.09091	0.09091	0.09091	0.09091
421	2291	0.09091	0.09091	0.09091	0.09091	0.09091	0.09091	0.09091	373.09091	0.09091	0.09091	0.09091
422	2643	0.09091	0.09091	0.09091	347.49161	0.09091	0.09091	0.09091	3.93611	21.84499	0.09091	0.09091
423	2293	0.09091	0.09091	0.09091	0.09091	0.09091	0.09091	0.09091	0.09091	373.09091	0.09091	0.09091
424	1975	373.09091	0.09091	0.09091	0.09091	0.09091	0.09091	0.09091	0.09091	0.09091	0.09091	0.09091
425	1930	373.09091	0.09091	0.09091	0.09091	0.09091	0.09091	0.09091	0.09091	0.09091	0.09091	0.09091
426	2516	0.09091	0.09091	0.09091	368.03232	0.09091	0.09091	0.09091	0.09091	5.14949	0.09091	0.09092
427	2057	0.09091	0.09091	0.09154	0.09095	0.09091	0.09091	0.09091	0.09091	363.16151	10.01962	0.09091
428	2623	0.09091	0.09091	355.59188	0.09095	0.09091	1.23567	6.89599	0.09091	5.09744	4.63353	0.09091
429	2006	0.09091	0.09091	0.09091	0.09091	373.09091	0.09091	0.09091	0.09091	0.09091	0.09091	0.09091
430	2366	37.17979	0.09091	0.09091	0.09097	0.09091	0.09091	0.09091	336.00195	0.09092	0.09091	0.09092
431	2211	8.31877	0.09091	0.09091	0.09094	0.09091	0.09091	0.09091	240.22490	0.09091	0.09091	124.72903
432	2352	0.09091	0.09091	370.83509	0.09091	0.09091	0.09091	2.34672	0.09091	0.09091	0.09091	0.09091
433	2427	0.09091	0.09091	0.09132	0.09098	0.09091	0.09091	324.35232	0.09091	48.82899	0.09091	0.09092
434	1934	373.09091	0.09091	0.09091	0.09091	0.09091	0.09091	0.09091	0.09091	0.09091	0.09091	0.09091
435	2299	0.09091	0.09091	370.62234	0.09097	0.09091	0.09091	0.09091	0.09091	0.09091	2.55940	0.09091
436	2226	0.09091	0.09091	0.09092	0.09100	0.09091	0.09091	0.09091	124.74404	0.09092	0.09091	248.43767
437	2573	0.09091	0.09091	365.61459	0.09091	0.09091	0.09091	2.59070	0.09091	0.09097	5.06737	0.09091
438	1923	0.09091	0.09091	0.09091	0.09110	0.09091	0.09091	0.09091	59.01264	0.09092	0.09091	314.16898
439	2575	0.09091	0.09091	362.27736	0.09091	0.09091	2.27969	2.88998	0.09091	0.09110	5.91641	0.09091
440	2559	0.09091	0.09091	368.52055	0.09092	0.09091	2.16957	0.09091	0.09091	0.09091	2.58259	0.09091
441	2368	4.94118	0.09091	0.09117	341.81640	0.09091	0.09091	0.09091	5.72502	1.16115	0.09091	19.81054
442	2642	0.09091	0.09091	0.09091	263.76804	0.09091	0.09091	0.09091	20.07647	11.28560	0.09091	78.23353
443	2349	0.09091	373.09091	0.09091	0.09091	0.09091	0.09091	0.09091	0.09091	0.09091	0.09091	0.09091
444	2384	0.09091	0.09091	0.09094	270.14203	4.25070	0.09091	0.09091	5.11781	47.11892	0.09091	46.82506
445	2645	0.09091	0.09091	0.09091	0.09091	373.09091	0.09091	0.09091	0.09091	0.09091	0.09091	0.09091
446	2210	0.09091	0.09091	349.36186	0.09097	0.09091	0.09091	0.09091	0.09092	23.81984	0.09093	0.09092
447	2159	0.09091	0.09091	0.09091	0.09091	373.09091	0.09091	0.09091	0.09091	0.09091	0.09091	0.09091
448	2424	373.09091	0.09091	0.09091	0.09091	0.09091	0.09091	0.09091	0.09091	0.09091	0.09091	0.09091
449	2000	0.09091	0.09091	0.09091	0.09091	373.09091	0.09091	0.09091	0.09091	0.09091	0.09091	0.09091
450	2157	0.09091	0.09091	0.09091	0.09091	373.09091	0.09091	0.09091	0.09091	0.09091	0.09091	0.09091
451	2539	0.09091	0.09091	370.38879	0.09092	0.09091	0.09398	0.09091	0.09091	0.09091	2.78994	0.09091
452	2657	0.09091	0.09091	0.09091	0.09091	373.09091	0.09091	0.09091	0.09091	0.09091	0.09091	0.09091
453	1935	0.09091	0.09091	0.09091	0.09091	373.09091	0.09091	0.09091	0.09091	0.09091	0.09091	0.09091
454	2313	313.48530	0.09091	0.09103	0.09102	0.09091	0.09091	0.09091	59.69623	0.09093	0.09091	0.09095
455	2613	0.09091	0.09091	373.08732	0.09091	0.09091	0.09450	0.09091	0.09091	0.09091	0.09091	0.09091
456	2356	0.09091	0.09091	370.90153	0.09091	0.09091	2.28029	0.09091	0.09091	0.09091	0.09091	0.09091
457	2108	0.09091	0.09091	370.77481	0.09092	0.09091	0.09091	0.09091	0.09091	0.09091	2.40699	0.09091
458	2155	0.09091	0.09091	0.09091	186.88189	0.09091	0.09091	0.09091	0.09091	0.09091	0.09091	186.29992
459	2144	0.09091	0.09100	0.09091	327.85553	0.09091	0.09091	0.09091	5.12932	40.28778	0.09091	0.09091
460	1921	0.09091	0.09091	0.09091	0.09091	373.09091	0.09091	0.09091	0.09091	0.09091	0.09091	0.09091
461	2072	0.09091	0.09091	0.09091	281.01592	0.09091	0.09091	0.09091	3.38328	19.12608	0.09091	69.83835
462	2461	0.09091	0.09091	0.09091	346.89392	0.09091	0.09091	0.09091	8.99633	5.01560	0.09091	12.45779
463	2310	0.09091	0.09091	0.09091	0.09091	0.09091	0.09091	0.09091	0.09091	0.09091	0.09091	373.09091
464	2465	0.09091	0.09091	0.09091	0.09091	0.09091	0.09091	0.09091	0.09091	373.09091	0.09091	0.09091
465	2083	0.09091	0.09091	367.93660	0.09091	0.09091	0.09091	4.14570	0.09091	0.09091	1.19042	0.09091
466	2232	11.98210	0.09091	0.09092	0.09112	0.09091	0.09091	0.09091	361.19943	0.09095	0.09091	0.09093
467	1919	0.09091	0.09091	0.09091	0.09091	373.09091	0.09091	0.09091	0.09091	0.09091	0.09091	0.09091
468	1951	0.09091	0.09091	0.09091	0.09091	373.09091	0.09091	0.09091	0.09091	0.09091	0.09091	0.09091
469	2026	0.09091	0.09091	0.09177	303.21163	0.09091	0.09091	0.09092	5.95423	2.17072	47.25996	14.85715
470	2270	0.09091	0.09091	0.09091	0.09091	0.09091	0.09091	0.09091	0.09091	0.09091	0.09091	373.09091
471	2011	0.09091	0.09091	0.09091	0.09091	373.09091	0.09091	0.09091	0.09091	0.09091	0.09091	0.09091
472	1995	0.09091	0.09091	0.09091	0.09091	373.09091	0.09091	0.09091	0.09091	0.09091	0.09091	0.09091
473	2639	0.09091	0.09091	0.09091	0.09091	373.09091	0.09091	0.09091	0.09091	0.09091	0.09091	0.09091
474	1965	275.83943	0.09091	0.09091	0.09094	0.09091	0.09091	0.09091	15.63604	0.09091	0.09091	81.79721
475	1918	0.09091	0.09091	368.33911	0.09094	0.09091	0.09091	0.09091	0.09091	0.09091	4.84267	0.09091
476	2208	0.09091	0.09091	0.09110	0.09093	0.09091	0.09091	0.09091	0.09091	341.29341	31.88818	0.09091
477	2308	0.09091	0.09091	365.68476	0.09091	0.09091	1.61740	0.09092	0.09091	0.09091	5.97056	0.09091
478	1931	0.09091	0.09091	0.09091	0.09091	373.09091	0.09091	0.09091	0.09091	0.09091	0.09091	0.09091
479	2221	0.09091	0.09091	0.09091	0.09091	0.09091	0.09091	0.09091	0.09091	0.09091	0.09091	373.09091
480	2027	0.09091	0.09091	0.09091	0.09091	373.09091	0.09091	0.09091	0.09091	0.09091	0.09091	0.09091
481	2081	0.09091	0.09091	0.09093	265.06673	0.09091	0.09091	0.09091	2.73461	50.38895	0.09091	55.17333
482	2609	0.09091	0.09091	0.09091	0.09091	0.09091	0.09091	0.09091	0.09091	373.09091	0.09091	0.09091
483	2038	0.09091	0.09091	0.09091	272.38914	0.09091	0.09091	0.09091	61.79270	7.08030	0.09091	32.10149
484	2048	0.09091	0.09091	0.09157	0.09103	0.09091	0.09092	0.09091	140.63837	0.09092	76.37832	156.25524
485	2587	373.09091	0.09091	0.09091	0.09091	0.09091	0.09091	0.09091	0.09091	0.09091	0.09091	0.09091
486	2067	0.09091	0.09091	0.09091	0.09091	0.09091	0.09091	373.09091	0.09091	0.09091	0.09091	0.09091
487	1980	0.09091	0.09091	0.09091	0.09091	373.09091	0.09091	0.09091	0.09091	0.09091	0.09091	0.09091
488	2185	0.09091	0.09091	0.09091	256.18991	0.09091	0.09091	0.09091	23.57543	0.09091	0.09091	93.50739
489	2537	0.09091	0.09091	0.09091	249.22904	0.09091	0.09091	0.09091	26.95180	0.09093	0.09091	97.09187
490	2004	0.09091	0.09091	0.09091	0.09091	373.09091	0.09091	0.09091	0.09091	0.09091	0.09091	0.09091
491	2315	0.09091	0.09091	0.09091	0.09091	0.09091	0.09091	0.09091	0.09091	373.09091	0.09091	0.09091
492	2249	43.97324	0.09091	0.09091	329.20857	0.09091	0.09091	0.09091	0.09091	0.09091	0.09091	0.09091
493	2147	0.09091	0.09091	0.09091	0.09091	0.09091	0.09091	373.09091	0.09091	0.09091	0.09091	0.09091
494	2502	0.09091	0.09091	0.09091	353.16069	0.09091	0.09091	0.09091	9.15276	10.95927	0.09091	0.09091
495	2137	0.09091	0.09091	0.09169	0.09097	0.09091	0.09091	0.09092	0.09091	340.04329	33.13767	0.09091
496	2362	0.09091	0.09091	0.09091	0.09091	0.09091	0.09091	0.09091	0.09091	0.09091	0.09091	373.09091
497	2398	0.09091	10.68513	0.09103	308.31658	0.09091	0.09091	0.09092	0.57637	41.35743	0.09091	12.51890
498	2589	0.09091	0.09091	0.09091	347.15655	0.09091	0.09091	0.09091	20.10337	6.01281	0.09091	0.09091
499	2463	0.09091	0.09091	0.09091	369.83924	0.09091	0.09091	0.09091	0.09091	0.20007	0.09091	3.23342
500	2170	0.09091	373.09091	0.09091	0.09091	0.09091	0.09091	0.09091	0.09091	0.09091	0.09091	0.09091
501	2479	0.09091	0.09091	0.09091	0.09091	0.09091	0.09091	0.09091	0.09091	0.09091	0.09091	373.09091
502	2134	0.09091	0.09091	0.09091	313.35369	0.09091	0.09091	0.09092	4.78766	55.13136	0.09091	0.09091
503	2115	0.09091	0.09091	370.28131	0.09091	0.09091	0.09091	2.90051	0.09091	0.09091	0.09091	0.09091
504	2088	0.09091	0.09091	363.52955	0.09092	0.09091	0.58544	7.06271	0.09091	0.09091	2.18593	0.09091
505	2145	81.93275	0.09091	0.09091	0.09096	13.09661	0.09091	0.09091	214.22555	0.09091	0.09091	64.10868
506	2174	0.09091	0.09091	0.09091	343.67070	0.09091	0.09091	0.09091	26.25427	0.09165	0.09091	3.34701
507	2546	0.09091	0.09091	367.79965	0.09091	0.09091	1.93962	3.53346	0.09091	0.09091	0.09091	0.09091
508	2344	0.09091	0.09091	0.09091	286.33399	0.09091	0.09091	0.09091	3.46032	0.09091	0.09091	83.47841
509	2274	0.09091	0.09091	0.09091	0.09091	0.09091	0.09091	0.09091	0.09091	0.09091	0.09091	373.09091
510	2415	0.09091	0.09091	0.09091	0.09091	0.09091	0.09091	0.09091	0.09091	0.09091	0.09091	373.09091
511	2037	0.09091	0.09091	344.41176	0.09091	0.09091	1.52459	27.29344	0.09091	0.09091	0.13385	0.09091
512	2136	0.09091	0.09091	367.90611	0.09091	0.09091	0.11287	5.25375	0.09091	0.09091	0.09091	0.09091
513	1958	0.09091	0.09091	0.09091	0.09091	373.09091	0.09091	0.09091	0.09091	0.09091	0.09091	0.09091
514	2486	0.09091	373.09091	0.09091	0.09091	0.09091	0.09091	0.09091	0.09091	0.09091	0.09091	0.09091
515	2513	0.09091	373.09091	0.09091	0.09091	0.09091	0.09091	0.09091	0.09091	0.09091	0.09091	0.09091
516	2471	0.09091	0.09091	0.09092	354.27865	0.09091	0.09091	0.09091	9.79134	9.20273	0.09091	0.09091
517	2190	0.09091	0.09091	373.09091	0.09091	0.09091	0.09091	0.09091	0.09091	0.09091	0.09091	0.09091
518	2041	373.09091	0.09091	0.09091	0.09091	0.09091	0.09091	0.09091	0.09091	0.09091	0.09091	0.09091
519	2456	266.51948	0.09091	0.09091	0.09091	0.09091	0.09091	0.09091	0.09091	0.09091	106.66234	0.09091
520	2610	0.09091	0.09091	0.09091	129.56363	0.09091	0.09091	0.09091	87.39203	0.09091	0.09091	156.31706
521	2401	0.09091	328.98753	0.09105	0.09127	0.09091	0.09091	0.09091	44.19367	0.09102	0.09091	0.09091
522	2540	242.59715	0.09091	0.09091	0.09091	0.09091	0.09091	0.09091	0.09091	0.09091	0.09091	130.58466
523	2198	0.09091	0.09091	0.09091	373.09091	0.09091	0.09091	0.09091	0.09091	0.09091	0.09091	0.09091
524	2039	0.09091	0.09091	0.09091	319.63110	0.09091	0.09091	0.09091	7.05436	46.58726	0.09091	0.09092
525	1973	0.09091	0.09091	0.09091	0.09091	373.09091	0.09091	0.09091	0.09091	0.09091	0.09091	0.09091
526	2525	0.09091	0.09091	0.09091	0.09091	0.09091	0.09091	0.09091	0.09091	0.09091	0.09091	373.09091
527	2128	0.09091	0.09091	0.09149	320.55207	4.47711	0.09092	0.09092	0.09091	2.74098	11.27658	34.40719
528	2474	373.09091	0.09091	0.09091	0.09091	0.09091	0.09091	0.09091	0.09091	0.09091	0.09091	0.09091
529	2411	373.09091	0.09091	0.09091	0.09091	0.09091	0.09091	0.09091	0.09091	0.09091	0.09091	0.09091
530	2476	0.09091	0.09091	0.09091	0.09091	0.09091	0.09091	373.09091	0.09091	0.09091	0.09091	0.09091
531	2443	0.09091	54.52401	0.09111	0.09091	0.09091	0.09091	230.13051	88.61798	0.09092	0.09091	0.09091
532	2545	0.09091	46.71591	0.09094	0.09091	0.09091	0.09091	326.46588	0.09091	0.09091	0.09091	0.09091
533	2314	373.09091	0.09091	0.09091	0.09091	0.09091	0.09091	0.09091	0.09091	0.09091	0.09091	0.09091
534	2576	0.09091	0.09091	0.09091	0.09091	0.09091	0.09091	373.09091	0.09091	0.09091	0.09091	0.09091
535	2318	0.09091	0.09091	0.09091	0.09093	0.09091	0.09091	0.09091	85.93613	0.09091	0.09091	287.24566
536	2618	373.09091	0.09091	0.09091	0.09091	0.09091	0.09091	0.09091	0.09091	0.09091	0.09091	0.09091
537	2021	0.09091	0.09091	360.56726	0.09092	0.09091	0.09094	0.09091	0.09091	0.09091	12.61452	0.09091
538	1933	373.09091	0.09091	0.09091	0.09091	0.09091	0.09091	0.09091	0.09091	0.09091	0.09091	0.09091
539	2403	373.09091	0.09091	0.09091	0.09091	0.09091	0.09091	0.09091	0.09091	0.09091	0.09091	0.09091
540	2179	0.09091	0.09091	373.06666	0.09091	0.09091	0.11516	0.09091	0.09091	0.09091	0.09091	0.09091
541	2031	0.09091	0.09091	0.09091	0.09101	0.09091	0.09091	0.09091	198.25658	0.09092	0.09091	174.92513
542	2216	0.09091	0.09091	367.38676	0.09091	0.09091	2.38327	3.50269	0.09091	0.09091	0.09091	0.09091
543	2444	0.09091	373.09091	0.09091	0.09091	0.09091	0.09091	0.09091	0.09091	0.09091	0.09091	0.09091
544	2473	0.09091	0.09091	0.09091	0.09091	0.09091	0.09091	0.09091	373.09091	0.09091	0.09091	0.09091
545	2325	12.87304	0.09091	0.09091	177.62143	0.09091	0.09091	0.09091	63.96188	0.09091	0.09091	118.90729
546	2119	373.09091	0.09091	0.09091	0.09091	0.09091	0.09091	0.09091	0.09091	0.09091	0.09091	0.09091
547	2566	16.27989	0.09091	0.09091	0.09091	0.09091	0.09091	0.09091	356.90192	0.09091	0.09091	0.09091
548	2205	0.09091	0.09091	0.09091	0.09093	0.09091	0.09091	0.09091	216.62142	0.09091	0.09091	156.56038
549	2652	0.09091	0.09091	0.09091	0.09091	0.09091	0.09091	0.09091	0.09091	0.09091	0.09091	373.09091
550	2330	0.09091	0.09091	0.09091	342.96581	0.09091	0.09091	0.09091	0.09091	30.21601	0.09091	0.09091
551	2316	331.64647	0.09091	0.09091	0.09092	0.09091	0.09091	0.09091	0.09091	41.53533	0.09091	0.09091
552	2178	373.09091	0.09091	0.09091	0.09091	0.09091	0.09091	0.09091	0.09091	0.09091	0.09091	0.09091
553	2035	373.09091	0.09091	0.09091	0.09091	0.09091	0.09091	0.09091	0.09091	0.09091	0.09091	0.09091
554	2049	373.09091	0.09091	0.09091	0.09091	0.09091	0.09091	0.09091	0.09091	0.09091	0.09091	0.09091
555	2268	0.09091	0.09091	0.09091	273.68273	66.39314	0.09091	0.09091	12.96549	20.32226	0.09091	0.09091
556	2332	0.09091	0.09091	0.09091	317.97599	0.09091	0.09091	0.09091	4.57609	47.02673	0.09091	3.78482
557	2146	373.09091	0.09091	0.09091	0.09091	0.09091	0.09091	0.09091	0.09091	0.09091	0.09091	0.09091
558	2383	0.09091	0.09091	0.09091	0.09091	0.09091	0.09091	373.09091	0.09091	0.09091	0.09091	0.09091
559	2637	0.09091	0.09091	0.09091	0.09091	0.09091	0.09091	0.09091	0.09091	0.09091	0.09091	373.09091
560	1970	0.09091	0.09091	0.09091	225.66947	0.09091	0.09091	0.09091	0.09091	0.09091	0.09091	147.51235
561	2012	0.09091	0.09091	0.09091	0.09091	373.09091	0.09091	0.09091	0.09091	0.09091	0.09091	0.09091
562	2171	0.09091	0.09091	0.09091	0.09091	373.09091	0.09091	0.09091	0.09091	0.09091	0.09091	0.09091
563	2209	0.09091	0.09091	0.09091	0.09096	0.09091	0.09091	0.09091	71.01346	0.09091	0.09091	302.16830
564	1963	0.09091	0.09091	368.66089	0.09091	0.09091	0.09091	4.52093	0.09091	0.09091	0.09091	0.09091
565	2304	0.09091	0.09091	0.09091	274.82899	0.09091	0.09091	0.09091	0.09091	0.09091	0.09091	98.35283
566	2355	0.09091	0.09091	0.09091	344.05382	14.99745	0.09091	0.09091	0.09091	0.09091	0.09091	14.22145
567	2148	0.09091	0.09091	0.09091	292.24158	0.09091	0.09091	0.09091	4.51080	76.52034	0.09091	0.09092
568	2259	0.09091	33.61892	0.09091	0.09100	0.09091	0.09091	0.09091	93.34759	246.30610	0.09091	0.09092
569	2066	0.09091	0.09091	0.09091	0.09091	0.09091	0.09091	0.09091	373.09091	0.09091	0.09091	0.09091
570	2151	0.09091	0.09091	0.09091	373.09091	0.09091	0.09091	0.09091	0.09091	0.09091	0.09091	0.09091
571	2393	0.09091	12.18586	0.09110	0.09091	0.09091	0.09092	360.99574	0.09091	0.09091	0.09091	0.09091
572	2438	0.09091	0.09091	0.09094	0.09097	0.09091	0.09091	0.09091	0.09091	48.29848	0.09091	324.88325
573	2400	0.09091	0.09091	0.09091	373.09091	0.09091	0.09091	0.09091	0.09091	0.09091	0.09091	0.09091
574	2454	0.09091	0.09091	0.09091	0.09091	0.09091	0.09091	373.09091	0.09091	0.09091	0.09091	0.09091
575	2284	0.09091	0.09091	0.09091	0.09091	373.09091	0.09091	0.09091	0.09091	0.09091	0.09091	0.09091
576	2298	0.09091	0.09091	0.09091	222.85364	0.09091	0.09091	0.09091	0.09091	0.09091	0.09091	150.32818
577	2003	0.09091	0.09091	0.09091	0.09091	0.09091	0.09091	0.09091	0.09091	0.09091	0.09091	373.09091
578	2295	0.09091	0.09091	0.09091	355.33602	0.09091	0.09091	0.09091	0.09091	0.13956	0.09091	17.79716
579	1990	373.09091	0.09091	0.09091	0.09091	0.09091	0.09091	0.09091	0.09091	0.09091	0.09091	0.09091
580	2544	0.09091	0.09091	0.09117	331.16731	0.09091	0.09091	0.09091	26.44797	15.65715	0.09092	0.09093
581	2061	0.09091	0.09091	0.09091	0.09091	373.09091	0.09091	0.09091	0.09091	0.09091	0.09091	0.09091
582	1976	0.09091	0.09091	0.09091	0.09091	373.09091	0.09091	0.09091	0.09091	0.09091	0.09091	0.09091
583	1927	0.09091	0.09091	0.09091	0.09091	373.09091	0.09091	0.09091	0.09091	0.09091	0.09091	0.09091
584	2055	0.09091	0.09091	367.86552	0.09093	0.09091	0.09691	0.09091	0.09091	5.30912	0.09206	0.09091
585	2350	0.09091	0.09091	0.09161	55.21761	0.09091	0.09091	303.97732	0.09091	0.09091	0.09091	14.07709
586	2588	0.09091	0.09091	0.09091	359.78772	0.09091	0.09091	0.09091	8.71257	4.77243	0.09091	0.09091
587	2450	335.80696	0.09091	0.09091	0.09091	0.09091	0.09091	0.09091	37.37486	0.09091	0.09091	0.09091
588	2320	0.09091	373.09091	0.09091	0.09091	0.09091	0.09091	0.09091	0.09091	0.09091	0.09091	0.09091
589	1992	0.09091	373.09091	0.09091	0.09091	0.09091	0.09091	0.09091	0.09091	0.09091	0.09091	0.09091
590	2571	0.09091	0.09091	0.09091	0.09096	99.90461	0.09091	0.09091	64.59108	208.77699	0.09091	0.09091
591	2234	0.09091	0.09091	0.09091	0.09091	0.09091	0.09091	373.09091	0.09091	0.09091	0.09091	0.09091
592	2387	0.09091	0.09091	0.09129	0.09094	0.09091	0.09091	347.27215	0.09091	18.20059	0.09091	7.79958
593	1968	0.09091	0.09091	0.09091	0.09091	373.09091	0.09091	0.09091	0.09091	0.09091	0.09091	0.09091
594	2585	0.09091	0.09091	0.09091	0.09091	373.09091	0.09091	0.09091	0.09091	0.09091	0.09091	0.09091
595	2405	373.09091	0.09091	0.09091	0.09091	0.09091	0.09091	0.09091	0.09091	0.09091	0.09091	0.09091
596	2162	373.09091	0.09091	0.09091	0.09091	0.09091	0.09091	0.09091	0.09091	0.09091	0.09091	0.09091
597	2402	373.09091	0.09091	0.09091	0.09091	0.09091	0.09091	0.09091	0.09091	0.09091	0.09091	0.09091
598	2238	373.09091	0.09091	0.09091	0.09091	0.09091	0.09091	0.09091	0.09091	0.09091	0.09091	0.09091
599	2089	373.09091	0.09091	0.09091	0.09091	0.09091	0.09091	0.09091	0.09091	0.09091	0.09091	0.09091
600	2044	0.09091	0.09091	0.09091	0.09091	0.09091	0.09091	373.09091	0.09091	0.09091	0.09091	0.09091
601	2379	0.09091	0.09091	0.09091	0.09091	0.09091	0.09091	0.09091	373.09091	0.09091	0.09091	0.09091
602	2651	0.09091	0.09091	0.09091	0.09091	0.09091	0.09091	0.09091	265.48326	0.09091	0.09091	107.69855
603	2009	0.09091	0.09091	0.09091	0.09091	373.09091	0.09091	0.09091	0.09091	0.09091	0.09091	0.09091
604	2177	0.09091	0.09091	0.09091	0.09091	0.09091	0.09091	0.09091	0.09091	0.09091	0.09091	373.09091
605	2252	0.09091	0.09091	0.09091	0.09091	0.09091	0.09091	0.09091	0.09091	0.09091	0.09091	373.09091
606	2231	373.09091	0.09091	0.09091	0.09091	0.09091	0.09091	0.09091	0.09091	0.09091	0.09091	0.09091
607	2076	0.09091	373.09091	0.09091	0.09091	0.09091	0.09091	0.09091	0.09091	0.09091	0.09091	0.09091
608	2367	0.09091	0.09091	0.09091	0.09091	0.09091	0.09091	0.09091	373.09091	0.09091	0.09091	0.09091
609	2303	0.09091	0.09091	0.09091	0.09091	0.09091	0.09091	373.09091	0.09091	0.09091	0.09091	0.09091
610	2455	373.09091	0.09091	0.09091	0.09091	0.09091	0.09091	0.09091	0.09091	0.09091	0.09091	0.09091
611	2627	0.09091	0.09091	0.09091	0.09091	373.09091	0.09091	0.09091	0.09091	0.09091	0.09091	0.09091
612	2534	373.09091	0.09091	0.09091	0.09091	0.09091	0.09091	0.09091	0.09091	0.09091	0.09091	0.09091
613	2130	373.09091	0.09091	0.09091	0.09091	0.09091	0.09091	0.09091	0.09091	0.09091	0.09091	0.09091
614	2480	0.09091	0.09091	0.09091	0.09091	0.09091	0.09091	0.09091	0.09091	0.09091	0.09091	373.09091
615	2531	0.09091	0.09091	0.09092	294.16992	59.78975	0.09091	0.09091	0.09091	0.09092	0.09091	19.31304
616	2389	0.09091	0.09091	0.09091	266.35354	106.82827	0.09091	0.09091	0.09091	0.09091	0.09091	0.09091
617	2568	0.09091	0.09091	0.09091	0.09091	0.09091	0.09091	0.09091	0.09091	0.09091	0.09091	373.09091
618	2014	0.09091	0.09091	0.09091	0.09091	373.09091	0.09091	0.09091	0.09091	0.09091	0.09091	0.09091
619	1982	0.09091	61.29304	0.09109	0.09104	0.09091	0.09091	91.52714	156.56530	0.09095	0.09091	63.97780
620	2452	0.09091	0.09091	0.09091	0.09091	0.09091	0.09091	0.09091	0.09091	0.09091	0.09091	373.09091
621	2107	373.09091	0.09091	0.09091	0.09091	0.09091	0.09091	0.09091	0.09091	0.09091	0.09091	0.09091
622	2239	0.09091	0.09091	0.09091	319.44559	0.09091	0.09091	0.09091	0.09091	35.40817	0.09091	18.41897
623	2186	0.09091	0.09091	0.09091	0.09091	0.09091	0.09091	0.09091	373.09091	0.09091	0.09091	0.09091
624	2621	373.09091	0.09091	0.09091	0.09091	0.09091	0.09091	0.09091	0.09091	0.09091	0.09091	0.09091
625	2091	373.09091	0.09091	0.09091	0.09091	0.09091	0.09091	0.09091	0.09091	0.09091	0.09091	0.09091
626	2256	0.09091	0.09091	0.09091	0.09091	0.09091	0.09091	0.09091	373.09091	0.09091	0.09091	0.09091
627	2022	0.09091	0.09091	0.09091	0.09091	373.09091	0.09091	0.09091	0.09091	0.09091	0.09091	0.09091
628	2508	0.09091	0.09091	0.09091	326.17144	0.09091	0.09091	0.09091	21.23006	25.87122	0.09091	0.09092
629	1937	373.09091	0.09091	0.09091	0.09091	0.09091	0.09091	0.09091	0.09091	0.09091	0.09091	0.09091
630	2632	373.09091	0.09091	0.09091	0.09091	0.09091	0.09091	0.09091	0.09091	0.09091	0.09091	0.09091
631	2605	0.09091	0.09091	0.09139	298.32538	0.09091	0.09091	0.09092	0.09091	0.09153	24.37593	50.57030
632	2572	0.09091	0.09091	0.09107	0.09095	0.09091	0.09091	0.09091	0.09091	325.01590	2.81449	45.44214
633	2641	0.09091	0.09091	0.09091	0.09091	0.09091	0.09091	0.09091	0.09091	0.09091	0.09091	373.09091
634	2522	0.09091	0.09091	0.09091	275.77958	0.09091	0.09091	0.09091	62.96641	34.52670	0.09091	0.09093
635	2528	373.09091	0.09091	0.09091	0.09091	0.09091	0.09091	0.09091	0.09091	0.09091	0.09091	0.09091
636	2439	373.09091	0.09091	0.09091	0.09091	0.09091	0.09091	0.09091	0.09091	0.09091	0.09091	0.09091
637	2612	30.27675	0.09091	0.09091	0.09095	0.09091	0.09091	0.09091	342.90502	0.09091	0.09091	0.09091
638	2448	373.09091	0.09091	0.09091	0.09091	0.09091	0.09091	0.09091	0.09091	0.09091	0.09091	0.09091
639	1950	0.09091	0.09091	0.09091	0.09091	373.09091	0.09091	0.09091	0.09091	0.09091	0.09091	0.09091
640	2493	0.09091	0.09091	0.09091	0.09091	0.09091	0.09091	0.09091	0.09091	0.09091	0.09091	373.09091
641	2181	373.09091	0.09091	0.09091	0.09091	0.09091	0.09091	0.09091	0.09091	0.09091	0.09091	0.09091
642	2024	0.09091	0.09091	0.09091	0.09091	373.09091	0.09091	0.09091	0.09091	0.09091	0.09091	0.09091
643	2001	0.09091	0.09091	0.09091	0.09091	373.09091	0.09091	0.09091	0.09091	0.09091	0.09091	0.09091
644	2217	339.15154	0.09091	0.09091	0.09091	0.09091	0.09091	0.09091	34.03028	0.09091	0.09091	0.09091
645	1969	0.09091	0.09091	0.09091	0.09091	0.09091	0.09091	0.09091	0.09091	373.09091	0.09091	0.09091
646	2497	373.09091	0.09091	0.09091	0.09091	0.09091	0.09091	0.09091	0.09091	0.09091	0.09091	0.09091
647	2345	0.09091	0.09091	0.09091	0.09091	0.09091	0.09091	0.09091	373.09091	0.09091	0.09091	0.09091
648	2017	186.59088	0.09091	0.09091	0.09091	0.09091	0.09091	0.09093	62.25757	124.42426	0.09091	0.09091
649	2321	373.09091	0.09091	0.09091	0.09091	0.09091	0.09091	0.09091	0.09091	0.09091	0.09091	0.09091
650	2459	0.09091	0.09091	0.09091	0.09091	373.09091	0.09091	0.09091	0.09091	0.09091	0.09091	0.09091
651	2514	0.09091	0.09091	0.09091	0.09091	0.09091	0.09091	0.09091	373.09091	0.09091	0.09091	0.09091
652	2562	373.09091	0.09091	0.09091	0.09091	0.09091	0.09091	0.09091	0.09091	0.09091	0.09091	0.09091
653	2581	21.74370	0.09091	0.09127	0.09095	0.09091	0.09091	0.09093	150.12683	107.64948	22.36796	71.56616
654	2019	0.09091	0.09091	0.09091	0.09091	0.09091	0.09091	373.09091	0.09091	0.09091	0.09091	0.09091
655	2106	0.09091	0.09091	0.09091	0.09091	0.09091	0.09091	373.09091	0.09091	0.09091	0.09091	0.09091
656	2421	120.44950	0.09091	0.09091	0.09091	0.09091	0.09091	252.73231	0.09091	0.09092	0.09091	0.09091
657	2141	0.09091	0.09091	0.09091	0.09093	0.09091	0.09091	0.09091	5.57142	0.09091	0.09091	367.61038
658	2449	0.09091	0.09091	0.09125	0.09092	0.09091	0.09091	363.83343	9.34804	0.09091	0.09091	0.09091
659	2440	373.09091	0.09091	0.09091	0.09091	0.09091	0.09091	0.09091	0.09091	0.09091	0.09091	0.09091
660	2129	373.09091	0.09091	0.09091	0.09091	0.09091	0.09091	0.09091	0.09091	0.09091	0.09091	0.09091
661	2494	0.09091	0.09091	0.09091	0.09091	373.09091	0.09091	0.09091	0.09091	0.09091	0.09091	0.09091
662	2013	0.09091	0.09091	0.09091	0.09091	373.09091	0.09091	0.09091	0.09091	0.09091	0.09091	0.09091
663	2099	149.85077	0.09091	0.09091	198.46438	24.95758	0.09091	0.09091	0.09091	0.09091	0.09091	0.09091
664	1977	0.09091	0.09091	0.09091	0.09091	0.09091	0.09091	0.09091	373.09091	0.09091	0.09091	0.09091
665	2160	373.09091	0.09091	0.09091	0.09091	0.09091	0.09091	0.09091	0.09091	0.09091	0.09091	0.09091
666	2251	373.09091	0.09091	0.09091	0.09091	0.09091	0.09091	0.09091	0.09091	0.09091	0.09091	0.09091
667	2286	373.09091	0.09091	0.09091	0.09091	0.09091	0.09091	0.09091	0.09091	0.09091	0.09091	0.09091
668	2577	373.09091	0.09091	0.09091	0.09091	0.09091	0.09091	0.09091	0.09091	0.09091	0.09091	0.09091
669	2519	0.09091	0.09091	0.09091	373.09091	0.09091	0.09091	0.09091	0.09091	0.09091	0.09091	0.09091
670	1936	373.09091	0.09091	0.09091	0.09091	0.09091	0.09091	0.09091	0.09091	0.09091	0.09091	0.09091
671	2413	0.09091	0.09091	0.09091	343.05645	30.12537	0.09091	0.09091	0.09091	0.09091	0.09091	0.09091
672	2065	0.09091	0.09091	0.09131	0.09094	0.09091	0.09091	0.09091	0.09091	330.41710	42.76428	0.09091
673	2599	0.09091	0.09091	0.09091	0.09091	0.09091	0.09091	0.09091	0.09091	373.09091	0.09091	0.09091
674	2490	0.09091	373.09091	0.09091	0.09091	0.09091	0.09091	0.09091	0.09091	0.09091	0.09091	0.09091
675	2248	373.09091	0.09091	0.09091	0.09091	0.09091	0.09091	0.09091	0.09091	0.09091	0.09091	0.09091
676	2342	373.09091	0.09091	0.09091	0.09091	0.09091	0.09091	0.09091	0.09091	0.09091	0.09091	0.09091
677	1949	373.09091	0.09091	0.09091	0.09091	0.09091	0.09091	0.09091	0.09091	0.09091	0.09091	0.09091
678	1956	166.68279	0.09091	0.09091	0.09091	0.09091	0.09091	0.09091	0.09091	0.09091	0.09091	206.49903
679	2281	0.09091	0.09091	0.09091	0.09091	0.09091	0.09091	0.09091	0.09091	0.09091	0.09091	373.09091
680	2070	373.09091	0.09091	0.09091	0.09091	0.09091	0.09091	0.09091	0.09091	0.09091	0.09091	0.09091
681	2272	0.09091	0.09091	0.09091	0.09091	0.09091	0.09091	0.09091	0.09091	0.09091	0.09091	373.09091
682	2080	373.09091	0.09091	0.09091	0.09091	0.09091	0.09091	0.09091	0.09091	0.09091	0.09091	0.09091
683	2265	0.09091	0.09091	0.09091	0.09091	0.09091	0.09091	0.09091	373.09091	0.09091	0.09091	0.09091
684	2167	0.09091	0.09091	0.09091	0.09091	0.09091	0.09091	0.09091	0.09091	0.09091	0.09091	373.09091
685	2426	0.09091	373.09091	0.09091	0.09091	0.09091	0.09091	0.09091	0.09091	0.09091	0.09091	0.09091
686	2255	0.09091	331.64648	0.09091	0.09091	0.09091	0.09091	0.09091	41.53534	0.09091	0.09091	0.09091
687	2622	0.09091	373.09091	0.09091	0.09091	0.09091	0.09091	0.09091	0.09091	0.09091	0.09091	0.09091
688	2524	0.09091	0.09091	0.09145	0.09095	0.09091	0.09091	0.09093	0.09091	66.87480	306.30641	0.09091
689	2008	316.15292	0.09091	0.09091	0.09091	0.09091	0.09091	0.09091	57.02889	0.09091	0.09091	0.09091
690	2173	373.09091	0.09091	0.09091	0.09091	0.09091	0.09091	0.09091	0.09091	0.09091	0.09091	0.09091
691	1915	373.09091	0.09091	0.09091	0.09091	0.09091	0.09091	0.09091	0.09091	0.09091	0.09091	0.09091
692	2614	373.09091	0.09091	0.09091	0.09091	0.09091	0.09091	0.09091	0.09091	0.09091	0.09091	0.09091
693	2023	373.09091	0.09091	0.09091	0.09091	0.09091	0.09091	0.09091	0.09091	0.09091	0.09091	0.09091
694	2193	373.09091	0.09091	0.09091	0.09091	0.09091	0.09091	0.09091	0.09091	0.09091	0.09091	0.09091
695	2422	373.09091	0.09091	0.09091	0.09091	0.09091	0.09091	0.09091	0.09091	0.09091	0.09091	0.09091
696	2441	373.09091	0.09091	0.09091	0.09091	0.09091	0.09091	0.09091	0.09091	0.09091	0.09091	0.09091
697	1961	67.83688	0.09091	0.09091	0.09093	0.09091	0.09091	0.09091	0.09091	0.09091	0.09091	305.34491
698	2505	0.09091	0.09091	0.09091	0.09091	0.09091	0.09091	0.09091	373.09091	0.09091	0.09091	0.09091
699	2094	0.09091	0.09091	0.09091	0.09091	0.09091	0.09091	0.09091	0.09091	0.09091	0.09091	373.09091
700	2036	0.09091	0.09091	0.09091	0.09091	0.09091	0.09091	0.09091	373.09091	0.09091	0.09091	0.09091
701	2656	373.09091	0.09091	0.09091	0.09091	0.09091	0.09091	0.09091	0.09091	0.09091	0.09091	0.09091
702	2100	0.09091	0.09091	0.09091	0.09091	0.09091	0.09091	0.09091	373.09091	0.09091	0.09091	0.09091
703	2277	303.31402	0.09091	0.09091	0.09093	0.09091	0.09091	0.09091	69.86777	0.09091	0.09091	0.09091
704	2580	373.09091	0.09091	0.09091	0.09091	0.09091	0.09091	0.09091	0.09091	0.09091	0.09091	0.09091
705	1974	0.09091	0.09091	0.09091	0.09091	0.09091	0.09091	0.09091	373.09091	0.09091	0.09091	0.09091
706	2380	373.09091	0.09091	0.09091	0.09091	0.09091	0.09091	0.09091	0.09091	0.09091	0.09091	0.09091
707	2301	92.91798	0.09091	0.09091	0.09091	0.09091	0.09091	0.09091	0.09091	0.09091	0.09091	280.26384
708	2182	0.09091	0.09091	0.09091	0.09091	0.09091	0.09091	0.09091	0.09091	0.09091	0.09091	373.09091
709	2175	129.93990	0.09091	0.09091	0.09099	0.09091	0.09091	0.09091	164.89212	0.09091	0.09091	78.44061
710	2481	373.09091	0.09091	0.09091	0.09091	0.09091	0.09091	0.09091	0.09091	0.09091	0.09091	0.09091
711	2515	0.09091	373.09091	0.09091	0.09091	0.09091	0.09091	0.09091	0.09091	0.09091	0.09091	0.09091
712	2488	373.09091	0.09091	0.09091	0.09091	0.09091	0.09091	0.09091	0.09091	0.09091	0.09091	0.09091
713	2015	373.09091	0.09091	0.09091	0.09091	0.09091	0.09091	0.09091	0.09091	0.09091	0.09091	0.09091
714	2312	0.09091	0.09091	0.09091	373.09091	0.09091	0.09091	0.09091	0.09091	0.09091	0.09091	0.09091
715	2635	0.09091	0.09091	0.09091	0.09099	0.09092	0.09091	0.09091	153.72619	219.45552	0.09091	0.09091
716	2051	373.09091	0.09091	0.09091	0.09091	0.09091	0.09091	0.09091	0.09091	0.09091	0.09091	0.09091
717	2262	0.09091	0.09091	0.09091	0.09091	0.09091	0.09091	373.09091	0.09091	0.09091	0.09091	0.09091
718	2305	0.09091	0.09091	0.09091	0.09091	0.09091	0.09091	0.09091	0.09091	373.09091	0.09091	0.09091
719	2230	373.09091	0.09091	0.09091	0.09091	0.09091	0.09091	0.09091	0.09091	0.09091	0.09091	0.09091
720	2034	227.02095	0.09091	0.09091	0.09091	0.09091	0.09091	146.16087	0.09091	0.09091	0.09091	0.09091
721	2527	0.09091	0.09091	0.09091	0.09091	0.09091	0.09091	0.09091	373.09091	0.09091	0.09091	0.09091
722	2227	373.09091	0.09091	0.09091	0.09091	0.09091	0.09091	0.09091	0.09091	0.09091	0.09091	0.09091
723	2113	326.73217	0.09091	0.09091	0.09091	0.09091	0.09091	0.09091	46.44965	0.09091	0.09091	0.09091
724	1996	0.09091	0.09091	0.09091	0.09091	0.09091	0.09091	0.09091	0.09091	373.09091	0.09091	0.09091
725	2541	0.09091	0.09091	0.09091	0.09091	0.09091	0.09091	0.09091	0.09091	0.09091	373.09091	0.09091
726	2358	373.09091	0.09091	0.09091	0.09091	0.09091	0.09091	0.09091	0.09091	0.09091	0.09091	0.09091
727	2431	373.09091	0.09091	0.09091	0.09091	0.09091	0.09091	0.09091	0.09091	0.09091	0.09091	0.09091
728	2373	373.09091	0.09091	0.09091	0.09091	0.09091	0.09091	0.09091	0.09091	0.09091	0.09091	0.09091
729	2548	373.09091	0.09091	0.09091	0.09091	0.09091	0.09091	0.09091	0.09091	0.09091	0.09091	0.09091
730	2085	83.46897	0.09091	0.09091	0.09091	0.09091	0.09091	0.09091	289.71283	0.09091	0.09091	0.09092
731	2382	0.09091	0.09091	0.09091	0.09091	0.09091	0.09091	0.09091	0.09091	0.09091	373.09091	0.09091
732	2263	373.09091	0.09091	0.09091	0.09091	0.09091	0.09091	0.09091	0.09091	0.09091	0.09091	0.09091
733	2595	0.09091	0.09091	0.09091	0.09091	0.09091	0.09091	0.09091	373.09091	0.09091	0.09091	0.09091
734	1924	0.09091	373.09091	0.09091	0.09091	0.09091	0.09091	0.09091	0.09091	0.09091	0.09091	0.09091
735	2388	373.09091	0.09091	0.09091	0.09091	0.09091	0.09091	0.09091	0.09091	0.09091	0.09091	0.09091
736	2565	0.09091	0.09091	0.09091	0.09091	0.09091	0.09091	0.09091	0.09091	373.09091	0.09091	0.09091
737	563	0.09091	0.09091	0.09091	0.09091	0.09091	373.09091	0.09091	0.09091	0.09091	0.09091	0.09091
738	1967	0.09091	0.09091	0.09091	0.09091	0.09091	373.09091	0.09091	0.09091	0.09091	0.09091	0.09091
739	2483	0.09091	0.09091	0.09091	0.09091	0.09091	0.09091	0.09091	373.09091	0.09091	0.09091	0.09091
740	2634	373.09091	0.09091	0.09091	0.09091	0.09091	0.09091	0.09091	0.09091	0.09091	0.09091	0.09091
741	2204	0.09091	0.09091	0.09091	0.09091	0.09091	0.09091	373.09091	0.09091	0.09091	0.09091	0.09091
742	2168	0.09091	0.09091	0.09091	0.09091	0.09091	0.09091	373.09091	0.09091	0.09091	0.09091	0.09091
743	2219	0.09091	0.09091	0.09091	0.09091	0.09091	0.09091	0.09091	373.09091	0.09091	0.09091	0.09091
744	2442	0.09091	0.09091	0.09091	0.09091	0.09091	0.09091	373.09091	0.09091	0.09091	0.09091	0.09091
745	2437	0.09091	0.09091	0.09091	0.09091	0.09091	0.09091	373.09091	0.09091	0.09091	0.09091	0.09091
746	428	0.09091	0.09091	0.09091	0.09091	0.09091	373.09091	0.09091	0.09091	0.09091	0.09091	0.09091
