0	2290	0.16667	0.16667	0.16667	0.16667	0.16667	373.16667
1	2363	0.16667	0.16667	0.16667	0.16667	0.16667	373.16667
2	2346	0.16667	0.16667	0.16667	373.16667	0.16667	0.16667
3	2025	0.16667	0.16667	0.16667	373.16667	0.16667	0.16667
4	2140	2.41287	0.16667	0.16667	0.16667	0.16669	370.92045
5	2428	6.14937	0.16667	0.16667	0.16667	0.16675	367.18388
6	2201	2.17403	0.16667	0.16667	0.16667	0.16668	371.15928
7	2506	6.34049	0.16667	0.16667	0.16667	0.16679	366.99271
8	2425	11.64057	0.16667	361.65674	0.16672	0.18119	0.18812
9	2557	0.16667	0.16667	373.16667	0.16667	0.16667	0.16667
10	2532	3.73761	0.16667	0.16667	0.16667	0.16667	369.59571
11	2073	0.16667	0.16667	0.16667	0.16667	0.16667	373.16667
12	2278	2.34855	0.16667	0.16676	0.16667	9.68344	361.46792
13	2551	0.16668	0.16667	0.16667	0.16667	4.99611	368.33721
14	2077	0.16667	0.16667	0.16667	0.16667	0.16667	373.16667
15	2369	0.16667	0.16667	0.16667	0.16667	0.16667	373.16667
16	1465	0.16667	0.16667	0.16667	0.16667	373.16667	0.16667
17	2592	0.16667	0.16667	0.16667	0.16667	373.16667	0.16667
18	2046	0.16667	0.16667	0.16667	0.16667	0.16667	373.16667
19	1941	0.16669	0.16667	0.16673	0.16668	191.48423	181.84900
20	2518	0.16673	0.16667	16.70222	0.16667	326.54045	30.25727
21	2132	0.16667	0.16667	0.16667	0.16667	373.16666	0.16667
22	2650	373.16667	0.16667	0.16667	0.16667	0.16667	0.16667
23	2207	373.16667	0.16667	0.16667	0.16667	0.16667	0.16667
24	2553	2.36194	0.16667	0.16667	0.16667	0.16667	370.97139
25	2078	3.87186	0.16667	0.16667	0.16667	0.16675	369.46139
26	2203	0.16667	0.16667	0.16667	0.16667	373.16667	0.16667
27	2143	0.16667	0.16667	0.16670	54.82041	318.51262	0.16694
28	2224	0.16667	0.16667	0.16667	0.16667	373.16667	0.16667
29	2510	2.91686	0.16667	0.16671	0.16668	370.41627	0.16681
30	2240	3.94908	0.16667	0.16667	0.16667	0.16674	369.38418
31	2563	0.16667	0.16667	0.16667	0.16667	0.16667	373.16667
32	2122	0.16667	0.16667	0.16667	0.16667	0.16667	373.16667
33	2118	2.18692	0.16667	0.16667	0.16667	0.16668	371.14639
34	1944	0.16667	0.16667	373.16667	0.16667	0.16667	0.16667
35	2117	0.16667	0.16667	44.95208	13.67682	314.87099	0.16677
36	2611	14.95221	0.16667	0.16667	0.16667	0.16689	358.38090
37	2184	4.31359	0.16667	0.16667	0.16667	0.16674	369.01967
38	2354	0.16667	0.16667	0.16667	0.16667	0.16667	373.16667
39	2169	0.16667	0.16667	0.16667	0.16667	373.16667	0.16667
40	2283	0.16667	0.16667	4.96611	7.29239	361.24136	0.16680
41	2620	0.16667	0.16667	0.16667	373.16667	0.16667	0.16667
42	1998	0.16667	0.16667	0.16667	373.16667	0.16667	0.16667
43	2654	0.16667	0.16667	0.16667	0.16667	0.16667	373.16667
44	2646	3.02540	0.16667	0.16668	0.16667	0.16706	370.30753
45	2228	0.16667	0.16667	0.16667	373.16667	0.16667	0.16667
46	2082	0.16667	0.16667	0.16667	373.16667	0.16667	0.16667
47	1979	0.16667	0.16667	0.16667	0.16667	0.16667	373.16667
48	2484	0.16667	0.16667	0.16667	0.16667	0.16667	373.16667
49	2257	0.16667	0.16667	0.16667	0.16667	0.16667	373.16667
50	2005	0.16667	0.16667	0.16667	0.16667	0.16667	373.16667
51	2560	0.16696	0.16667	0.16685	0.16667	8.76569	364.56716
52	1962	0.16667	0.16667	0.16667	0.16667	0.16667	373.16667
53	2206	3.78244	0.16667	0.16667	0.16667	0.16669	369.55087
54	2520	4.75307	0.16667	0.16667	0.16667	0.16675	368.58019
55	2104	0.16667	0.16667	0.16667	0.16667	0.16667	373.16667
56	2602	9.79341	0.16667	0.16667	0.16667	0.16678	363.53981
57	2521	0.16667	0.16667	0.16667	0.16667	0.16667	373.16667
58	2233	0.16668	0.16667	0.16675	0.16693	20.50213	352.83084
59	2200	4.53292	0.16667	0.16667	0.16667	0.16668	368.80040
60	2294	0.16667	0.16667	3.40742	0.16667	369.92589	0.16668
61	1981	0.16667	0.16667	0.16667	0.16667	373.16667	0.16667
62	2187	0.16667	0.16667	0.16667	0.16667	373.16667	0.16667
63	1916	0.16667	0.16667	10.00419	0.16667	363.32912	0.16668
64	1945	0.16667	0.16667	2.84135	0.16668	370.49190	0.16673
65	1959	0.16667	0.16667	0.16667	0.16667	373.16667	0.16667
66	1971	0.16667	0.16667	0.16667	0.16667	0.16667	373.16667
67	2436	0.16667	0.16667	0.16667	0.16667	373.16667	0.16667
68	2042	0.16667	0.16667	0.16667	0.16667	373.16667	0.16667
69	2084	21.95737	0.16667	0.16669	0.16667	0.16701	351.37560
70	2624	0.16667	0.16667	0.16667	0.16667	0.16667	373.16667
71	2364	0.16667	0.16667	0.16667	373.16667	0.16667	0.16667
72	1991	0.16667	0.16667	0.16667	373.16667	0.16667	0.16667
73	2110	0.16667	0.16667	0.16667	0.16667	373.16667	0.16667
74	2029	0.16668	0.16667	164.11433	0.16720	209.21832	0.16680
75	2607	2.11264	0.16667	0.16667	0.16667	0.16673	371.22062
76	2649	0.16667	0.16667	0.16667	0.16667	373.16667	0.16667
77	2087	0.16667	0.16667	0.16667	0.16667	373.16667	0.16667
78	2188	2.11507	0.16667	0.16667	0.16667	0.16669	371.21824
79	2477	0.16667	0.16667	0.16667	0.16667	0.16667	373.16667
80	2386	2.88360	0.16667	0.16667	0.16667	0.16669	370.44971
81	2543	0.16669	0.16667	1.46413	0.16668	169.01276	203.02307
82	2604	4.02375	0.16667	0.16667	0.16667	0.16675	369.30950
83	2561	5.08886	0.16667	0.16667	0.16667	0.16678	368.24436
84	2433	0.16667	0.16667	0.16667	0.16667	0.16667	373.16667
85	2496	0.16667	0.16667	0.16667	0.16667	373.16667	0.16667
86	2153	0.16667	0.16667	0.16667	0.16667	373.16667	0.16667
87	2536	0.16669	0.16667	0.16667	0.16667	12.86538	360.46792
88	2482	2.54769	0.16667	0.16667	0.16667	0.16669	370.78562
89	2512	8.08248	0.16667	5.34558	0.16668	317.35233	42.88627
90	2010	0.16667	0.16667	0.16667	0.16667	373.16667	0.16667
91	2103	4.27362	0.16667	0.16667	0.16667	0.16669	369.05969
92	2253	2.57037	0.16667	0.16667	0.16667	0.16670	370.76294
93	2500	0.16667	0.16667	0.16667	0.16667	0.16667	373.16667
94	2063	2.89437	0.16667	0.16667	0.16667	3.00430	367.60133
95	2509	0.16667	0.16667	0.16667	0.16667	373.16667	0.16667
96	2399	15.11795	0.16667	10.25973	0.16667	348.12206	0.16692
97	2150	0.16667	0.16667	0.16667	0.16667	0.16667	373.16667
98	2030	2.18230	0.16667	0.16667	0.16667	0.16669	371.15101
99	2374	0.16667	0.16667	0.16667	0.16667	0.16667	373.16667
100	1986	7.64225	0.16667	0.16667	0.16667	0.16667	365.69107
101	2630	0.16667	0.16667	0.16667	0.16667	0.16667	373.16667
102	2376	4.41454	0.16667	0.16671	0.16682	0.16668	368.91858
103	2326	0.16667	0.16667	0.16667	0.16667	0.16667	373.16667
104	2172	2.12619	0.16667	0.16667	0.16667	0.16668	371.20712
105	2133	0.16668	0.16667	75.39178	8.49356	289.61427	0.16703
106	2296	0.16667	0.16667	373.16667	0.16667	0.16667	0.16667
107	2626	0.16667	0.16667	0.16667	373.16667	0.16667	0.16667
108	2097	0.16667	0.16667	0.16667	373.16667	0.16667	0.16667
109	2093	2.30158	0.16667	0.16667	0.16667	0.16669	371.03173
110	2391	60.86059	0.16667	0.16667	0.16667	0.16672	312.47269
111	2275	0.16667	0.16667	0.16667	0.16667	0.16667	373.16667
112	1984	2.31173	0.16667	0.16667	0.16667	0.16668	371.02159
113	2347	1.47488	0.16667	0.16669	0.16667	141.37198	230.65311
114	2550	4.85678	0.16667	0.16667	0.16667	0.16680	368.47642
115	2047	0.16670	0.16667	59.12667	55.79529	258.57768	0.16699
116	1932	0.16667	0.16667	0.16667	0.16667	373.16667	0.16667
117	2655	2.41305	0.16667	0.16667	0.16667	0.16668	370.92027
118	1994	0.16667	0.16667	0.16667	0.16667	373.16667	0.16667
119	2292	0.16682	0.16667	5.89713	0.16669	367.43422	0.16847
120	2109	0.16667	0.16667	0.16667	0.16667	0.16667	373.16667
121	2040	2.65203	0.16667	0.16667	0.16667	5.46588	365.38209
122	2086	0.16667	0.16667	0.16667	0.16667	0.16667	373.16667
123	2460	2.40443	0.16667	0.16667	0.16667	0.16669	370.92888
124	2597	0.16667	0.16667	0.16667	0.16667	373.16667	0.16667
125	2282	0.16667	0.16667	5.28610	0.16995	368.04368	0.16693
126	2511	0.16667	0.16667	2.88780	0.16667	370.44538	0.16681
127	2598	0.16667	0.16667	0.16667	0.16667	373.16667	0.16667
128	2638	0.16667	0.16667	0.16667	0.16667	0.16667	373.16667
129	2390	0.16667	0.16667	0.16667	0.16667	373.16667	0.16667
130	2096	0.16667	0.16667	20.01952	0.16667	353.31376	0.16671
131	2218	7.64098	0.16667	0.16667	0.16667	0.16674	365.69228
132	1917	0.16667	0.16667	0.16667	0.16667	0.16667	373.16667
133	2353	4.63619	0.16667	0.16667	0.16667	0.16668	368.69713
134	2625	0.16667	0.16667	0.16667	0.16667	0.16667	373.16667
135	2194	0.16667	0.16667	0.16667	0.16667	373.16667	0.16667
136	2289	0.16668	0.16667	67.46145	12.09337	293.94507	0.16676
137	2323	0.16667	0.16667	0.16667	0.16667	0.16667	373.16667
138	2410	9.35979	0.16667	0.16667	0.16667	0.16675	363.97345
139	2631	13.24641	0.16667	0.16667	0.16667	0.16669	360.08690
140	2111	0.16667	0.16667	0.16667	0.16667	373.16667	0.16667
141	2062	0.16669	0.16667	0.36238	0.16667	339.78214	33.35546
142	2059	0.16667	0.16667	0.16667	0.16667	0.16667	373.16667
143	1938	4.18356	0.16667	0.16667	0.16667	0.16669	369.14975
144	2060	3.74345	0.16667	0.16706	0.16667	8.75438	361.00178
145	1939	0.16667	0.16667	0.16667	0.16667	373.16667	0.16667
146	2264	0.16667	0.16667	0.16667	0.16667	373.16667	0.16667
147	2574	0.16667	0.16667	0.16667	0.16667	0.16667	373.16667
148	2579	0.16667	0.16667	0.16667	0.16667	0.16667	373.16667
149	2419	0.16667	0.16667	60.36075	0.16673	312.97245	0.16672
150	2491	0.16667	0.16667	3.35812	0.16668	369.97458	0.16727
151	2468	0.16699	0.16667	2.33171	0.16667	70.88412	300.28384
152	2615	2.21764	0.16667	0.16667	0.16667	0.16669	371.11566
153	2507	5.83687	0.16667	0.16667	0.16667	0.16669	367.49643
154	2564	2.18686	0.16667	0.16667	0.16667	0.16669	371.14645
155	2420	0.16667	0.16667	0.16667	0.16667	373.16667	0.16667
156	1929	0.16667	0.16667	0.16667	0.16667	0.16667	373.16667
157	2154	2.53144	0.16667	0.16667	0.16667	0.16670	370.80186
158	1925	3.22187	0.16667	0.16667	0.16667	3.34155	366.93658
159	1940	0.16667	0.16667	0.16667	0.16667	373.16667	0.16667
160	2329	0.16668	0.16667	0.16667	0.16667	3.23897	370.09435
161	2469	0.16667	0.16667	0.16667	0.16667	0.16667	373.16667
162	2229	3.84163	0.16667	0.16668	0.16667	0.16730	369.49107
163	2552	3.55580	0.16667	0.16667	0.16667	0.16667	369.77753
164	1993	2.02732	0.16667	0.16667	0.16667	0.16669	371.30599
165	2032	0.16667	0.16667	5.43602	0.16668	367.89723	0.16673
166	2485	0.16667	0.16667	0.16667	0.16667	0.16667	373.16667
167	2395	0.16667	0.16667	0.16667	0.16667	0.16667	373.16667
168	2339	6.40294	0.16667	0.16667	0.16667	0.16668	366.93039
169	1989	0.16667	0.16667	0.16667	0.16667	0.16667	373.16667
170	2243	6.84728	0.16667	0.16668	0.16667	366.48462	0.16808
171	2434	0.16667	0.16667	4.40307	0.16667	368.93024	0.16669
172	2126	0.16667	0.16667	0.16667	373.16667	0.16667	0.16667
173	2408	0.16667	0.16667	0.16667	0.16667	0.16667	373.16667
174	2121	0.16667	0.16667	0.16667	0.16667	0.16667	373.16667
175	2453	64.49710	0.16667	220.79295	0.16677	88.20982	0.16670
176	2214	15.11977	0.16667	326.44687	17.40630	0.17631	14.68408
177	2633	0.16667	0.16667	0.16667	373.16667	0.16667	0.16667
178	2526	22.44833	0.16667	0.16667	0.16667	0.16748	350.88418
179	2430	7.94100	0.16667	0.16667	0.16667	0.16670	365.39231
180	1964	4.99954	0.16667	173.97877	78.05034	116.63789	0.16679
181	2064	2.21063	0.16667	0.16667	0.16667	0.16669	371.12267
182	2407	0.16667	0.16667	0.16667	0.16667	0.16667	373.16667
183	2317	0.16667	0.16667	0.16667	373.16667	0.16667	0.16667
184	2412	0.16667	0.16667	0.16667	373.16667	0.16667	0.16667
185	2406	11.00255	0.16667	362.31708	0.16767	0.17936	0.16669
186	2112	0.16667	0.16667	0.16667	0.16667	0.16667	373.16667
187	2404	9.19601	0.16667	0.16667	0.16667	0.16668	364.13731
188	2135	0.16667	0.16667	0.16667	0.16667	373.16667	0.16667
189	2498	0.16670	0.16667	35.82636	0.16669	337.50679	0.16678
190	2302	0.16683	0.16667	6.62569	0.16680	366.70378	0.17023
191	2629	0.16667	0.16667	0.16667	0.16667	373.16667	0.16667
192	2351	0.16667	0.16667	0.16667	0.16667	373.16667	0.16667
193	2212	0.16667	0.16667	0.16667	0.16667	0.16667	373.16667
194	2123	2.03782	0.16667	0.16667	0.16667	0.16669	371.29549
195	2053	0.16667	0.16667	0.16667	0.16667	373.16667	0.16667
196	2254	0.16667	0.16667	13.07521	0.16669	360.25808	0.16668
197	2271	4.36594	0.16667	0.16667	0.16667	0.16670	368.96736
198	2199	0.16667	0.16667	2.60010	6.46574	364.43401	0.16682
199	2054	0.16667	0.16667	0.16667	0.16667	373.16667	0.16667
200	2018	0.16667	0.16667	0.16667	373.16667	0.16667	0.16667
201	2636	0.16667	0.16667	0.16667	373.16667	0.16667	0.16667
202	2371	0.16667	0.16667	0.16667	373.16667	0.16667	0.16667
203	2166	0.16667	0.16667	17.44896	355.87556	0.17549	0.16667
204	2033	0.16667	0.16667	0.16667	0.16667	0.16667	373.16667
205	2608	0.16667	0.16667	4.45658	0.16671	368.87663	0.16674
206	2567	0.16667	0.16667	0.16667	0.16667	373.16667	0.16667
207	2338	0.16667	0.16667	0.16667	0.16667	373.16667	0.16667
208	1954	0.16667	0.16667	0.16671	87.63389	285.69935	0.16672
209	2555	0.16667	0.16667	0.16667	0.16667	373.16667	0.16667
210	2138	2.94009	0.16667	3.02715	0.16669	367.53267	0.16674
211	2357	0.16667	0.16667	0.16667	373.16667	0.16667	0.16667
212	2152	0.16667	0.16667	0.16667	373.16667	0.16667	0.16667
213	2372	0.16667	0.16667	0.16667	0.16667	373.16667	0.16667
214	2189	37.90032	0.16667	0.16675	0.16669	284.42483	51.17474
215	2590	4.03743	0.16667	0.16667	0.16667	0.16669	369.29588
216	2359	0.16667	0.16667	0.16667	0.16667	0.16667	373.16667
217	2020	0.16667	0.16667	0.16667	0.16667	0.16667	373.16667
218	2467	0.16667	0.16667	0.16667	0.16667	0.16667	373.16667
219	2266	19.70885	0.16667	0.16668	0.16667	9.54237	344.24877
220	2558	0.16667	0.16667	0.16667	373.16667	0.16667	0.16667
221	2375	0.16667	0.16667	0.16667	373.16667	0.16667	0.16667
222	1947	0.16667	0.16667	3.37643	0.16667	369.95683	0.16673
223	2432	13.98154	0.16667	0.16689	0.16667	359.35154	0.16669
224	2660	0.16667	0.16667	0.16667	373.16667	0.16667	0.16667
225	2640	0.16667	0.16667	0.16667	373.16667	0.16667	0.16667
226	2601	0.16667	0.16667	0.16667	0.16667	0.16667	373.16667
227	2069	6.99863	0.16667	0.16667	0.16667	0.16688	366.33448
228	2327	0.16668	0.16667	6.39988	0.16669	366.93329	0.16679
229	1928	0.16667	0.16667	0.16667	373.16667	0.16667	0.16667
230	2360	0.16667	0.16667	0.16667	373.16667	0.16667	0.16667
231	2156	0.16667	0.16667	0.16667	373.16667	0.16667	0.16667
232	2101	0.16667	0.16667	0.16667	0.16667	373.16667	0.16667
233	2095	0.16667	0.16667	0.16667	0.16667	0.16667	373.16667
234	2125	0.16667	0.16667	3.35316	0.16667	369.98007	0.16675
235	2124	2.44208	0.16667	0.16667	0.16667	0.16669	370.89124
236	2538	0.16667	0.16667	0.16667	373.16667	0.16667	0.16667
237	2447	0.16667	0.16667	0.16667	373.16667	0.16667	0.16667
238	2297	0.16667	0.16667	0.16667	373.16667	0.16667	0.16667
239	2659	0.16667	0.16667	0.16667	373.16667	0.16667	0.16667
240	2142	14.80983	0.16667	0.16683	0.16667	12.64578	346.04422
241	2414	2.23321	0.16667	0.16667	0.16667	0.16679	371.10000
242	2324	0.16668	0.16667	0.16672	0.16667	8.22256	365.11071
243	2334	16.65645	0.16667	0.16667	0.16667	3.00972	353.83383
244	2397	0.16667	0.16667	0.16667	373.16667	0.16667	0.16667
245	1978	0.16667	0.16667	0.16667	373.16667	0.16667	0.16667
246	2429	32.92018	0.16667	0.16669	0.16667	14.64099	325.93880
247	2300	31.53762	0.16667	0.16667	0.16667	0.16675	341.79562
248	2606	0.16667	0.16667	0.16667	0.16667	0.16667	373.16667
249	2276	0.16667	0.16667	0.16667	0.16667	0.16667	373.16667
250	2554	0.16667	0.16667	0.16667	0.16667	0.16667	373.16667
251	2258	8.03193	0.16667	0.16667	0.16667	0.16668	365.30139
252	2331	2.16449	0.16667	0.16667	0.16667	0.16672	371.16878
253	1942	373.16667	0.16667	0.16667	0.16667	0.16667	0.16667
254	2584	373.16667	0.16667	0.16667	0.16667	0.16667	0.16667
255	2517	0.16667	0.16667	373.16667	0.16667	0.16667	0.16667
256	2192	0.16667	0.16667	0.16667	373.16667	0.16667	0.16667
257	2090	0.16667	0.16667	0.16667	0.16667	0.16667	373.16667
258	2340	0.16667	0.16667	0.16667	0.16667	0.16667	373.16667
259	2127	0.16667	0.16667	3.67083	0.16679	369.66232	0.16672
260	1943	6.18027	0.16667	0.16667	0.16667	0.16668	367.15305
261	2586	0.16667	0.16667	0.16667	0.16667	0.16667	373.16667
262	2116	0.16667	0.16667	0.16691	275.50688	97.82373	0.16915
263	2365	0.16667	0.16667	0.16667	373.16667	0.16667	0.16667
264	2523	0.16667	0.16667	0.16667	373.16667	0.16667	0.16667
265	2158	0.16667	0.16667	0.16667	373.16667	0.16667	0.16667
266	1985	6.95251	0.16667	0.16669	0.16669	34.88596	331.66149
267	2279	0.16667	0.16667	0.16667	0.16667	373.16667	0.16667
268	1948	0.16667	0.16667	0.16667	0.16667	373.16667	0.16667
269	1957	0.16667	0.16667	0.16667	373.16667	0.16667	0.16667
270	2648	0.16667	0.16667	0.16667	373.16667	0.16667	0.16667
271	1946	2.16228	0.16667	0.16667	0.16667	0.16669	371.17103
272	2337	0.16667	0.16667	0.16667	373.16667	0.16667	0.16667
273	2225	0.16667	0.16667	0.16667	373.16667	0.16667	0.16667
274	2016	0.16667	0.16667	0.16667	373.16667	0.16667	0.16667
275	2244	0.16667	0.16667	0.16667	0.16667	0.16667	373.16667
276	2348	0.16667	0.16667	0.16667	0.16667	0.16667	373.16667
277	2600	2.25763	0.16667	0.16667	0.16667	0.16675	371.07562
278	2593	0.16667	0.16667	0.16667	0.16667	0.16667	373.16667
279	2056	37.29928	0.16667	0.16667	0.16667	0.16676	336.03396
280	2396	0.16667	0.16667	5.78608	0.16676	367.54713	0.16669
281	1952	0.34788	0.16667	49.24119	0.16667	300.57639	23.50120
282	2458	0.16667	0.16667	0.16667	0.16667	373.16667	0.16667
283	2489	3.68745	0.16667	0.16667	0.16667	0.16681	369.64574
284	1983	17.37591	0.16667	0.16667	0.16667	0.16684	355.95725
285	2328	0.16675	0.16667	7.24346	0.16667	366.08778	0.16866
286	2394	0.16667	0.16667	0.16667	0.16667	373.16667	0.16667
287	1718	0.16667	0.16667	3.73184	0.16668	369.60144	0.16670
288	2333	0.16667	0.16667	0.16667	0.16667	373.16667	0.16667
289	2446	0.16667	0.16667	0.16667	0.16667	0.16667	373.16667
290	1997	0.16667	0.16667	0.16667	0.16667	0.16667	373.16667
291	1955	0.16667	0.16667	0.16667	0.16667	373.16667	0.16667
292	1920	0.16667	0.16667	0.16667	0.16667	373.16667	0.16667
293	2074	0.16667	0.16667	0.16667	0.16667	0.16667	373.16667
294	1926	0.16669	0.16667	55.10418	3.66167	314.73401	0.16678
295	2570	0.16667	0.16667	23.55132	349.78201	0.16667	0.16667
296	2647	0.16667	0.16667	0.16667	373.16667	0.16667	0.16667
297	2435	0.16667	0.16667	0.16667	373.16667	0.16667	0.16667
298	2213	0.16667	0.16667	0.16667	0.16667	0.16667	373.16667
299	2464	0.16667	0.16667	0.16667	0.16667	0.16667	373.16667
300	2335	0.16667	0.16667	0.16667	373.16667	0.16667	0.16667
301	1960	0.16667	0.16667	0.16667	373.16667	0.16667	0.16667
302	2392	0.16668	0.16667	0.16667	0.16667	8.56274	364.77058
303	2549	0.16667	0.16667	0.16667	0.16667	0.16667	373.16667
304	2131	4.00365	0.16667	0.16667	0.16667	0.16709	369.32926
305	2309	5.94185	0.16667	0.16668	0.16667	0.16697	367.39117
306	2092	373.16667	0.16667	0.16667	0.16667	0.16667	0.16667
307	2165	3.14636	0.16667	0.16667	0.16667	0.16671	370.18694
308	2149	0.16667	0.16667	6.44318	0.16668	366.89008	0.16673
309	2007	22.87971	0.16667	2.46646	0.16668	304.09588	44.22460
310	2445	0.16686	0.16667	0.16671	0.16668	367.74306	5.59002
311	2306	0.16667	0.16667	0.16667	0.16667	0.16667	373.16667
312	2043	2.33687	0.16667	0.16667	0.16667	0.16669	370.99644
313	2535	0.16667	0.16667	308.58245	64.75088	0.16667	0.16667
314	2492	2.29786	0.16667	0.16667	0.16667	0.16669	371.03545
315	2361	0.16667	0.16667	0.16667	373.16667	0.16667	0.16667
316	2280	0.16667	0.16667	0.16667	0.16667	373.16667	0.16667
317	2619	2.48552	0.16667	0.16667	0.16667	0.16670	370.84778
318	2385	0.16667	0.16667	0.16669	0.16668	363.32801	10.00529
319	2530	0.16667	0.16667	0.16670	0.16669	319.85204	53.48123
320	1913	0.16667	0.16667	0.16667	0.16667	373.16667	0.16667
321	2542	6.09104	0.16667	0.16668	0.16667	6.49115	360.91780
322	2246	0.16667	0.16667	4.29737	0.16668	369.03585	0.16676
323	2002	0.16670	0.16667	4.86351	0.16667	368.46894	0.16751
324	1972	0.16667	0.16667	0.16671	337.67715	35.65613	0.16668
325	2242	0.16694	0.16667	316.62467	0.16696	0.27073	56.60404
326	2416	0.16667	0.16667	373.16667	0.16667	0.16667	0.16667
327	2071	0.16674	0.16667	0.16670	0.16668	368.93272	4.40050
328	2102	0.16667	0.16667	6.05352	0.16679	367.27961	0.16674
329	2616	0.16667	0.16667	4.02246	0.16682	365.48643	3.99095
330	2176	0.16669	0.16667	84.76688	0.16731	288.56573	0.16672
331	2267	0.16667	0.16667	0.16667	0.16667	373.16667	0.16667
332	2068	0.16667	0.16667	0.16667	0.16667	373.16667	0.16667
333	1577	0.16667	0.16667	2.56888	0.16668	370.76431	0.16679
334	2370	0.16667	0.16667	0.16667	0.16667	0.16667	373.16667
335	2237	0.16667	0.16667	0.16667	0.16667	0.16667	373.16667
336	2583	0.16667	0.16667	0.16667	373.16667	0.16667	0.16667
337	2378	0.16667	0.16667	0.16667	373.16667	0.16667	0.16667
338	2503	0.16667	0.16667	0.16667	373.16667	0.16667	0.16667
339	2114	0.16667	0.16667	32.73017	340.59683	0.17299	0.16667
340	2260	0.16667	0.16667	0.16667	373.16667	0.16667	0.16667
341	2307	0.16667	0.16667	0.16667	0.16667	0.16667	373.16667
342	2336	0.16667	0.16667	0.16667	0.16667	373.16667	0.16667
343	2120	0.16667	0.16667	0.16667	373.16667	0.16667	0.16667
344	2105	0.16667	0.16667	0.16667	373.16667	0.16667	0.16667
345	2161	0.16667	0.16667	0.16667	0.16667	373.16667	0.16667
346	2287	0.16667	0.16667	0.16667	0.16667	0.16667	373.16667
347	2529	0.16667	0.16667	11.00121	0.16691	362.33186	0.16668
348	1966	13.44709	0.16667	0.16672	0.16667	0.16678	359.88608
349	2285	0.16667	0.16667	0.16667	0.16667	373.16667	0.16667
350	2247	0.16667	0.16667	16.01799	0.16668	357.31525	0.16674
351	2261	0.16667	0.16667	0.16667	0.16667	0.16667	373.16667
352	2504	0.16667	0.16667	0.16667	0.16667	0.16667	373.16667
353	2495	0.16667	0.16667	0.16667	0.16667	0.16667	373.16667
354	2343	0.16667	0.16667	0.16667	0.16667	373.16667	0.16667
355	2487	0.16667	0.16667	373.16667	0.16667	0.16667	0.16667
356	2245	0.16667	0.16667	373.16667	0.16667	0.16667	0.16667
357	1988	373.16667	0.16667	0.16667	0.16667	0.16667	0.16667
358	2466	373.16667	0.16667	0.16667	0.16667	0.16667	0.16667
359	2223	0.16667	0.16667	0.16667	0.16667	373.16667	0.16667
360	2653	0.16667	0.16667	0.16667	0.16667	373.16667	0.16667
361	2164	4.29469	0.16667	0.16667	0.16667	0.16668	369.03863
362	2472	0.16667	0.16667	0.16669	59.18570	314.14747	0.16680
363	2241	0.16667	0.16667	3.42276	0.16668	369.91049	0.16673
364	136	0.16667	0.16667	0.16670	95.72826	277.60499	0.16671
365	2451	0.16667	0.16667	0.16667	0.16667	373.16667	0.16667
366	2050	0.16667	0.16667	0.16667	373.16667	0.16667	0.16667
367	2196	0.16667	0.16667	0.16667	0.16667	373.16667	0.16667
368	2075	0.16667	0.16667	0.16667	0.16667	373.16667	0.16667
369	2501	0.16672	0.16667	0.16749	0.16667	311.75827	61.57419
370	2423	2.48172	0.16667	0.16667	0.16667	0.16669	370.85159
371	2250	0.16667	0.16667	0.16667	0.16667	373.16667	0.16667
372	2180	0.16667	0.16667	0.16667	0.16667	373.16667	0.16667
373	2478	64.62428	0.16667	0.16668	0.16667	0.16711	308.70860
374	2058	35.68674	0.16667	0.16677	0.16667	0.17256	337.64059
375	2183	0.16667	0.16667	0.16667	0.16667	373.16667	0.16667
376	2533	0.16667	0.16667	0.16667	0.16667	373.16667	0.16667
377	2409	2.31694	0.16667	0.16667	0.16667	0.16674	371.01632
378	2582	0.16667	0.16667	4.01978	0.16668	369.31346	0.16674
379	2377	0.16667	0.16667	0.16667	0.16667	373.16667	0.16667
380	2215	0.16667	0.16667	0.16667	0.16667	373.16667	0.16667
381	2197	0.16667	0.16667	0.16667	373.16667	0.16667	0.16667
382	2236	0.16667	0.16667	0.16667	373.16667	0.16667	0.16667
383	2499	29.25123	0.16667	0.16667	0.16667	0.16669	344.08208
384	2322	0.16667	0.16667	205.75707	167.56886	0.17398	0.16676
385	2098	0.16667	0.16667	0.16667	0.16667	0.16667	373.16667
386	2418	0.16667	0.16667	0.16667	0.16667	0.16667	373.16667
387	2381	0.16667	0.16667	0.16667	0.16667	0.16667	373.16667
388	2603	0.16667	0.16667	35.56827	0.16667	337.76504	0.16668
389	2644	0.16667	0.16667	0.16667	373.16667	0.16667	0.16667
390	2417	0.16668	0.16667	0.16672	62.10208	311.23113	0.16672
391	1999	0.16667	0.16667	0.16667	373.16667	0.16667	0.16667
392	2220	0.16667	0.16667	0.16667	0.16667	0.16667	373.16667
393	2578	0.16667	0.16667	0.16667	0.16667	0.16667	373.16667
394	2045	0.16667	0.16667	0.16667	0.16667	0.16667	373.16667
395	1953	0.16667	0.16667	0.16667	0.16667	0.16667	373.16667
396	2028	0.16667	0.16667	3.82375	0.16667	369.50949	0.16675
397	2556	3.10581	0.16667	0.16667	0.16667	0.16669	370.22750
398	2191	0.16667	0.16667	0.16667	0.16667	373.16667	0.16667
399	2235	0.16680	0.16667	26.15695	0.16702	347.17588	0.16668
400	2288	287.36049	0.16667	0.18038	0.16690	85.10636	1.01920
401	1987	0.16690	0.16667	11.28527	0.16669	362.04460	0.16987
402	2475	0.16667	0.16667	4.23001	0.16668	369.10324	0.16674
403	2547	0.16669	0.16667	0.16670	0.16668	365.66081	7.67245
404	2319	0.16667	0.16667	0.16667	0.16667	373.16667	0.16667
405	2617	0.16667	0.16667	0.16667	0.16667	373.16667	0.16667
406	1914	0.16667	0.16667	0.16667	373.16667	0.16667	0.16667
407	2658	0.16667	0.16667	0.16667	373.16667	0.16667	0.16667
408	2163	0.16668	0.16667	23.64905	0.16667	322.50218	27.34876
409	2311	15.23488	0.16667	0.16667	0.16667	0.16667	358.09845
410	2052	0.16667	0.16667	0.16667	0.16667	373.16667	0.16667
411	2594	17.36768	0.16667	8.31987	0.16669	347.80591	0.17317
412	2273	0.16667	0.16667	4.47386	0.16668	368.85942	0.16671
413	2202	0.16667	0.16667	0.16667	373.16667	0.16667	0.16667
414	2222	0.16667	0.16667	0.16667	0.16667	373.16667	0.16667
415	1922	0.16667	0.16667	0.16667	373.16667	0.16667	0.16667
416	2341	0.16667	0.16667	0.16667	373.16667	0.16667	0.16667
417	2139	0.16667	0.16667	0.16667	0.16667	0.16667	373.16667
418	2462	0.16669	0.16667	0.16677	0.16667	12.90014	360.43306
419	2591	0.16667	0.16667	0.16667	0.16667	0.16667	373.16667
420	2628	0.16667	0.16667	0.16667	373.16667	0.16667	0.16667
421	2291	0.16674	0.16667	349.76792	0.16673	0.16897	23.56297
422	2643	0.16667	0.16667	0.16667	0.16667	373.16667	0.16667
423	2293	0.16667	0.16667	0.16667	0.16667	373.16667	0.16667
424	1975	0.16667	0.16667	0.16708	360.24620	13.08671	0.16667
425	1930	0.16667	0.16667	0.16667	373.16666	0.16667	0.16667
426	2516	0.16667	0.16667	4.57388	0.16667	368.75891	0.16719
427	2057	0.16667	0.16667	0.16668	0.16668	359.31792	14.01538
428	2623	3.09530	0.16667	0.16667	0.16667	0.17495	370.22975
429	2006	0.16667	0.16667	0.16667	373.16667	0.16667	0.16667
430	2366	0.16668	0.16667	226.05056	37.97777	109.47164	0.16668
431	2211	0.16677	0.16667	365.11827	8.18809	0.19351	0.16669
432	2352	2.41274	0.16667	0.16667	0.16667	0.16667	370.92059
433	2427	83.86752	0.16667	0.16668	0.16667	48.00136	241.63110
434	1934	0.16667	0.16667	0.16667	373.16667	0.16667	0.16667
435	2299	0.16667	0.16667	0.16667	0.16667	0.16667	373.16667
436	2226	0.16676	0.16667	132.99321	0.16677	240.33783	0.16877
437	2573	0.16667	0.16667	0.16667	0.16667	0.16667	373.16667
438	1923	0.16667	0.16667	373.16667	0.16667	0.16667	0.16667
439	2575	2.86919	0.16667	0.16667	0.16667	0.16699	370.46382
440	2559	0.16667	0.16667	0.16667	0.16667	0.16667	373.16667
441	2368	0.16667	0.16667	0.16667	0.16667	373.16667	0.16667
442	2642	0.16667	0.16667	78.45529	0.16685	294.87740	0.16712
443	2349	373.16667	0.16667	0.16667	0.16667	0.16667	0.16667
444	2384	0.16667	0.16667	0.16667	0.16667	373.16667	0.16667
445	2645	0.16667	0.16667	0.16667	373.16667	0.16667	0.16667
446	2210	0.16668	0.16667	0.16675	0.16667	20.95843	352.37480
447	2159	0.16667	0.16667	0.16667	373.16667	0.16667	0.16667
448	2424	0.16667	0.16667	0.16667	373.16667	0.16667	0.16667
449	2000	0.16667	0.16667	0.16667	373.16667	0.16667	0.16667
450	2157	0.16667	0.16667	0.16667	373.16667	0.16667	0.16667
451	2539	0.16667	0.16667	0.16667	0.16667	0.16667	373.16667
452	2657	0.16667	0.16667	0.16667	373.16667	0.16667	0.16667
453	1935	0.16667	0.16667	0.16667	373.16667	0.16667	0.16667
454	2313	0.16703	0.16667	57.47942	305.10457	0.20659	10.87572
455	2613	0.16667	0.16667	0.16667	0.16667	0.16667	373.16667
456	2356	0.16667	0.16667	0.16667	0.16667	0.16667	373.16667
457	2108	0.16667	0.16667	0.16667	0.16667	0.16667	373.16667
458	2155	0.16667	0.16667	120.80181	0.16667	252.53147	0.16672
459	2144	5.03041	0.16667	0.16670	0.16668	368.30281	0.16674
460	1921	0.16667	0.16667	0.16667	355.00186	18.33147	0.16667
461	2072	0.16667	0.16667	0.16667	0.16667	373.16667	0.16667
462	2461	0.16667	0.16667	3.28894	0.16668	370.04432	0.16671
463	2310	0.16667	0.16667	373.16667	0.16667	0.16667	0.16667
464	2465	0.16667	0.16667	0.16667	0.16667	373.16667	0.16667
465	2083	2.73908	0.16667	0.16667	0.16667	0.16669	370.59424
466	2232	0.16668	0.16667	63.57642	19.84033	290.08315	0.16674
467	1919	0.16667	0.16667	0.16667	373.16667	0.16667	0.16667
468	1951	0.16667	0.16667	0.16667	373.16667	0.16667	0.16667
469	2026	0.16670	0.16667	0.16671	0.16667	316.52724	56.80602
470	2270	0.16667	0.16667	373.16667	0.16667	0.16667	0.16667
471	2011	0.16667	0.16667	0.16667	373.16667	0.16667	0.16667
472	1995	0.16667	0.16667	0.16667	373.16667	0.16667	0.16667
473	2639	0.16667	0.16667	0.16667	373.16667	0.16667	0.16667
474	1965	0.16667	0.16667	116.91414	256.41502	0.17083	0.16667
475	1918	0.16667	0.16667	0.16667	0.16667	0.16667	373.16667
476	2208	0.16667	0.16667	0.16670	0.16668	252.45529	120.87798
477	2308	0.16667	0.16667	0.16667	0.16667	0.16667	373.16667
478	1931	0.16667	0.16667	0.16667	373.16667	0.16667	0.16667
479	2221	0.16674	0.16667	10.11959	0.16667	363.21336	0.16698
480	2027	0.16667	0.16667	0.16667	373.16667	0.16667	0.16667
481	2081	0.16667	0.16667	0.16667	0.16667	373.16667	0.16667
482	2609	0.16667	0.16667	0.16667	0.16667	373.16667	0.16667
483	2038	0.16668	0.16667	70.25192	0.16696	303.08105	0.16672
484	2048	0.16669	0.16667	175.53502	0.16671	126.05823	71.90668
485	2587	0.16667	0.16667	0.16667	373.16667	0.16667	0.16667
486	2067	373.16667	0.16667	0.16667	0.16667	0.16667	0.16667
487	1980	0.16667	0.16667	0.16667	373.16667	0.16667	0.16667
488	2185	0.16669	0.16667	95.89963	0.16674	277.43359	0.16668
489	2537	0.16667	0.16667	0.16667	0.16667	373.16667	0.16667
490	2004	0.16667	0.16667	0.16667	373.16667	0.16667	0.16667
491	2315	0.16667	0.16667	0.16667	0.16667	373.16667	0.16667
492	2249	0.16668	0.16667	0.16695	44.04456	329.28840	0.16675
493	2147	373.16667	0.16667	0.16667	0.16667	0.16667	0.16667
494	2502	0.16667	0.16667	18.43623	0.16687	354.89681	0.16676
495	2137	0.16669	0.16667	0.16669	0.16668	330.55734	42.77593
496	2362	0.16667	0.16667	373.16667	0.16667	0.16667	0.16667
497	2398	11.00697	0.16667	0.16676	0.16668	362.32417	0.16875
498	2589	0.16667	0.16667	0.16667	0.16667	373.16667	0.16667
499	2463	0.16667	0.16667	3.22247	0.16668	370.11079	0.16672
500	2170	373.16667	0.16667	0.16667	0.16667	0.16667	0.16667
501	2479	0.16667	0.16667	0.16667	0.16667	373.16667	0.16667
502	2134	0.16667	0.16667	0.16667	0.16667	373.16667	0.16667
503	2115	0.16667	0.16667	0.16667	0.16667	0.16667	373.16667
504	2088	2.08404	0.16667	0.16667	0.16667	0.16669	371.24926
505	2145	0.16667	0.16667	277.90568	95.42032	0.17399	0.16667
506	2174	0.16670	0.16667	29.58561	0.16670	343.74757	0.16676
507	2546	0.16667	0.16667	0.16667	0.16667	0.16667	373.16667
508	2344	0.16667	0.16667	3.40157	0.16667	369.93164	0.16678
509	2274	0.16667	0.16667	0.16667	0.16667	373.16667	0.16667
510	2415	0.16667	0.16667	9.57502	0.16667	363.75829	0.16668
511	2037	22.18599	0.16667	0.16667	0.16667	0.16669	351.14732
512	2136	0.16667	0.16667	0.16667	0.16667	0.16667	373.16667
513	1958	0.16667	0.16667	0.16667	373.16667	0.16667	0.16667
514	2486	373.16667	0.16667	0.16667	0.16667	0.16667	0.16667
515	2513	373.16667	0.16667	0.16667	0.16667	0.16667	0.16667
516	2471	0.16667	0.16667	0.16667	0.16667	373.16667	0.16667
517	2190	0.16667	0.16667	0.16667	0.16667	0.16667	373.16667
518	2041	0.16723	0.16798	130.71985	242.61159	0.16667	0.16669
519	2456	0.16667	0.16667	0.16667	373.16667	0.16667	0.16667
520	2610	0.16667	0.16667	373.16667	0.16667	0.16667	0.16667
521	2401	373.16667	0.16667	0.16667	0.16667	0.16667	0.16667
522	2540	0.16667	0.16673	147.51929	225.81301	0.16758	0.16671
523	2198	0.16667	0.16667	0.16667	0.16667	373.16667	0.16667
524	2039	0.16667	0.16667	0.16667	0.16667	373.16667	0.16667
525	1973	0.16667	0.16667	0.16667	339.71590	33.61743	0.16667
526	2525	0.16667	0.16667	373.16667	0.16667	0.16667	0.16667
527	2128	0.16667	0.16667	13.40140	0.16719	346.19702	13.90105
528	2474	0.16667	0.16667	0.16667	373.16667	0.16667	0.16667
529	2411	0.16667	0.16667	0.16667	373.16667	0.16667	0.16667
530	2476	373.16667	0.16667	0.16667	0.16667	0.16667	0.16667
531	2443	180.31609	0.16667	58.23611	0.16786	0.18854	134.92474
532	2545	373.16667	0.16667	0.16667	0.16667	0.16667	0.16667
533	2314	0.16667	0.16667	0.16667	373.16667	0.16667	0.16667
534	2576	52.80220	0.16667	0.16667	0.16667	0.16700	320.53080
535	2318	0.16667	0.16667	373.16667	0.16667	0.16667	0.16667
536	2618	0.16667	0.16667	0.16667	373.16667	0.16667	0.16667
537	2021	0.16667	0.16667	0.16667	0.16667	0.16667	373.16667
538	1933	0.16667	0.16667	0.16667	373.16667	0.16667	0.16667
539	2403	0.16667	0.16667	0.16667	373.16667	0.16667	0.16667
540	2179	0.16667	0.16667	0.16667	0.16667	0.16667	373.16667
541	2031	0.16667	0.16667	373.16667	0.16667	0.16667	0.16667
542	2216	0.16667	0.16667	0.16667	0.16667	0.16667	373.16667
543	2444	373.16667	0.16667	0.16667	0.16667	0.16667	0.16667
544	2473	0.16668	0.16667	89.79845	0.16684	283.53461	0.16675
545	2325	0.16668	0.16667	144.08202	11.63931	217.77864	0.16670
546	2119	0.16667	0.16667	0.16667	373.16667	0.16667	0.16667
547	2566	0.16669	0.16667	356.85238	16.47676	0.17084	0.16667
548	2205	0.16667	0.16667	373.16667	0.16667	0.16667	0.16667
549	2652	0.16667	0.16667	0.16667	0.16667	373.16667	0.16667
550	2330	0.16667	0.16667	0.16667	0.16667	373.16667	0.16667
551	2316	0.16667	0.16667	0.16667	331.72222	41.61111	0.16667
552	2178	0.16667	0.16667	0.16667	373.16667	0.16667	0.16667
553	2035	0.16667	0.16667	0.16667	373.16667	0.16667	0.16667
554	2049	0.16667	0.16667	0.16667	373.16667	0.16667	0.16667
555	2268	0.16674	0.16667	3.23653	57.93199	312.33136	0.16671
556	2332	0.16667	0.16667	0.16667	0.16667	373.16667	0.16667
557	2146	0.16667	0.16667	0.16667	373.16667	0.16667	0.16667
558	2383	51.66896	0.16667	0.16667	0.16667	0.16730	321.66373
559	2637	0.16667	0.16667	373.16667	0.16667	0.16667	0.16667
560	1970	0.16667	0.16667	22.23427	0.16667	351.09904	0.16668
561	2012	0.16667	0.16667	0.16667	373.16667	0.16667	0.16667
562	2171	0.16667	0.16667	0.16667	373.16667	0.16667	0.16667
563	2209	0.16667	0.16667	373.16667	0.16667	0.16667	0.16667
564	1963	4.57592	0.16667	0.16667	0.16667	0.16668	368.75741
565	2304	0.16667	0.16667	6.15018	0.16667	367.18313	0.16668
566	2355	0.16667	0.16667	26.36170	0.16697	346.97115	0.16684
567	2148	0.16667	0.16667	0.16667	0.16667	373.16667	0.16667
568	2259	41.80326	0.16667	0.16683	0.16668	331.52932	0.16724
569	2066	0.16667	0.16667	373.16667	0.16667	0.16667	0.16667
570	2151	0.16667	0.16667	0.16667	0.16667	373.16667	0.16667
571	2393	373.16667	0.16667	0.16667	0.16667	0.16667	0.16667
572	2438	0.16668	0.16667	6.17238	0.16667	361.15183	6.17577
573	2400	0.16667	0.16667	21.38629	0.16669	351.94701	0.16667
574	2454	373.16667	0.16667	0.16667	0.16667	0.16667	0.16667
575	2284	0.16667	0.16667	0.16667	373.16667	0.16667	0.16667
576	2298	0.16667	0.16667	373.16667	0.16667	0.16667	0.16667
577	2003	0.16667	0.16667	0.16667	0.16667	373.16667	0.16667
578	2295	0.16667	0.16667	17.41440	0.16667	355.91881	0.16679
579	1990	0.16667	0.16667	0.16667	373.16667	0.16667	0.16667
580	2544	0.16669	0.16667	16.57211	0.16690	356.75719	0.17045
581	2061	0.16667	0.16667	0.16667	373.16667	0.16667	0.16667
582	1976	0.16667	0.16667	0.16667	352.87437	20.45896	0.16667
583	1927	0.16667	0.16667	0.16667	373.16667	0.16667	0.16667
584	2055	0.16669	0.16667	0.16670	0.16667	5.43946	367.89382
585	2350	69.57486	0.16667	0.16669	0.16667	50.49809	253.42703
586	2588	0.16670	0.16667	8.84328	0.16668	364.48983	0.16684
587	2450	0.16667	0.16667	0.16667	373.16667	0.16667	0.16667
588	2320	373.16667	0.16667	0.16667	0.16667	0.16667	0.16667
589	1992	373.16667	0.16667	0.16667	0.16667	0.16667	0.16667
590	2571	0.16667	0.16667	0.16673	42.46423	330.86896	0.16675
591	2234	373.16667	0.16667	0.16667	0.16667	0.16667	0.16667
592	2387	373.16667	0.16667	0.16667	0.16667	0.16667	0.16667
593	1968	0.16667	0.16667	0.16667	373.16667	0.16667	0.16667
594	2585	0.16667	0.16667	0.16667	373.16667	0.16667	0.16667
595	2405	0.16667	0.16667	0.16667	373.16667	0.16667	0.16667
596	2162	0.16667	0.16667	0.16667	373.16667	0.16667	0.16667
597	2402	0.16667	0.16667	0.16667	373.16667	0.16667	0.16667
598	2238	0.16667	0.16667	0.16667	373.16667	0.16667	0.16667
599	2089	0.16667	0.16667	0.16667	373.16667	0.16667	0.16667
600	2044	373.16667	0.16667	0.16667	0.16667	0.16667	0.16667
601	2379	0.16672	0.16667	77.14720	0.16676	296.18586	0.16680
602	2651	74.86928	0.16667	212.29067	0.16677	86.33994	0.16667
603	2009	0.16667	0.16667	0.16667	373.16667	0.16667	0.16667
604	2177	0.16667	0.16667	0.16667	0.16667	373.16667	0.16667
605	2252	0.16667	0.16667	0.16667	0.16667	373.16667	0.16667
606	2231	0.16667	0.16667	0.16667	373.16667	0.16667	0.16667
607	2076	373.16667	0.16667	0.16667	0.16667	0.16667	0.16667
608	2367	0.16670	0.16667	93.79204	0.16678	279.54104	0.16677
609	2303	373.16667	0.16667	0.16667	0.16667	0.16667	0.16667
610	2455	0.16667	0.16667	0.16667	373.16667	0.16667	0.16667
611	2627	0.16667	0.16667	0.16667	373.16667	0.16667	0.16667
612	2534	0.16667	0.16667	0.16667	373.16667	0.16667	0.16667
613	2130	0.16667	0.16667	0.16667	373.16667	0.16667	0.16667
614	2480	0.16667	0.16667	373.16667	0.16667	0.16667	0.16667
615	2531	0.16667	0.16667	34.72160	1.01254	337.76378	0.16874
616	2389	0.16667	0.16667	14.32826	89.79440	269.37732	0.16668
617	2568	0.16667	0.16667	0.16667	0.16667	373.16667	0.16667
618	2014	0.16667	0.16667	0.16667	373.16667	0.16667	0.16667
619	1982	134.20198	0.16667	22.80429	0.16697	216.47037	0.18972
620	2452	0.16667	0.16667	373.16667	0.16667	0.16667	0.16667
621	2107	0.16667	0.16667	0.16667	373.16667	0.16667	0.16667
622	2239	0.16667	0.16667	18.03803	0.16668	355.29487	0.16708
623	2186	0.16667	0.16667	373.16667	0.16667	0.16667	0.16667
624	2621	0.16667	0.16667	0.16667	373.16667	0.16667	0.16667
625	2091	0.16667	0.16667	0.16667	373.16667	0.16667	0.16667
626	2256	0.16667	0.16667	373.16667	0.16667	0.16667	0.16667
627	2022	0.16667	0.16667	0.16667	373.16667	0.16667	0.16667
628	2508	0.16667	0.16667	0.16667	0.16667	373.16667	0.16667
629	1937	0.16667	0.16667	0.16667	373.16667	0.16667	0.16667
630	2632	0.16667	0.16667	0.16667	373.16667	0.16667	0.16667
631	2605	0.16669	0.16667	47.26709	0.16667	297.36057	28.87232
632	2572	0.16667	0.16667	0.16667	0.16667	373.16667	0.16667
633	2641	0.16667	0.16667	373.16667	0.16667	0.16667	0.16667
634	2522	0.16667	0.16667	0.16667	0.16667	373.16667	0.16667
635	2528	0.16667	0.16667	0.16667	373.16667	0.16667	0.16667
636	2439	0.16667	0.16667	0.16667	373.16667	0.16667	0.16667
637	2612	0.16668	0.16667	342.90661	30.41345	0.17992	0.16667
638	2448	0.16667	0.16667	0.16667	373.16667	0.16667	0.16667
639	1950	0.16667	0.16667	0.16667	373.16667	0.16667	0.16667
640	2493	0.16667	0.16667	373.16667	0.16667	0.16667	0.16667
641	2181	0.16667	0.16667	0.16667	373.16667	0.16667	0.16667
642	2024	0.16667	0.16667	0.16667	373.16667	0.16667	0.16667
643	2001	0.16667	0.16667	0.16667	373.16667	0.16667	0.16667
644	2217	0.16667	0.16667	0.16667	373.16667	0.16667	0.16667
645	1969	0.16667	0.16667	0.16667	0.16667	373.16667	0.16667
646	2497	0.16667	0.16667	0.16667	373.16667	0.16667	0.16667
647	2345	11.20031	0.16667	95.05100	0.16671	267.24521	0.17009
648	2017	124.50125	62.33407	186.61025	0.22110	0.16667	0.16667
649	2321	0.16735	0.16781	146.22643	227.10492	0.16667	0.16683
650	2459	0.16667	0.16667	0.16672	301.57871	71.75457	0.16667
651	2514	0.16667	0.16667	373.16667	0.16667	0.16667	0.16667
652	2562	0.16667	0.16667	0.16667	373.16667	0.16667	0.16667
653	2581	33.00627	0.16667	290.33105	0.16716	0.26422	50.06463
654	2019	373.16667	0.16667	0.16667	0.16667	0.16667	0.16667
655	2106	0.16667	373.16667	0.16667	0.16667	0.16667	0.16667
656	2421	0.16667	373.16667	0.16667	0.16667	0.16667	0.16667
657	2141	0.16667	0.16667	373.16667	0.16667	0.16667	0.16667
658	2449	373.16667	0.16667	0.16667	0.16667	0.16667	0.16667
659	2440	0.16667	0.16667	0.16667	373.16667	0.16667	0.16667
660	2129	0.16667	0.16667	0.16667	373.16667	0.16667	0.16667
661	2494	0.16667	0.16667	0.16667	373.16667	0.16667	0.16667
662	2013	0.16667	0.16667	0.16667	373.16667	0.16667	0.16667
663	2099	0.16667	0.16667	0.16678	130.95497	242.37802	0.16690
664	1977	0.16667	0.16667	373.16667	0.16667	0.16667	0.16667
665	2160	0.16667	0.16667	0.16667	373.16667	0.16667	0.16667
666	2251	0.16667	0.16667	0.16667	373.16667	0.16667	0.16667
667	2286	0.16667	0.16667	0.16667	373.16667	0.16667	0.16667
668	2577	0.16667	0.16667	0.16667	373.16667	0.16667	0.16667
669	2519	0.16667	0.16667	0.16667	0.16667	373.16667	0.16667
670	1936	0.16667	0.16667	0.16667	373.16667	0.16667	0.16667
671	2413	0.16667	0.16667	0.16667	0.16667	373.16667	0.16667
672	2065	0.16667	0.16667	0.16669	0.16668	267.06949	106.26380
673	2599	0.16667	0.16667	0.16667	0.16667	373.16667	0.16667
674	2490	373.16667	0.16667	0.16667	0.16667	0.16667	0.16667
675	2248	0.16667	0.16667	0.16667	373.16667	0.16667	0.16667
676	2342	0.16667	0.16667	0.16667	373.16667	0.16667	0.16667
677	1949	0.16667	0.16667	0.16667	373.16667	0.16667	0.16667
678	1956	0.16667	0.16679	353.11061	20.22260	0.16667	0.16667
679	2281	0.16667	0.16667	373.16667	0.16667	0.16667	0.16667
680	2070	0.16667	0.16667	0.16667	373.16667	0.16667	0.16667
681	2272	0.16669	0.16667	268.87293	0.16679	92.77126	11.85566
682	2080	0.16667	0.16667	0.16667	373.16667	0.16667	0.16667
683	2265	0.16670	0.16667	361.55748	0.16676	11.77570	0.16669
684	2167	0.16667	0.16667	373.16667	0.16667	0.16667	0.16667
685	2426	373.16667	0.16667	0.16667	0.16667	0.16667	0.16667
686	2255	373.16667	0.16667	0.16667	0.16667	0.16667	0.16667
687	2622	373.16667	0.16667	0.16667	0.16667	0.16667	0.16667
688	2524	0.16671	0.16667	0.16667	0.16667	42.60877	330.72452
689	2008	0.16667	0.16667	0.16667	373.16667	0.16667	0.16667
690	2173	0.16667	0.16667	0.16667	373.16667	0.16667	0.16667
691	1915	0.16667	0.16667	0.16667	373.16667	0.16667	0.16667
692	2614	0.16667	0.16667	0.16667	373.16667	0.16667	0.16667
693	2023	0.16667	0.16667	0.16667	373.16667	0.16667	0.16667
694	2193	0.16667	0.16667	0.16667	373.16667	0.16667	0.16667
695	2422	0.16667	0.16667	0.16667	373.16667	0.16667	0.16667
696	2441	0.16667	0.16667	0.16667	373.16667	0.16667	0.16667
697	1961	0.16667	0.16667	307.27884	66.04012	0.18060	0.16711
698	2505	373.16667	0.16667	0.16667	0.16667	0.16667	0.16667
699	2094	0.16667	0.16667	373.16667	0.16667	0.16667	0.16667
700	2036	19.36974	0.16667	353.96066	0.16679	0.16947	0.16668
701	2656	0.16667	0.16667	0.16667	373.16667	0.16667	0.16667
702	2100	0.16667	0.16667	0.16667	373.16667	0.16667	0.16667
703	2277	0.16667	0.16667	69.77507	303.55409	0.17083	0.16667
704	2580	0.16667	0.16667	0.16667	373.16667	0.16667	0.16667
705	1974	76.05732	0.16667	211.02572	0.16679	86.41680	0.16669
706	2380	0.16667	0.16667	0.16667	373.16667	0.16667	0.16667
707	2301	0.16667	0.16667	299.37798	73.95536	0.16667	0.16667
708	2182	0.16667	0.16667	373.16667	0.16667	0.16667	0.16667
709	2175	0.16667	0.16667	250.59491	122.72838	0.17670	0.16667
710	2481	0.16667	0.16667	373.16667	0.16667	0.16667	0.16667
711	2515	373.16667	0.16667	0.16667	0.16667	0.16667	0.16667
712	2488	0.16667	0.16667	0.16667	373.16667	0.16667	0.16667
713	2015	0.16667	0.16667	0.16667	373.16667	0.16667	0.16667
714	2312	0.16667	0.16667	25.60783	0.16691	347.72526	0.16667
715	2635	0.17521	0.16667	22.40418	0.16669	350.91496	0.17230
716	2051	0.16667	0.16667	0.16667	373.16667	0.16667	0.16667
717	2262	373.16667	0.16667	0.16667	0.16667	0.16667	0.16667
718	2305	0.16667	0.16667	0.16667	0.16667	373.16667	0.16667
719	2230	0.16667	0.16667	0.16707	130.85027	242.48258	0.16675
720	2034	0.16667	160.02513	0.16752	213.30735	0.16667	0.16667
721	2527	0.16667	0.16667	373.16667	0.16667	0.16667	0.16667
722	2227	0.16667	0.16667	0.16667	373.16667	0.16667	0.16667
723	2113	0.16667	0.16667	0.16667	373.16667	0.16667	0.16667
724	1996	373.16667	0.16667	0.16667	0.16667	0.16667	0.16667
725	2541	0.16667	0.16667	0.16667	373.16667	0.16667	0.16667
726	2358	0.16667	0.16667	0.16689	186.93293	186.40013	0.16671
727	2431	0.16667	0.16667	0.16667	373.16667	0.16667	0.16667
728	2373	0.16667	0.16667	0.16667	373.16667	0.16667	0.16667
729	2548	0.16667	0.16667	0.16667	373.16667	0.16667	0.16667
730	2085	0.16723	0.16667	289.42518	83.90280	0.17141	0.16671
731	2382	0.16667	0.16667	0.16667	373.16667	0.16667	0.16667
732	2263	0.16667	0.16667	0.16667	373.16667	0.16667	0.16667
733	2595	0.16667	0.16667	373.16667	0.16667	0.16667	0.16667
734	1924	373.16667	0.16667	0.16667	0.16667	0.16667	0.16667
735	2388	0.16667	0.16667	0.16667	373.16667	0.16667	0.16667
736	2565	373.16667	0.16667	0.16667	0.16667	0.16667	0.16667
737	563	373.16667	0.16667	0.16667	0.16667	0.16667	0.16667
738	1967	373.16667	0.16667	0.16667	0.16667	0.16667	0.16667
739	2483	0.16667	0.16667	373.16667	0.16667	0.16667	0.16667
740	2634	0.16667	93.41796	273.35100	6.73104	0.16667	0.16667
741	2204	0.16667	373.16667	0.16667	0.16667	0.16667	0.16667
742	2168	0.16667	373.16667	0.16667	0.16667	0.16667	0.16667
743	2219	0.16667	0.16667	373.16667	0.16667	0.16667	0.16667
744	2442	373.16667	0.16667	0.16667	0.16667	0.16667	0.16667
745	2437	0.16667	373.16667	0.16667	0.16667	0.16667	0.16667
746	428	373.16667	0.16667	0.16667	0.16667	0.16667	0.16667
