1465 1925 1956 1959 1961 1966 1987 2034 2040 2048 2055 2057 2062 2063 2065 2069 2071 2078 2081 2120 2121 2126 2128 2131 2132 2133 2137 2150 2154 2156 2210 2215 2278 2287 2292 2293 2301 2302 2317 2324 2333 2345 2348 2368 2384 2385 2445 2462 2506 2512 2521 2526 2530 2533 2535 2536 2542 2547 2551 2560 2561 2567 2570 2573 2575 2581 2597 2623 2629 2646 
1718 1916 1920 1939 1947 1952 1955 1959 1970 1981 1982 2002 2003 2007 2026 2029 2032 2048 2053 2054 2060 2062 2071 2072 2075 2081 2096 2101 2110 2111 2125 2128 2132 2142 2155 2161 2177 2194 2199 2221 2222 2226 2229 2235 2242 2243 2246 2247 2264 2267 2274 2279 2280 2282 2283 2292 2294 2304 2327 2328 2332 2333 2336 2344 2350 2368 2377 2384 2390 2392 2394 2396 2398 2399 2415 2432 2434 2438 2451 2458 2459 2465 2468 2479 2480 2491 2501 2509 2511 2518 2537 2542 2543 2568 2572 2592 2598 2603 2617 2642 2643 2652 
1942 1952 1982 1983 2007 2017 2019 2034 2037 2041 2044 2051 2056 2058 2067 2084 2091 2092 2099 2100 2113 2126 2138 2142 2147 2189 2197 2214 2217 2228 2234 2243 2249 2263 2266 2283 2300 2303 2313 2317 2321 2334 2341 2342 2345 2350 2358 2375 2376 2387 2391 2393 2404 2410 2421 2422 2429 2431 2433 2439 2441 2443 2449 2450 2454 2456 2478 2483 2499 2512 2520 2526 2527 2528 2542 2545 2548 2558 2576 2584 2594 2595 2611 2614 2618 2621 2632 2634 
428 563 1577 1913 1921 1967 1970 1972 1973 1976 2026 2048 2095 2102 2116 2127 2128 2203 2233 2246 2247 2250 2302 2304 2312 2319 2328 2343 2351 2355 2384 2389 2400 2413 2459 2502 2512 2529 2530 2531 2533 2571 2610 2616 2629 2641 
1917 1918 1925 1929 1938 1941 1943 1946 1953 1962 1963 1966 1971 1979 1983 1984 1985 1986 1989 1993 1997 2005 2020 2021 2030 2033 2037 2040 2043 2045 2046 2055 2056 2058 2059 2060 2063 2064 2069 2073 2074 2077 2078 2083 2084 2086 2088 2090 2093 2095 2098 2103 2104 2108 2109 2112 2115 2118 2121 2122 2123 2124 2131 2136 2139 2140 2142 2150 2154 2164 2165 2172 2179 2184 2188 2190 2200 2201 2206 2210 2212 2213 2216 2218 2220 2229 2233 2237 2240 2244 2253 2257 2258 2261 2266 2271 2275 2276 2278 2287 2290 2299 2300 2306 2307 2308 2309 2311 2323 2324 2326 2329 2331 2334 2339 2340 2347 2348 2352 2353 2354 2356 2359 2363 2369 2370 2374 2376 2381 2386 2392 2395 2404 2407 2408 2409 2410 2414 2418 2423 2428 2429 2430 2433 2446 2460 2462 2464 2467 2468 2469 2477 2482 2484 2485 2489 2492 2495 2499 2500 2504 2506 2507 2520 2521 2526 2532 2536 2539 2542 2543 2546 2549 2550 2551 2552 2553 2554 2556 2559 2560 2561 2563 2564 2573 2574 2575 2578 2579 2586 2590 2591 2593 2600 2601 2602 2604 2606 2607 2611 2613 2615 2619 2623 2624 2625 2630 2631 2638 2646 2654 2655 
1924 1963 1982 1984 1985 1986 1988 1992 2060 2069 2076 2088 2093 2170 2207 2229 2255 2258 2259 2320 2349 2393 2398 2399 2401 2426 2443 2444 2466 2486 2490 2513 2515 2526 2553 2560 2622 2650 
1465 1926 1939 1941 1945 1947 1948 1970 2002 2052 2071 2087 2101 2132 2134 2137 2149 2151 2153 2169 2176 2180 2183 2198 2223 2239 2241 2266 2273 2292 2304 2310 2328 2332 2334 2336 2343 2344 2347 2399 2419 2429 2458 2461 2471 2475 2501 2502 2510 2512 2516 2518 2519 2547 2555 2582 2594 2603 2608 2637 
1917 1918 1925 1942 1943 1946 1962 1966 1979 1983 1984 1985 1986 1989 2007 2020 2026 2030 2037 2040 2043 2056 2058 2063 2064 2067 2069 2073 2078 2083 2084 2086 2088 2090 2092 2093 2103 2104 2112 2115 2118 2123 2124 2131 2136 2140 2142 2147 2150 2154 2164 2165 2172 2184 2188 2189 2200 2201 2206 2213 2218 2229 2233 2240 2244 2257 2266 2271 2275 2278 2287 2288 2299 2300 2303 2309 2311 2331 2334 2339 2347 2350 2352 2353 2363 2369 2376 2381 2383 2387 2391 2395 2404 2409 2410 2414 2423 2427 2428 2429 2449 2460 2476 2478 2489 2492 2499 2501 2506 2507 2518 2524 2526 2532 2536 2542 2550 2552 2554 2556 2560 2561 2564 2573 2575 2576 2578 2590 2600 2601 2602 2604 2605 2607 2611 2615 2619 2623 2625 2630 2631 2646 
136 1914 1919 1921 1927 1928 1931 1935 1950 1951 1954 1957 1958 1968 1972 1973 1976 1980 1991 1995 1996 1998 1999 2000 2001 2004 2006 2009 2011 2012 2013 2014 2016 2018 2022 2024 2025 2027 2050 2061 2097 2099 2116 2143 2157 2159 2171 2192 2202 2225 2268 2284 2297 2337 2346 2364 2365 2378 2389 2417 2435 2447 2459 2472 2494 2538 2565 2571 2583 2585 2620 2626 2627 2633 2636 2639 2640 2645 2647 2648 2657 2658 2659 2660 
1938 1941 1971 1993 2059 2067 2121 2216 2237 2253 2258 2308 2326 2340 2348 2354 2383 2392 2427 2430 2449 2469 2476 2478 2482 2504 2543 2546 2551 2586 2624 2655 
1956 1961 2094 2167 2245 2281 2301 2487 2535 
1923 1926 1944 1964 1965 1970 1974 1977 2029 2031 2036 2038 2047 2048 2060 2066 2085 2107 2114 2116 2117 2128 2133 2141 2145 2155 2162 2163 2174 2175 2176 2177 2182 2185 2186 2199 2205 2209 2211 2214 2219 2221 2226 2232 2235 2239 2242 2247 2255 2256 2265 2270 2272 2277 2278 2282 2288 2289 2291 2292 2296 2298 2302 2310 2313 2318 2321 2322 2325 2328 2345 2362 2366 2367 2379 2395 2406 2416 2419 2425 2452 2453 2468 2473 2480 2498 2502 2505 2512 2514 2517 2518 2523 2525 2540 2544 2557 2566 2581 2603 2605 2610 2612 2624 2637 2641 2642 2651 2656 
136 1577 1926 1939 1941 1945 1955 1959 1982 1987 1988 2007 2008 2026 2032 2039 2068 2072 2081 2082 2085 2101 2102 2111 2117 2125 2127 2133 2134 2138 2144 2148 2153 2161 2183 2187 2189 2194 2211 2215 2223 2224 2232 2235 2241 2243 2250 2254 2259 2264 2267 2268 2279 2280 2319 2327 2332 2333 2336 2338 2344 2345 2366 2367 2379 2384 2394 2396 2401 2417 2436 2443 2445 2455 2461 2471 2473 2475 2491 2501 2508 2510 2522 2537 2543 2547 2555 2571 2589 2592 2594 2597 2598 2608 2612 2617 2643 2649 
1940 1948 1994 2034 2106 2153 2168 2191 2194 2204 2233 2315 2329 2421 2437 2516 2524 2567 2571 2642 
136 1577 1718 1916 1920 1923 1932 1940 1945 1947 1948 1954 1955 1987 2002 2007 2010 2026 2028 2031 2032 2038 2039 2042 2047 2052 2054 2068 2072 2081 2087 2102 2111 2117 2125 2127 2132 2133 2135 2138 2143 2148 2149 2151 2153 2155 2163 2169 2174 2176 2180 2183 2185 2187 2189 2191 2196 2198 2199 2203 2223 2224 2226 2241 2246 2247 2249 2250 2254 2264 2267 2268 2273 2279 2282 2283 2289 2292 2294 2295 2298 2302 2319 2325 2327 2328 2330 2333 2336 2338 2343 2344 2350 2351 2368 2372 2377 2384 2398 2399 2419 2434 2436 2445 2461 2463 2471 2475 2491 2498 2502 2509 2510 2511 2512 2514 2516 2519 2525 2533 2536 2543 2544 2555 2582 2588 2589 2598 2605 2608 2616 2617 2629 2642 2643 2649 
136 1465 1577 1718 1920 1926 1932 1940 1941 1945 1948 1954 1955 1959 1964 1985 1987 1994 2002 2007 2010 2026 2028 2032 2038 2039 2042 2047 2052 2053 2054 2057 2062 2065 2068 2071 2072 2081 2087 2099 2102 2111 2117 2125 2127 2128 2133 2134 2135 2137 2138 2143 2144 2148 2149 2151 2153 2169 2174 2176 2180 2183 2187 2189 2191 2194 2196 2199 2203 2215 2223 2224 2239 2241 2246 2247 2249 2250 2254 2259 2264 2267 2268 2273 2279 2282 2283 2285 2289 2292 2293 2294 2302 2315 2316 2319 2325 2327 2328 2330 2332 2333 2336 2338 2347 2351 2368 2372 2377 2384 2385 2398 2417 2420 2426 2427 2436 2445 2451 2458 2461 2463 2465 2468 2471 2472 2475 2491 2498 2508 2509 2510 2511 2512 2516 2522 2530 2533 2537 2543 2544 2547 2555 2567 2572 2582 2588 2589 2592 2594 2597 2598 2599 2608 2609 2616 2617 2629 2642 2643 2649 2653 
2033 2190 2323 2391 2495 2553 
1915 1922 1930 1933 1934 1936 1937 1949 1960 1964 1965 1975 1978 1990 2008 2015 2023 2035 2047 2049 2070 2080 2082 2085 2089 2091 2105 2107 2114 2117 2119 2120 2126 2129 2130 2145 2146 2152 2156 2158 2160 2162 2166 2173 2181 2193 2197 2199 2227 2228 2231 2236 2238 2248 2251 2260 2277 2286 2289 2313 2314 2316 2317 2322 2335 2341 2342 2357 2360 2361 2366 2371 2373 2388 2397 2402 2403 2405 2411 2412 2424 2440 2448 2455 2474 2488 2497 2503 2523 2534 2540 2562 2570 2577 2580 2618 2628 2644 2656 2659 
