136 1914 1919 1921 1927 1928 1931 1935 1950 1951 1954 1957 1958 1968 1972 1973 1976 1980 1991 1995 1998 1999 2000 2001 2004 2006 2009 2011 2012 2013 2014 2016 2018 2022 2024 2025 2027 2050 2061 2097 2099 2116 2143 2157 2159 2171 2192 2202 2225 2268 2284 2297 2337 2346 2364 2365 2378 2389 2417 2435 2447 2459 2472 2494 2531 2538 2571 2583 2585 2620 2626 2627 2633 2636 2639 2640 2645 2647 2648 2657 2658 2659 2660 
1718 1916 1923 1926 1944 1952 1959 1964 1965 1970 1974 1987 2002 2003 2010 2029 2031 2038 2042 2047 2048 2054 2060 2066 2087 2102 2107 2111 2114 2116 2117 2128 2132 2133 2138 2141 2145 2149 2153 2155 2162 2163 2166 2174 2175 2176 2177 2182 2185 2186 2194 2196 2199 2205 2209 2211 2226 2231 2232 2235 2242 2246 2247 2254 2267 2270 2272 2273 2278 2282 2283 2287 2289 2292 2294 2296 2298 2304 2310 2312 2313 2318 2322 2325 2328 2343 2351 2355 2362 2366 2368 2389 2395 2398 2400 2406 2415 2416 2419 2425 2440 2452 2453 2461 2463 2468 2474 2475 2480 2491 2493 2498 2502 2509 2512 2518 2525 2529 2531 2540 2544 2555 2557 2581 2588 2589 2594 2603 2605 2608 2610 2616 2637 2641 2642 2651 
1915 1922 1930 1933 1934 1936 1937 1949 1960 1964 1965 1975 1978 1990 2008 2015 2023 2034 2035 2041 2047 2049 2051 2070 2080 2082 2085 2089 2091 2099 2105 2107 2114 2117 2119 2120 2126 2129 2130 2145 2146 2152 2156 2158 2160 2162 2166 2173 2181 2193 2197 2199 2217 2227 2228 2231 2236 2238 2248 2251 2260 2263 2277 2283 2286 2289 2313 2314 2316 2317 2321 2322 2335 2341 2342 2357 2358 2360 2361 2366 2371 2373 2376 2380 2388 2397 2402 2403 2405 2411 2412 2422 2424 2431 2433 2440 2441 2448 2450 2455 2456 2474 2488 2497 2503 2523 2528 2534 2540 2558 2562 2570 2577 2580 2587 2614 2618 2621 2628 2632 2634 2644 2656 2659 
428 563 1918 1925 1941 1967 1985 1989 2005 2021 2026 2030 2033 2040 2045 2046 2055 2065 2078 2095 2098 2108 2137 2150 2154 2208 2229 2261 2271 2276 2287 2293 2299 2300 2302 2306 2324 2347 2348 2363 2369 2374 2381 2385 2408 2414 2423 2446 2462 2464 2468 2485 2495 2501 2506 2521 2526 2530 2539 2550 2554 2559 2560 2561 2567 2573 2575 2578 2581 2593 2607 2615 2625 2630 2638 
1971 1979 1984 1993 2021 2030 2103 2172 2179 2233 2244 2276 2348 2407 2409 2410 2428 2484 2485 2526 2543 2563 2564 2574 2601 2604 
1718 1916 1920 1924 1925 1939 1947 1952 1955 1959 1970 1981 1982 1988 1989 1992 2003 2026 2029 2032 2052 2053 2054 2060 2062 2063 2072 2075 2076 2081 2096 2101 2110 2111 2125 2128 2132 2134 2142 2155 2161 2170 2177 2199 2207 2215 2221 2222 2223 2226 2229 2235 2243 2247 2254 2255 2259 2264 2266 2274 2280 2282 2283 2292 2294 2304 2320 2327 2328 2332 2333 2336 2344 2349 2350 2377 2384 2390 2392 2394 2396 2399 2401 2415 2426 2432 2434 2438 2443 2444 2451 2453 2458 2459 2461 2462 2466 2468 2479 2486 2490 2491 2501 2509 2510 2511 2513 2515 2518 2522 2537 2550 2568 2572 2592 2594 2598 2603 2608 2617 2622 2650 2651 2652 
136 1465 1577 1718 1916 1920 1926 1932 1939 1940 1941 1945 1947 1948 1954 1970 2002 2007 2010 2026 2028 2032 2038 2039 2042 2052 2054 2068 2071 2072 2081 2087 2099 2101 2102 2111 2117 2125 2127 2128 2132 2133 2134 2138 2142 2143 2148 2149 2151 2153 2163 2169 2174 2176 2180 2183 2187 2189 2194 2196 2198 2199 2203 2223 2224 2233 2239 2241 2246 2247 2249 2250 2254 2264 2267 2268 2273 2279 2282 2283 2285 2289 2292 2294 2295 2298 2302 2304 2319 2324 2327 2328 2332 2333 2336 2338 2343 2344 2347 2351 2355 2368 2372 2377 2384 2398 2399 2419 2434 2436 2458 2461 2463 2471 2475 2491 2498 2501 2502 2508 2509 2510 2511 2512 2516 2518 2533 2536 2537 2543 2544 2555 2567 2582 2588 2592 2594 2598 2605 2608 2616 2617 2629 2642 2643 2649 
1917 1929 1938 1943 1946 1953 1962 1979 1986 1993 1997 2005 2030 2037 2040 2043 2045 2055 2056 2063 2064 2074 2077 2078 2088 2095 2103 2104 2108 2118 2122 2123 2124 2128 2131 2136 2139 2140 2142 2164 2172 2179 2184 2188 2200 2201 2206 2216 2220 2229 2233 2244 2253 2258 2261 2266 2275 2276 2287 2307 2308 2311 2324 2326 2334 2340 2347 2354 2356 2363 2370 2374 2376 2395 2404 2408 2409 2410 2418 2423 2428 2430 2446 2460 2462 2464 2467 2477 2485 2489 2500 2504 2507 2521 2526 2532 2539 2543 2549 2559 2560 2564 2611 2625 2638 2646 
136 1465 1577 1913 1921 1940 1972 1973 1976 1985 2026 2047 2057 2065 2081 2087 2095 2102 2116 2117 2127 2128 2133 2135 2137 2148 2183 2199 2203 2208 2210 2215 2233 2247 2250 2267 2268 2278 2292 2302 2312 2319 2328 2330 2333 2338 2343 2350 2351 2355 2384 2385 2389 2400 2413 2436 2445 2459 2463 2483 2502 2526 2527 2529 2530 2531 2533 2536 2544 2551 2555 2560 2567 2571 2575 2588 2589 2592 2595 2597 2608 2616 2629 2635 
1917 1918 1925 1929 1938 1943 1946 1953 1962 1963 1966 1971 1979 1983 1984 1985 1986 1993 1997 2005 2020 2030 2033 2037 2040 2043 2045 2046 2056 2059 2060 2063 2064 2069 2073 2074 2077 2078 2083 2084 2086 2088 2090 2093 2095 2098 2103 2104 2108 2109 2112 2115 2118 2121 2122 2123 2124 2131 2139 2140 2142 2150 2154 2164 2165 2172 2179 2184 2188 2190 2200 2201 2206 2210 2212 2213 2216 2218 2220 2229 2233 2237 2240 2244 2253 2257 2261 2266 2271 2275 2276 2278 2287 2290 2299 2306 2307 2308 2309 2323 2324 2326 2329 2331 2334 2339 2340 2347 2348 2352 2353 2354 2356 2363 2369 2370 2374 2376 2381 2386 2392 2395 2404 2407 2408 2409 2410 2414 2418 2423 2428 2430 2433 2446 2460 2462 2464 2467 2468 2469 2477 2482 2484 2485 2489 2492 2495 2499 2500 2504 2506 2507 2520 2521 2526 2532 2539 2542 2543 2546 2549 2550 2551 2552 2553 2554 2556 2559 2560 2561 2563 2564 2573 2574 2575 2578 2579 2586 2590 2591 2593 2600 2601 2602 2604 2606 2607 2611 2615 2619 2623 2624 2625 2630 2631 2638 2646 2654 2655 
1942 1943 1952 1962 1963 1983 1985 2030 2040 2043 2056 2060 2064 2067 2078 2083 2084 2092 2115 2122 2136 2140 2147 2150 2164 2172 2179 2188 2189 2218 2233 2234 2262 2266 2271 2278 2288 2300 2303 2311 2339 2350 2352 2363 2376 2383 2387 2391 2393 2404 2410 2423 2428 2443 2454 2476 2478 2506 2542 2545 2549 2575 2576 2584 2590 2600 2604 2611 2615 2630 
2034 2106 2168 2204 2421 2437 
1917 1918 1925 1929 1938 1943 1946 1962 1966 1971 1979 1983 1984 1985 1986 1989 1993 2005 2030 2033 2037 2040 2043 2045 2055 2059 2060 2069 2077 2078 2083 2084 2088 2103 2104 2112 2115 2121 2122 2123 2142 2150 2164 2165 2172 2184 2188 2190 2200 2201 2206 2216 2218 2220 2229 2233 2240 2244 2253 2257 2258 2266 2271 2275 2276 2278 2290 2299 2307 2323 2324 2329 2331 2339 2340 2347 2352 2356 2369 2376 2381 2404 2410 2414 2423 2433 2446 2460 2464 2468 2469 2482 2484 2499 2500 2504 2506 2520 2526 2536 2542 2543 2546 2550 2551 2553 2559 2560 2573 2574 2575 2590 2591 2593 2600 2602 2604 2606 2607 2611 2615 2619 2625 2630 2631 
1465 1577 1920 1926 1932 1940 1941 1945 1948 1959 1985 1987 1994 2002 2007 2026 2028 2032 2039 2042 2047 2052 2053 2054 2057 2062 2068 2071 2072 2081 2087 2102 2111 2117 2125 2127 2128 2133 2134 2135 2137 2138 2143 2144 2148 2149 2153 2169 2176 2180 2183 2187 2189 2191 2194 2196 2199 2215 2223 2224 2232 2239 2241 2246 2247 2250 2259 2264 2267 2273 2279 2282 2283 2285 2289 2292 2293 2294 2302 2305 2315 2319 2328 2329 2330 2332 2333 2336 2338 2344 2347 2351 2368 2372 2384 2385 2396 2398 2417 2420 2436 2438 2451 2461 2463 2465 2471 2472 2475 2491 2498 2508 2509 2510 2511 2512 2516 2522 2524 2533 2543 2555 2567 2571 2572 2582 2588 2592 2597 2598 2599 2609 2629 2642 2643 2649 2653 
1465 1917 1925 1938 1941 1942 1943 1946 1966 1971 1979 1983 1984 1985 1986 1993 1996 2007 2019 2020 2037 2043 2048 2058 2059 2062 2063 2064 2067 2069 2071 2073 2078 2084 2086 2088 2090 2092 2093 2103 2104 2112 2118 2121 2123 2124 2131 2139 2142 2150 2154 2165 2172 2184 2188 2189 2200 2201 2206 2207 2212 2216 2218 2220 2229 2233 2234 2237 2240 2244 2253 2257 2258 2266 2275 2288 2290 2300 2303 2308 2309 2323 2326 2328 2331 2334 2339 2340 2347 2348 2353 2354 2370 2381 2383 2386 2387 2392 2393 2395 2409 2410 2414 2427 2428 2429 2430 2433 2443 2449 2454 2460 2467 2469 2476 2478 2482 2489 2492 2499 2501 2504 2507 2512 2518 2520 2524 2526 2532 2542 2543 2546 2550 2551 2552 2556 2560 2561 2563 2564 2565 2573 2581 2586 2590 2600 2601 2602 2604 2605 2607 2611 2619 2623 2624 2631 2646 2654 2655 
1926 1941 1945 1956 1961 1964 1977 1982 2007 2008 2017 2031 2032 2036 2038 2041 2047 2048 2058 2068 2081 2082 2085 2092 2094 2101 2102 2127 2138 2145 2147 2167 2186 2187 2189 2205 2211 2214 2219 2223 2224 2226 2232 2235 2245 2256 2259 2262 2265 2268 2277 2279 2280 2281 2288 2291 2296 2301 2302 2313 2321 2322 2325 2327 2334 2336 2345 2366 2367 2379 2384 2387 2394 2396 2406 2421 2429 2443 2449 2453 2455 2468 2471 2473 2481 2487 2491 2512 2514 2517 2523 2535 2560 2566 2571 2581 2592 2594 2598 2608 2610 2612 2634 2635 2656 
136 1465 1577 1718 1920 1926 1932 1941 1945 1947 1955 1959 1987 2007 2026 2032 2038 2039 2042 2047 2051 2053 2054 2057 2065 2068 2071 2072 2081 2087 2100 2102 2111 2113 2117 2125 2127 2131 2133 2135 2137 2138 2144 2148 2149 2151 2153 2161 2169 2174 2180 2183 2187 2189 2194 2196 2199 2203 2215 2217 2223 2224 2232 2239 2241 2247 2249 2250 2254 2259 2264 2267 2268 2279 2282 2283 2285 2289 2292 2293 2294 2302 2313 2315 2316 2319 2327 2328 2330 2332 2333 2336 2338 2347 2372 2375 2384 2385 2394 2396 2398 2417 2419 2420 2436 2439 2445 2450 2451 2458 2461 2463 2468 2471 2473 2475 2491 2508 2509 2510 2511 2522 2528 2533 2537 2542 2543 2547 2548 2555 2558 2567 2572 2589 2592 2594 2597 2598 2608 2614 2616 2617 2621 2629 2643 2649 2653 
