0	2290	0.001	0.998	0.001	0.001
1	2363	0.001	0.998	0.001	0.001
2	2346	0.001	0.001	0.001	0.998
3	2025	0.001	0.001	0.001	0.998
4	2140	0.001	0.998	0.001	0.001
5	2428	0.001	0.998	0.001	0.001
6	2201	0.001	0.998	0.001	0.001
7	2506	0.001	0.998	0.001	0.001
8	2425	0.001	0.001	0.001	0.998
9	2557	0.001	0.001	0.001	0.998
10	2532	0.001	0.998	0.001	0.001
11	2073	0.001	0.998	0.001	0.001
12	2278	0.001	0.969	0.029	0.001
13	2551	0.001	0.985	0.014	0.001
14	2077	0.001	0.998	0.001	0.001
15	2369	0.001	0.998	0.001	0.001
16	1465	0.001	0.001	0.998	0.001
17	2592	0.001	0.001	0.998	0.001
18	2046	0.001	0.998	0.001	0.001
19	1941	0.001	0.486	0.513	0.001
20	2518	0.001	0.082	0.873	0.045
21	2132	0.001	0.001	0.998	0.001
22	2650	0.998	0.001	0.001	0.001
23	2207	0.998	0.001	0.001	0.001
24	2553	0.005	0.994	0.001	0.001
25	2078	0.001	0.998	0.001	0.001
26	2203	0.001	0.001	0.945	0.054
27	2143	0.001	0.001	0.836	0.163
28	2224	0.001	0.001	0.998	0.001
29	2510	0.001	0.001	0.998	0.001
30	2240	0.001	0.998	0.001	0.001
31	2563	0.001	0.998	0.001	0.001
32	2122	0.001	0.998	0.001	0.001
33	2118	0.001	0.998	0.001	0.001
34	1944	0.001	0.001	0.001	0.998
35	2117	0.033	0.001	0.847	0.120
36	2611	0.001	0.998	0.001	0.001
37	2184	0.001	0.998	0.001	0.001
38	2354	0.001	0.998	0.001	0.001
39	2169	0.001	0.001	0.998	0.001
40	2283	0.014	0.001	0.972	0.014
41	2620	0.001	0.001	0.001	0.998
42	1998	0.001	0.001	0.001	0.998
43	2654	0.001	0.998	0.001	0.001
44	2646	0.001	0.993	0.005	0.001
45	2228	0.998	0.001	0.001	0.001
46	2082	0.998	0.001	0.001	0.001
47	1979	0.001	0.998	0.001	0.001
48	2484	0.001	0.998	0.001	0.001
49	2257	0.001	0.998	0.001	0.001
50	2005	0.001	0.998	0.001	0.001
51	2560	0.001	0.976	0.022	0.001
52	1962	0.001	0.998	0.001	0.001
53	2206	0.001	0.998	0.001	0.001
54	2520	0.001	0.998	0.001	0.001
55	2104	0.001	0.998	0.001	0.001
56	2602	0.001	0.998	0.001	0.001
57	2521	0.001	0.998	0.001	0.001
58	2233	0.001	0.942	0.047	0.010
59	2200	0.001	0.998	0.001	0.001
60	2294	0.001	0.001	0.989	0.009
61	1981	0.001	0.001	0.998	0.001
62	2187	0.001	0.001	0.998	0.001
63	1916	0.001	0.001	0.985	0.014
64	1945	0.001	0.001	0.991	0.008
65	1959	0.001	0.001	0.998	0.001
66	1971	0.001	0.998	0.001	0.001
67	2436	0.001	0.001	0.998	0.001
68	2042	0.001	0.001	0.998	0.001
69	2084	0.001	0.998	0.001	0.001
70	2624	0.002	0.996	0.001	0.001
71	2364	0.001	0.001	0.001	0.998
72	1991	0.001	0.001	0.001	0.998
73	2110	0.001	0.001	0.998	0.001
74	2029	0.001	0.001	0.596	0.402
75	2607	0.001	0.998	0.001	0.001
76	2649	0.001	0.001	0.998	0.001
77	2087	0.001	0.001	0.998	0.001
78	2188	0.001	0.998	0.001	0.001
79	2477	0.001	0.998	0.001	0.001
80	2386	0.001	0.998	0.001	0.001
81	2543	0.001	0.543	0.456	0.001
82	2604	0.006	0.993	0.001	0.001
83	2561	0.001	0.998	0.001	0.001
84	2433	0.007	0.992	0.001	0.001
85	2496	0.001	0.001	0.998	0.001
86	2153	0.001	0.001	0.998	0.001
87	2536	0.001	0.964	0.035	0.001
88	2482	0.001	0.998	0.001	0.001
89	2512	0.001	0.133	0.842	0.024
90	2010	0.001	0.001	0.998	0.001
91	2103	0.001	0.998	0.001	0.001
92	2253	0.001	0.998	0.001	0.001
93	2500	0.001	0.998	0.001	0.001
94	2063	0.001	0.990	0.008	0.001
95	2509	0.001	0.001	0.998	0.001
96	2399	0.005	0.001	0.975	0.019
97	2150	0.001	0.998	0.001	0.001
98	2030	0.001	0.998	0.001	0.001
99	2374	0.001	0.998	0.001	0.001
100	1986	0.001	0.998	0.001	0.001
101	2630	0.001	0.998	0.001	0.001
102	2376	0.006	0.993	0.001	0.001
103	2326	0.001	0.998	0.001	0.001
104	2172	0.001	0.998	0.001	0.001
105	2133	0.022	0.001	0.781	0.196
106	2296	0.001	0.001	0.001	0.998
107	2626	0.001	0.001	0.001	0.998
108	2097	0.001	0.001	0.001	0.998
109	2093	0.005	0.994	0.001	0.001
110	2391	0.001	0.998	0.001	0.001
111	2275	0.001	0.998	0.001	0.001
112	1984	0.001	0.998	0.001	0.001
113	2347	0.001	0.621	0.378	0.001
114	2550	0.013	0.986	0.001	0.001
115	2047	0.151	0.001	0.696	0.153
116	1932	0.001	0.001	0.998	0.001
117	2655	0.001	0.998	0.001	0.001
118	1994	0.001	0.001	0.998	0.001
119	2292	0.001	0.001	0.985	0.014
120	2109	0.001	0.998	0.001	0.001
121	2040	0.001	0.984	0.015	0.001
122	2086	0.001	0.998	0.001	0.001
123	2460	0.001	0.998	0.001	0.001
124	2597	0.001	0.001	0.998	0.001
125	2282	0.001	0.001	0.998	0.001
126	2511	0.001	0.001	0.991	0.008
127	2598	0.001	0.001	0.998	0.001
128	2638	0.001	0.998	0.001	0.001
129	2390	0.001	0.001	0.998	0.001
130	2096	0.001	0.001	0.945	0.054
131	2218	0.001	0.998	0.001	0.001
132	1917	0.001	0.998	0.001	0.001
133	2353	0.001	0.998	0.001	0.001
134	2625	0.001	0.998	0.001	0.001
135	2194	0.001	0.001	0.998	0.001
136	2289	0.035	0.001	0.789	0.175
137	2323	0.001	0.998	0.001	0.001
138	2410	0.001	0.998	0.001	0.001
139	2631	0.001	0.998	0.001	0.001
140	2111	0.001	0.001	0.998	0.001
141	2062	0.001	0.075	0.921	0.003
142	2059	0.001	0.998	0.001	0.001
143	1938	0.001	0.998	0.001	0.001
144	2060	0.001	0.964	0.023	0.012
145	1939	0.001	0.001	0.998	0.001
146	2264	0.001	0.001	0.998	0.001
147	2574	0.001	0.998	0.001	0.001
148	2579	0.001	0.998	0.001	0.001
149	2419	0.001	0.001	0.837	0.162
150	2491	0.001	0.001	0.989	0.009
151	2468	0.001	0.809	0.183	0.006
152	2615	0.001	0.998	0.001	0.001
153	2507	0.001	0.998	0.001	0.001
154	2564	0.001	0.998	0.001	0.001
155	2420	0.001	0.001	0.998	0.001
156	1929	0.001	0.998	0.001	0.001
157	2154	0.001	0.998	0.001	0.001
158	1925	0.001	0.989	0.009	0.001
159	1940	0.001	0.001	0.998	0.001
160	2329	0.001	0.990	0.009	0.001
161	2469	0.001	0.998	0.001	0.001
162	2229	0.001	0.993	0.006	0.001
163	2552	0.001	0.998	0.001	0.001
164	1993	0.006	0.993	0.001	0.001
165	2032	0.001	0.001	0.984	0.015
166	2485	0.001	0.998	0.001	0.001
167	2395	0.001	0.998	0.001	0.001
168	2339	0.001	0.998	0.001	0.001
169	1989	0.001	0.998	0.001	0.001
170	2243	0.001	0.001	0.998	0.001
171	2434	0.001	0.001	0.987	0.012
172	2126	0.991	0.001	0.002	0.006
173	2408	0.001	0.998	0.001	0.001
174	2121	0.001	0.998	0.001	0.001
175	2453	0.216	0.001	0.269	0.514
176	2214	0.095	0.028	0.048	0.829
177	2633	0.001	0.001	0.001	0.998
178	2526	0.010	0.983	0.007	0.001
179	2430	0.001	0.998	0.001	0.001
180	1964	0.229	0.001	0.315	0.455
181	2064	0.001	0.998	0.001	0.001
182	2407	0.001	0.998	0.001	0.001
183	2317	0.998	0.001	0.001	0.001
184	2412	0.998	0.001	0.001	0.001
185	2406	0.001	0.001	0.001	0.998
186	2112	0.001	0.998	0.001	0.001
187	2404	0.001	0.998	0.001	0.001
188	2135	0.001	0.001	0.998	0.001
189	2498	0.001	0.001	0.906	0.093
190	2302	0.001	0.001	0.979	0.020
191	2629	0.001	0.001	0.990	0.009
192	2351	0.001	0.001	0.989	0.010
193	2212	0.001	0.998	0.001	0.001
194	2123	0.001	0.998	0.001	0.001
195	2053	0.001	0.001	0.998	0.001
196	2254	0.001	0.001	0.963	0.035
197	2271	0.001	0.998	0.001	0.001
198	2199	0.013	0.001	0.980	0.007
199	2054	0.001	0.001	0.998	0.001
200	2018	0.001	0.001	0.001	0.998
201	2636	0.001	0.001	0.001	0.998
202	2371	0.998	0.001	0.001	0.001
203	2166	0.998	0.001	0.001	0.001
204	2033	0.001	0.998	0.001	0.001
205	2608	0.001	0.001	0.987	0.012
206	2567	0.001	0.001	0.998	0.001
207	2338	0.001	0.001	0.998	0.001
208	1954	0.001	0.001	0.741	0.258
209	2555	0.001	0.001	0.998	0.001
210	2138	0.001	0.001	0.990	0.008
211	2357	0.998	0.001	0.001	0.001
212	2152	0.998	0.001	0.001	0.001
213	2372	0.001	0.001	0.998	0.001
214	2189	0.001	0.245	0.753	0.001
215	2590	0.001	0.998	0.001	0.001
216	2359	0.001	0.998	0.001	0.001
217	2020	0.001	0.998	0.001	0.001
218	2467	0.001	0.998	0.001	0.001
219	2266	0.001	0.974	0.025	0.001
220	2558	0.998	0.001	0.001	0.001
221	2375	0.998	0.001	0.001	0.001
222	1947	0.001	0.001	0.989	0.009
223	2432	0.010	0.001	0.950	0.040
224	2660	0.001	0.001	0.001	0.998
225	2640	0.001	0.001	0.001	0.998
226	2601	0.001	0.998	0.001	0.001
227	2069	0.001	0.998	0.001	0.001
228	2327	0.001	0.001	0.981	0.017
229	1928	0.001	0.001	0.001	0.998
230	2360	0.998	0.001	0.001	0.001
231	2156	0.998	0.001	0.001	0.001
232	2101	0.001	0.001	0.998	0.001
233	2095	0.001	0.992	0.007	0.001
234	2125	0.001	0.001	0.998	0.001
235	2124	0.001	0.998	0.001	0.001
236	2538	0.001	0.001	0.001	0.998
237	2447	0.001	0.001	0.001	0.998
238	2297	0.001	0.001	0.001	0.998
239	2659	0.246	0.001	0.001	0.752
240	2142	0.001	0.963	0.035	0.001
241	2414	0.001	0.998	0.001	0.001
242	2324	0.001	0.976	0.022	0.001
243	2334	0.001	0.990	0.008	0.001
244	2397	0.998	0.001	0.001	0.001
245	1978	0.998	0.001	0.001	0.001
246	2429	0.001	0.956	0.043	0.001
247	2300	0.001	0.998	0.001	0.001
248	2606	0.001	0.998	0.001	0.001
249	2276	0.001	0.998	0.001	0.001
250	2554	0.001	0.998	0.001	0.001
251	2258	0.001	0.998	0.001	0.001
252	2331	0.001	0.998	0.001	0.001
253	1942	0.001	0.998	0.001	0.001
254	2584	0.003	0.996	0.001	0.001
255	2517	0.001	0.001	0.001	0.998
256	2192	0.001	0.001	0.001	0.998
257	2090	0.001	0.998	0.001	0.001
258	2340	0.001	0.998	0.001	0.001
259	2127	0.001	0.001	0.960	0.039
260	1943	0.001	0.998	0.001	0.001
261	2586	0.001	0.998	0.001	0.001
262	2116	0.001	0.001	0.001	0.998
263	2365	0.001	0.001	0.001	0.998
264	2523	0.998	0.001	0.001	0.001
265	2158	0.998	0.001	0.001	0.001
266	1985	0.001	0.906	0.093	0.001
267	2279	0.001	0.001	0.998	0.001
268	1948	0.001	0.001	0.998	0.001
269	1957	0.001	0.001	0.001	0.998
270	2648	0.001	0.001	0.001	0.998
271	1946	0.001	0.998	0.001	0.001
272	2337	0.001	0.001	0.001	0.998
273	2225	0.001	0.001	0.001	0.998
274	2016	0.001	0.001	0.001	0.998
275	2244	0.001	0.998	0.001	0.001
276	2348	0.001	0.991	0.007	0.001
277	2600	0.001	0.998	0.001	0.001
278	2593	0.001	0.998	0.001	0.001
279	2056	0.001	0.998	0.001	0.001
280	2396	0.001	0.001	0.968	0.030
281	1952	0.001	0.063	0.803	0.133
282	2458	0.001	0.001	0.998	0.001
283	2489	0.001	0.998	0.001	0.001
284	1983	0.001	0.998	0.001	0.001
285	2328	0.001	0.001	0.973	0.026
286	2394	0.001	0.001	0.998	0.001
287	1718	0.001	0.001	0.988	0.010
288	2333	0.001	0.001	0.998	0.001
289	2446	0.001	0.998	0.001	0.001
290	1997	0.001	0.998	0.001	0.001
291	1955	0.001	0.001	0.998	0.001
292	1920	0.001	0.001	0.998	0.001
293	2074	0.001	0.998	0.001	0.001
294	1926	0.009	0.001	0.849	0.141
295	2570	0.914	0.001	0.001	0.085
296	2647	0.001	0.001	0.001	0.998
297	2435	0.001	0.001	0.001	0.998
298	2213	0.001	0.998	0.001	0.001
299	2464	0.001	0.998	0.001	0.001
300	2335	0.998	0.001	0.001	0.001
301	1960	0.998	0.001	0.001	0.001
302	2392	0.001	0.976	0.023	0.001
303	2549	0.001	0.998	0.001	0.001
304	2131	0.001	0.993	0.006	0.001
305	2309	0.001	0.998	0.001	0.001
306	2092	0.018	0.980	0.001	0.001
307	2165	0.001	0.998	0.001	0.001
308	2149	0.001	0.001	0.981	0.018
309	2007	0.001	0.180	0.813	0.007
310	2445	0.001	0.001	0.998	0.001
311	2306	0.001	0.998	0.001	0.001
312	2043	0.001	0.998	0.001	0.001
313	2535	0.157	0.001	0.001	0.842
314	2492	0.001	0.998	0.001	0.001
315	2361	0.998	0.001	0.001	0.001
316	2280	0.001	0.001	0.998	0.001
317	2619	0.001	0.998	0.001	0.001
318	2385	0.001	0.001	0.998	0.001
319	2530	0.001	0.142	0.856	0.001
320	1913	0.001	0.001	0.682	0.317
321	2542	0.001	0.981	0.018	0.001
322	2246	0.001	0.001	0.976	0.023
323	2002	0.001	0.001	0.985	0.013
324	1972	0.001	0.001	0.001	0.998
325	2242	0.002	0.080	0.147	0.771
326	2416	0.001	0.001	0.001	0.998
327	2071	0.001	0.001	0.998	0.001
328	2102	0.001	0.001	0.950	0.049
329	2616	0.001	0.002	0.923	0.074
330	2176	0.010	0.001	0.775	0.214
331	2267	0.001	0.001	0.998	0.001
332	2068	0.001	0.001	0.998	0.001
333	1577	0.001	0.001	0.985	0.014
334	2370	0.001	0.998	0.001	0.001
335	2237	0.001	0.998	0.001	0.001
336	2583	0.001	0.001	0.001	0.998
337	2378	0.001	0.001	0.001	0.998
338	2503	0.998	0.001	0.001	0.001
339	2114	0.998	0.001	0.001	0.001
340	2260	0.998	0.001	0.001	0.001
341	2307	0.001	0.998	0.001	0.001
342	2336	0.001	0.001	0.998	0.001
343	2120	0.998	0.001	0.001	0.001
344	2105	0.998	0.001	0.001	0.001
345	2161	0.001	0.001	0.998	0.001
346	2287	0.001	0.986	0.013	0.001
347	2529	0.001	0.001	0.782	0.217
348	1966	0.001	0.998	0.001	0.001
349	2285	0.001	0.001	0.998	0.001
350	2247	0.001	0.001	0.938	0.060
351	2261	0.001	0.998	0.001	0.001
352	2504	0.001	0.998	0.001	0.001
353	2495	0.001	0.998	0.001	0.001
354	2343	0.001	0.001	0.998	0.001
355	2487	0.001	0.001	0.001	0.998
356	2245	0.001	0.001	0.001	0.998
357	1988	0.806	0.001	0.193	0.001
358	2466	0.900	0.001	0.099	0.001
359	2223	0.001	0.001	0.998	0.001
360	2653	0.001	0.001	0.998	0.001
361	2164	0.001	0.998	0.001	0.001
362	2472	0.001	0.001	0.823	0.176
363	2241	0.001	0.001	0.989	0.009
364	136	0.001	0.001	0.717	0.282
365	2451	0.001	0.001	0.998	0.001
366	2050	0.001	0.001	0.001	0.998
367	2196	0.001	0.001	0.998	0.001
368	2075	0.001	0.001	0.998	0.001
369	2501	0.001	0.152	0.844	0.003
370	2423	0.001	0.998	0.001	0.001
371	2250	0.001	0.001	0.959	0.040
372	2180	0.001	0.001	0.998	0.001
373	2478	0.012	0.987	0.001	0.001
374	2058	0.001	0.984	0.015	0.001
375	2183	0.001	0.001	0.998	0.001
376	2533	0.001	0.001	0.988	0.011
377	2409	0.001	0.998	0.001	0.001
378	2582	0.001	0.001	0.998	0.001
379	2377	0.001	0.001	0.998	0.001
380	2215	0.001	0.001	0.998	0.001
381	2197	0.998	0.001	0.001	0.001
382	2236	0.998	0.001	0.001	0.001
383	2499	0.001	0.998	0.001	0.001
384	2322	0.458	0.001	0.001	0.540
385	2098	0.001	0.998	0.001	0.001
386	2418	0.001	0.998	0.001	0.001
387	2381	0.001	0.998	0.001	0.001
388	2603	0.001	0.001	0.915	0.083
389	2644	0.998	0.001	0.001	0.001
390	2417	0.001	0.001	0.817	0.181
391	1999	0.001	0.001	0.001	0.998
392	2220	0.001	0.998	0.001	0.001
393	2578	0.001	0.998	0.001	0.001
394	2045	0.001	0.998	0.001	0.001
395	1953	0.001	0.998	0.001	0.001
396	2028	0.001	0.001	0.998	0.001
397	2556	0.001	0.998	0.001	0.001
398	2191	0.001	0.001	0.998	0.001
399	2235	0.001	0.001	0.928	0.071
400	2288	0.003	0.684	0.099	0.213
401	1987	0.001	0.001	0.974	0.025
402	2475	0.001	0.001	0.987	0.012
403	2547	0.001	0.001	0.998	0.001
404	2319	0.001	0.001	0.981	0.018
405	2617	0.001	0.001	0.998	0.001
406	1914	0.001	0.001	0.001	0.998
407	2658	0.001	0.001	0.001	0.998
408	2163	0.001	0.066	0.876	0.057
409	2311	0.001	0.998	0.001	0.001
410	2052	0.001	0.001	0.998	0.001
411	2594	0.001	0.001	0.975	0.023
412	2273	0.001	0.001	0.986	0.012
413	2202	0.001	0.001	0.001	0.998
414	2222	0.001	0.001	0.974	0.025
415	1922	0.998	0.001	0.001	0.001
416	2341	0.940	0.001	0.001	0.059
417	2139	0.001	0.998	0.001	0.001
418	2462	0.001	0.964	0.035	0.001
419	2591	0.001	0.998	0.001	0.001
420	2628	0.998	0.001	0.001	0.001
421	2291	0.005	0.062	0.001	0.933
422	2643	0.001	0.001	0.998	0.001
423	2293	0.001	0.001	0.998	0.001
424	1975	0.998	0.001	0.001	0.001
425	1930	0.946	0.001	0.051	0.003
426	2516	0.001	0.001	0.998	0.001
427	2057	0.001	0.032	0.967	0.001
428	2623	0.001	0.990	0.009	0.001
429	2006	0.001	0.001	0.001	0.998
430	2366	0.104	0.001	0.309	0.586
431	2211	0.023	0.001	0.003	0.973
432	2352	0.001	0.998	0.001	0.001
433	2427	0.001	0.883	0.116	0.001
434	1934	0.998	0.001	0.001	0.001
435	2299	0.001	0.998	0.001	0.001
436	2226	0.001	0.001	0.647	0.351
437	2573	0.001	0.998	0.001	0.001
438	1923	0.001	0.001	0.001	0.998
439	2575	0.001	0.998	0.001	0.001
440	2559	0.001	0.998	0.001	0.001
441	2368	0.014	0.001	0.985	0.001
442	2642	0.001	0.001	0.778	0.220
443	2349	0.998	0.001	0.001	0.001
444	2384	0.001	0.001	0.964	0.035
445	2645	0.001	0.001	0.001	0.998
446	2210	0.001	0.937	0.062	0.001
447	2159	0.001	0.001	0.001	0.998
448	2424	0.998	0.001	0.001	0.001
449	2000	0.001	0.001	0.001	0.998
450	2157	0.001	0.001	0.001	0.998
451	2539	0.001	0.998	0.001	0.001
452	2657	0.001	0.001	0.001	0.998
453	1935	0.001	0.001	0.001	0.998
454	2313	0.835	0.002	0.079	0.083
455	2613	0.001	0.998	0.001	0.001
456	2356	0.001	0.998	0.001	0.001
457	2108	0.001	0.998	0.001	0.001
458	2155	0.001	0.001	0.685	0.313
459	2144	0.001	0.001	0.998	0.001
460	1921	0.001	0.001	0.001	0.998
461	2072	0.001	0.001	0.998	0.001
462	2461	0.001	0.001	0.998	0.001
463	2310	0.001	0.001	0.424	0.574
464	2465	0.001	0.001	0.998	0.001
465	2083	0.001	0.998	0.001	0.001
466	2232	0.050	0.001	0.785	0.164
467	1919	0.001	0.001	0.001	0.998
468	1951	0.001	0.001	0.001	0.998
469	2026	0.001	0.152	0.836	0.011
470	2270	0.001	0.001	0.001	0.998
471	2011	0.001	0.001	0.001	0.998
472	1995	0.001	0.001	0.001	0.998
473	2639	0.001	0.001	0.001	0.998
474	1965	0.706	0.001	0.001	0.293
475	1918	0.001	0.998	0.001	0.001
476	2208	0.001	0.321	0.678	0.001
477	2308	0.001	0.998	0.001	0.001
478	1931	0.001	0.001	0.001	0.998
479	2221	0.001	0.001	0.971	0.027
480	2027	0.001	0.001	0.001	0.998
481	2081	0.001	0.001	0.998	0.001
482	2609	0.001	0.001	0.998	0.001
483	2038	0.009	0.001	0.812	0.178
484	2048	0.001	0.188	0.361	0.451
485	2587	0.998	0.001	0.001	0.001
486	2067	0.001	0.998	0.001	0.001
487	1980	0.001	0.001	0.001	0.998
488	2185	0.001	0.001	0.744	0.255
489	2537	0.001	0.001	0.998	0.001
490	2004	0.001	0.001	0.001	0.998
491	2315	0.001	0.001	0.998	0.001
492	2249	0.084	0.001	0.914	0.001
493	2147	0.001	0.998	0.001	0.001
494	2502	0.001	0.001	0.973	0.026
495	2137	0.001	0.115	0.884	0.001
496	2362	0.001	0.001	0.001	0.998
497	2398	0.001	0.001	0.998	0.001
498	2589	0.001	0.001	0.998	0.001
499	2463	0.001	0.001	0.990	0.009
500	2170	0.947	0.001	0.051	0.001
501	2479	0.001	0.001	0.998	0.001
502	2134	0.001	0.001	0.998	0.001
503	2115	0.001	0.998	0.001	0.001
504	2088	0.001	0.998	0.001	0.001
505	2145	0.223	0.001	0.001	0.775
506	2174	0.001	0.001	0.922	0.076
507	2546	0.001	0.998	0.001	0.001
508	2344	0.001	0.001	0.989	0.009
509	2274	0.001	0.001	0.998	0.001
510	2415	0.001	0.001	0.973	0.026
511	2037	0.001	0.998	0.001	0.001
512	2136	0.001	0.998	0.001	0.001
513	1958	0.001	0.001	0.001	0.998
514	2486	0.952	0.001	0.044	0.003
515	2513	0.998	0.001	0.001	0.001
516	2471	0.001	0.001	0.998	0.001
517	2190	0.001	0.998	0.001	0.001
518	2041	0.998	0.001	0.001	0.001
519	2456	0.998	0.001	0.001	0.001
520	2610	0.001	0.001	0.001	0.998
521	2401	0.779	0.012	0.208	0.001
522	2540	0.632	0.001	0.001	0.367
523	2198	0.001	0.001	0.998	0.001
524	2039	0.001	0.001	0.998	0.001
525	1973	0.001	0.001	0.001	0.998
526	2525	0.001	0.001	0.001	0.998
527	2128	0.001	0.011	0.937	0.051
528	2474	0.998	0.001	0.001	0.001
529	2411	0.998	0.001	0.001	0.001
530	2476	0.001	0.998	0.001	0.001
531	2443	0.282	0.587	0.118	0.013
532	2545	0.126	0.873	0.001	0.001
533	2314	0.998	0.001	0.001	0.001
534	2576	0.001	0.998	0.001	0.001
535	2318	0.001	0.001	0.001	0.998
536	2618	0.957	0.001	0.042	0.001
537	2021	0.001	0.998	0.001	0.001
538	1933	0.998	0.001	0.001	0.001
539	2403	0.998	0.001	0.001	0.001
540	2179	0.001	0.998	0.001	0.001
541	2031	0.001	0.001	0.001	0.998
542	2216	0.001	0.998	0.001	0.001
543	2444	0.998	0.001	0.001	0.001
544	2473	0.001	0.001	0.758	0.241
545	2325	0.031	0.001	0.603	0.365
546	2119	0.998	0.001	0.001	0.001
547	2566	0.045	0.001	0.001	0.954
548	2205	0.001	0.001	0.001	0.998
549	2652	0.001	0.001	0.998	0.001
550	2330	0.001	0.001	0.998	0.001
551	2316	0.887	0.001	0.111	0.001
552	2178	0.998	0.001	0.001	0.001
553	2035	0.998	0.001	0.001	0.001
554	2049	0.998	0.001	0.001	0.001
555	2268	0.001	0.001	0.808	0.191
556	2332	0.001	0.001	0.998	0.001
557	2146	0.998	0.001	0.001	0.001
558	2383	0.001	0.998	0.001	0.001
559	2637	0.001	0.001	0.001	0.998
560	1970	0.001	0.001	0.910	0.089
561	2012	0.001	0.001	0.001	0.998
562	2171	0.001	0.001	0.001	0.998
563	2209	0.001	0.001	0.001	0.998
564	1963	0.001	0.998	0.001	0.001
565	2304	0.001	0.001	0.981	0.018
566	2355	0.001	0.001	0.699	0.300
567	2148	0.001	0.001	0.998	0.001
568	2259	0.055	0.001	0.943	0.001
569	2066	0.001	0.001	0.001	0.998
570	2151	0.001	0.001	0.998	0.001
571	2393	0.033	0.966	0.001	0.001
572	2438	0.001	0.002	0.981	0.017
573	2400	0.001	0.001	0.677	0.321
574	2454	0.001	0.998	0.001	0.001
575	2284	0.001	0.001	0.001	0.998
576	2298	0.001	0.001	0.656	0.342
577	2003	0.001	0.001	0.998	0.001
578	2295	0.001	0.001	0.952	0.047
579	1990	0.998	0.001	0.001	0.001
580	2544	0.001	0.001	0.955	0.043
581	2061	0.001	0.001	0.001	0.998
582	1976	0.001	0.001	0.001	0.998
583	1927	0.001	0.001	0.001	0.998
584	2055	0.001	0.984	0.015	0.001
585	2350	0.001	0.871	0.128	0.001
586	2588	0.001	0.001	0.975	0.024
587	2450	0.998	0.001	0.001	0.001
588	2320	0.998	0.001	0.001	0.001
589	1992	0.998	0.001	0.001	0.001
590	2571	0.001	0.001	0.810	0.189
591	2234	0.001	0.998	0.001	0.001
592	2387	0.001	0.950	0.048	0.001
593	1968	0.001	0.001	0.001	0.998
594	2585	0.001	0.001	0.001	0.998
595	2405	0.998	0.001	0.001	0.001
596	2162	0.998	0.001	0.001	0.001
597	2402	0.998	0.001	0.001	0.001
598	2238	0.998	0.001	0.001	0.001
599	2089	0.998	0.001	0.001	0.001
600	2044	0.001	0.998	0.001	0.001
601	2379	0.001	0.001	0.792	0.207
602	2651	0.313	0.001	0.257	0.429
603	2009	0.001	0.001	0.001	0.998
604	2177	0.001	0.001	0.998	0.001
605	2252	0.001	0.001	0.998	0.001
606	2231	0.998	0.001	0.001	0.001
607	2076	0.935	0.001	0.001	0.063
608	2367	0.001	0.001	0.750	0.248
609	2303	0.001	0.998	0.001	0.001
610	2455	0.998	0.001	0.001	0.001
611	2627	0.001	0.001	0.001	0.998
612	2534	0.998	0.001	0.001	0.001
613	2130	0.998	0.001	0.001	0.001
614	2480	0.001	0.001	0.001	0.998
615	2531	0.001	0.001	0.001	0.998
616	2389	0.001	0.001	0.001	0.998
617	2568	0.001	0.001	0.998	0.001
618	2014	0.001	0.001	0.001	0.998
619	1982	0.333	0.030	0.626	0.011
620	2452	0.001	0.001	0.001	0.998
621	2107	0.998	0.001	0.001	0.001
622	2239	0.001	0.001	0.961	0.037
623	2186	0.066	0.001	0.001	0.933
624	2621	0.998	0.001	0.001	0.001
625	2091	0.998	0.001	0.001	0.001
626	2256	0.002	0.001	0.001	0.997
627	2022	0.001	0.001	0.001	0.998
628	2508	0.001	0.001	0.998	0.001
629	1937	0.998	0.001	0.001	0.001
630	2632	0.998	0.001	0.001	0.001
631	2605	0.001	0.071	0.884	0.044
632	2572	0.001	0.001	0.998	0.001
633	2641	0.001	0.001	0.001	0.998
634	2522	0.001	0.001	0.998	0.001
635	2528	0.998	0.001	0.001	0.001
636	2439	0.998	0.001	0.001	0.001
637	2612	0.082	0.001	0.001	0.916
638	2448	0.998	0.001	0.001	0.001
639	1950	0.001	0.001	0.001	0.998
640	2493	0.001	0.001	0.001	0.998
641	2181	0.998	0.001	0.001	0.001
642	2024	0.001	0.001	0.001	0.998
643	2001	0.001	0.001	0.001	0.998
644	2217	0.998	0.001	0.001	0.001
645	1969	0.001	0.001	0.998	0.001
646	2497	0.998	0.001	0.001	0.001
647	2345	0.002	0.001	0.749	0.248
648	2017	0.457	0.001	0.001	0.541
649	2321	0.805	0.001	0.001	0.194
650	2459	0.001	0.001	0.001	0.998
651	2514	0.001	0.001	0.001	0.998
652	2562	0.998	0.001	0.001	0.001
653	2581	0.014	0.134	0.043	0.809
654	2019	0.002	0.997	0.001	0.001
655	2106	0.998	0.001	0.001	0.001
656	2421	0.998	0.001	0.001	0.001
657	2141	0.001	0.001	0.001	0.998
658	2449	0.001	0.940	0.058	0.001
659	2440	0.998	0.001	0.001	0.001
660	2129	0.998	0.001	0.001	0.001
661	2494	0.001	0.001	0.001	0.998
662	2013	0.001	0.001	0.001	0.998
663	2099	0.272	0.001	0.657	0.070
664	1977	0.001	0.001	0.001	0.998
665	2160	0.998	0.001	0.001	0.001
666	2251	0.998	0.001	0.001	0.001
667	2286	0.998	0.001	0.001	0.001
668	2577	0.998	0.001	0.001	0.001
669	2519	0.001	0.001	0.998	0.001
670	1936	0.998	0.001	0.001	0.001
671	2413	0.001	0.001	0.001	0.998
672	2065	0.001	0.284	0.714	0.001
673	2599	0.001	0.001	0.998	0.001
674	2490	0.868	0.001	0.131	0.001
675	2248	0.998	0.001	0.001	0.001
676	2342	0.998	0.001	0.001	0.001
677	1949	0.998	0.001	0.001	0.001
678	1956	0.026	0.001	0.001	0.972
679	2281	0.001	0.001	0.001	0.998
680	2070	0.998	0.001	0.001	0.001
681	2272	0.001	0.001	0.001	0.998
682	2080	0.998	0.001	0.001	0.001
683	2265	0.001	0.001	0.039	0.960
684	2167	0.001	0.001	0.001	0.998
685	2426	0.904	0.029	0.067	0.001
686	2255	0.998	0.001	0.001	0.001
687	2622	0.998	0.001	0.001	0.001
688	2524	0.001	0.881	0.117	0.001
689	2008	0.998	0.001	0.001	0.001
690	2173	0.998	0.001	0.001	0.001
691	1915	0.998	0.001	0.001	0.001
692	2614	0.998	0.001	0.001	0.001
693	2023	0.998	0.001	0.001	0.001
694	2193	0.998	0.001	0.001	0.001
695	2422	0.998	0.001	0.001	0.001
696	2441	0.998	0.001	0.001	0.001
697	1961	0.176	0.001	0.001	0.822
698	2505	0.946	0.001	0.001	0.052
699	2094	0.001	0.001	0.001	0.998
700	2036	0.001	0.001	0.001	0.998
701	2656	0.998	0.001	0.001	0.001
702	2100	0.998	0.001	0.001	0.001
703	2277	0.998	0.001	0.001	0.001
704	2580	0.998	0.001	0.001	0.001
705	1974	0.487	0.001	0.324	0.189
706	2380	0.998	0.001	0.001	0.001
707	2301	0.180	0.001	0.001	0.818
708	2182	0.001	0.001	0.001	0.998
709	2175	0.325	0.001	0.144	0.530
710	2481	0.001	0.001	0.001	0.998
711	2515	0.998	0.001	0.001	0.001
712	2488	0.998	0.001	0.001	0.001
713	2015	0.998	0.001	0.001	0.001
714	2312	0.001	0.001	0.001	0.998
715	2635	0.009	0.001	0.987	0.003
716	2051	0.998	0.001	0.001	0.001
717	2262	0.071	0.928	0.001	0.001
718	2305	0.001	0.001	0.998	0.001
719	2230	0.306	0.001	0.692	0.001
720	2034	0.998	0.001	0.001	0.001
721	2527	0.263	0.001	0.735	0.001
722	2227	0.998	0.001	0.001	0.001
723	2113	0.998	0.001	0.001	0.001
724	1996	0.001	0.001	0.001	0.998
725	2541	0.998	0.001	0.001	0.001
726	2358	0.476	0.001	0.522	0.001
727	2431	0.998	0.001	0.001	0.001
728	2373	0.998	0.001	0.001	0.001
729	2548	0.998	0.001	0.001	0.001
730	2085	0.249	0.001	0.001	0.749
731	2382	0.998	0.001	0.001	0.001
732	2263	0.998	0.001	0.001	0.001
733	2595	0.001	0.001	0.998	0.001
734	1924	0.996	0.001	0.003	0.001
735	2388	0.998	0.001	0.001	0.001
736	2565	0.001	0.001	0.001	0.998
737	563	0.001	0.998	0.001	0.001
738	1967	0.001	0.998	0.001	0.001
739	2483	0.001	0.001	0.998	0.001
740	2634	0.685	0.001	0.001	0.314
741	2204	0.998	0.001	0.001	0.001
742	2168	0.998	0.001	0.001	0.001
743	2219	0.001	0.001	0.001	0.998
744	2442	0.001	0.998	0.001	0.001
745	2437	0.998	0.001	0.001	0.001
746	428	0.001	0.998	0.001	0.001
