0	2290	0.11111	0.11111	0.11111	0.11112	358.18600	0.11111	12.93428	0.11117	2.21298
1	2363	0.11111	0.11111	0.11111	0.11123	363.87905	0.11113	4.63385	2.40699	2.52442
2	2346	373.11111	0.11111	0.11111	0.11111	0.11111	0.11111	0.11111	0.11111	0.11111
3	2025	373.11111	0.11111	0.11111	0.11111	0.11111	0.11111	0.11111	0.11111	0.11111
4	2140	0.11111	0.11111	0.11111	0.11113	361.42323	0.11111	9.51992	2.39016	0.11111
5	2428	0.11111	0.11111	0.11111	0.11121	340.65357	0.11113	13.99590	13.49078	5.30409
6	2201	0.11111	0.11111	0.11111	0.11112	352.24287	0.11111	16.77480	4.31371	0.11305
7	2506	0.11111	0.11111	0.11111	0.11113	0.11268	0.11111	360.40388	12.81675	0.11112
8	2425	0.11111	11.76168	361.45937	0.11155	0.11111	0.11123	0.11170	0.11112	0.11113
9	2557	0.11111	15.38414	357.83755	0.11147	0.11111	0.11128	0.11111	0.11111	0.11111
10	2532	0.11111	0.11111	0.11111	0.11112	369.49645	0.11111	0.11947	3.71740	0.11111
11	2073	0.11111	0.11111	0.11111	0.11112	345.06180	0.11111	18.03048	8.38485	1.96731
12	2278	0.11111	0.11111	0.11117	11.50129	337.05384	0.11113	22.51352	2.37573	0.11111
13	2551	0.11111	0.11111	0.11111	6.96448	346.00654	0.11113	17.02075	0.11124	3.45253
14	2077	0.11111	0.11111	0.11111	0.11111	369.93413	0.11111	3.28809	0.11111	0.11111
15	2369	0.11111	0.11111	0.11111	0.11118	345.24821	0.11112	22.06919	2.09669	4.03027
16	1465	0.11111	0.11111	0.11111	350.02548	0.11199	23.19574	0.11116	0.11118	0.11111
17	2592	0.11111	0.11111	0.11112	319.13849	0.11132	54.08350	0.11113	0.11111	0.11112
18	2046	0.11111	0.11111	0.11111	0.11120	350.49895	0.11112	19.57775	0.11111	3.25653
19	1941	0.11111	0.11111	0.11112	186.43479	0.12986	17.58722	0.11153	0.11124	169.29200
20	2518	0.11111	0.11111	20.63448	0.11141	0.11276	334.92843	0.11120	17.76835	0.11114
21	2132	0.11111	0.11111	0.11111	0.11111	0.11111	373.11111	0.11111	0.11111	0.11111
22	2650	0.11111	0.11111	0.11111	373.11111	0.11111	0.11111	0.11111	0.11111	0.11111
23	2207	0.11111	0.11111	0.11111	301.42283	0.11264	0.11111	0.11122	71.79771	0.11115
24	2553	0.11111	0.11111	0.11111	0.11139	352.61586	0.11111	16.05191	4.66527	0.11111
25	2078	0.11111	0.11111	0.11111	0.11121	340.62314	0.11112	21.09532	8.63159	3.09430
26	2203	0.11116	0.11111	39.37031	333.85177	0.11111	0.11120	0.11111	0.11111	0.11111
27	2143	60.17126	0.11111	15.36539	297.79591	0.11112	0.11188	0.11111	0.11111	0.11111
28	2224	0.11111	0.11111	6.92181	336.08690	0.11111	30.32461	0.11111	0.11111	0.11112
29	2510	0.11111	0.11111	0.11112	327.71789	0.11111	45.50431	0.11112	0.11111	0.11111
30	2240	0.11111	0.11111	0.11111	0.11127	347.89841	0.11113	13.75472	9.31330	2.47783
31	2563	0.11111	0.11111	0.11111	0.11115	359.13873	0.11112	3.36421	0.11113	10.83034
32	2122	0.11111	0.11111	0.11111	0.11111	364.97177	0.11111	8.25044	0.11112	0.11111
33	2118	0.11111	0.11111	0.11111	0.11112	352.37097	0.11111	12.43839	4.99721	3.63787
34	1944	0.11111	0.11111	373.11111	0.11111	0.11111	0.11111	0.11111	0.11111	0.11111
35	2117	0.11111	14.26139	51.61835	271.64250	0.11111	35.92220	0.11111	0.11111	0.11111
36	2611	0.11111	0.11111	0.11112	0.11122	318.81500	0.11121	18.19147	34.04238	2.39539
37	2184	0.11111	0.11111	0.11111	0.11121	347.82107	0.11112	10.60930	11.87797	3.13599
38	2354	0.11111	0.11111	0.11111	0.11115	353.38540	0.11112	13.13545	0.11119	6.81236
39	2169	0.11111	0.11111	4.09823	328.50829	0.11111	40.72680	0.11111	0.11111	0.11111
40	2283	0.11111	12.15471	8.01821	295.85289	0.11111	57.41862	0.11112	0.11111	0.11111
41	2620	373.11111	0.11111	0.11111	0.11111	0.11111	0.11111	0.11111	0.11111	0.11111
42	1998	373.11111	0.11111	0.11111	0.11111	0.11111	0.11111	0.11111	0.11111	0.11111
43	2654	0.11111	0.11111	0.11111	0.11117	368.01718	0.11112	2.50165	0.11117	2.81438
44	2646	0.11112	0.11111	0.11116	0.11190	338.76580	0.11128	0.11195	12.06385	22.50184
45	2228	0.11111	373.11111	0.11111	0.11111	0.11111	0.11111	0.11111	0.11111	0.11111
46	2082	0.11111	373.11111	0.11111	0.11111	0.11111	0.11111	0.11111	0.11111	0.11111
47	1979	0.11111	0.11111	0.11111	0.11114	346.31534	0.11112	15.68489	5.35488	6.08929
48	2484	0.11111	0.11111	0.11111	0.11112	363.84184	0.11111	6.32387	0.11111	3.16761
49	2257	0.11111	0.11111	0.11111	0.11115	350.39495	0.11112	12.78802	4.80497	5.45646
50	2005	0.11111	0.11111	0.11111	0.11121	357.82834	0.11112	12.88835	0.11111	2.61654
51	2560	0.11111	0.11112	0.11111	16.06950	334.98566	4.51559	13.28616	0.11119	4.69855
52	1962	0.11111	0.11111	0.11111	0.11113	352.15022	0.11111	16.96268	4.22040	0.11111
53	2206	0.11111	0.11111	0.11111	0.11115	343.39712	0.11112	16.76635	9.17578	4.10516
54	2520	0.11111	0.11111	0.11112	0.11127	354.18297	0.11114	11.88431	7.26586	0.11111
55	2104	0.11111	0.11111	0.11111	0.11115	355.87359	0.11112	10.85013	2.92378	3.79690
56	2602	0.11111	0.11111	0.11112	0.11120	341.51559	0.11135	15.77148	13.93453	2.22251
57	2521	0.11111	0.11111	0.11113	0.11156	350.95787	0.11112	16.69357	0.11112	5.68142
58	2233	0.11135	0.11111	4.16749	21.61271	322.68520	0.11113	16.61713	3.93609	4.64780
59	2200	0.11111	0.11111	0.11111	0.11111	355.19603	0.11111	9.11848	8.61963	0.51029
60	2294	0.11111	0.11111	6.96865	257.17223	0.11111	109.19245	0.11111	0.11111	0.11111
61	1981	0.11111	0.11111	0.11111	0.11111	0.11111	373.11111	0.11111	0.11111	0.11111
62	2187	0.11111	0.11111	0.11112	349.49419	0.11111	23.72801	0.11111	0.11111	0.11111
63	1916	0.11114	0.11111	71.19388	0.11232	0.11111	302.02709	0.11111	0.11111	0.11111
64	1945	0.11111	0.11111	2.97639	314.94307	0.11111	55.41387	0.11111	0.11111	0.11111
65	1959	0.11111	0.11112	3.35863	275.09434	0.11144	94.88002	0.11112	0.11112	0.11112
66	1971	0.11111	0.11111	0.11111	0.11116	346.26378	0.11112	18.02528	2.80497	6.35036
67	2436	0.11111	0.11111	0.11112	349.77459	0.11111	23.44761	0.11111	0.11111	0.11111
68	2042	0.11111	0.11111	0.11112	364.12465	0.11111	9.09756	0.11111	0.11111	0.11111
69	2084	0.11111	0.11111	0.11112	0.11115	320.23668	0.11120	16.05126	37.04525	0.11112
70	2624	0.11111	4.10042	0.11111	0.11112	352.59438	0.11111	10.48288	0.11121	6.26666
71	2364	373.11111	0.11111	0.11111	0.11111	0.11111	0.11111	0.11111	0.11111	0.11111
72	1991	373.11111	0.11111	0.11111	0.11111	0.11111	0.11111	0.11111	0.11111	0.11111
73	2110	0.11111	0.11111	0.11111	0.11111	0.11111	373.11111	0.11111	0.11111	0.11111
74	2029	0.11111	12.47535	179.85055	0.11123	0.11111	181.00729	0.11111	0.11111	0.11113
75	2607	0.11111	0.11111	0.11111	0.11121	353.16132	0.11113	10.01250	5.84403	4.42648
76	2649	0.11111	0.11111	7.38162	330.38254	0.11111	35.56916	0.11111	0.11111	0.11112
77	2087	0.11111	0.11112	2.82465	342.76041	0.11112	27.74826	0.11111	0.11111	0.11111
78	2188	0.11111	0.11111	0.11111	0.11116	351.15903	0.11112	9.93860	9.21594	3.13081
79	2477	0.11111	0.11111	0.11111	0.11111	373.11111	0.11111	0.11111	0.11111	0.11111
80	2386	0.11111	0.11111	0.11111	0.11114	364.71171	0.11111	5.74433	2.87727	0.11112
81	2543	0.11111	0.11111	4.04298	157.11804	0.11505	13.73100	182.04221	0.11119	16.61729
82	2604	0.11111	0.11111	0.11111	0.11132	345.49333	0.11113	13.75074	3.34622	10.85391
83	2561	0.11111	0.11111	0.11111	0.11123	337.74412	0.11112	20.09423	11.65491	3.95106
84	2433	0.11111	0.11126	0.11111	0.11112	351.83885	0.11111	16.09750	0.11114	5.39680
85	2496	0.11111	0.11111	0.11111	373.11111	0.11111	0.11111	0.11111	0.11111	0.11111
86	2153	0.11111	0.11112	3.20161	345.14019	0.11112	24.99150	0.11112	0.11111	0.11111
87	2536	0.11111	0.11111	0.11111	13.09379	0.11270	0.11113	342.95293	17.28500	0.11112
88	2482	0.11111	0.11111	0.11111	0.11116	346.30685	0.11112	14.45293	8.04613	4.63848
89	2512	0.11112	0.11111	15.18200	273.88254	0.11200	41.28966	0.11116	43.08928	0.11113
90	2010	0.11111	0.11111	38.51307	334.70842	0.11111	0.11183	0.11111	0.11111	0.11111
91	2103	0.11111	0.11111	0.11111	0.11116	350.04495	0.11112	10.23093	8.24324	4.92526
92	2253	0.11111	0.11111	0.11111	0.11120	355.74232	0.11112	12.45163	2.63634	2.61404
93	2500	0.11111	0.11111	0.11111	0.11111	359.97190	0.11111	13.25031	0.11112	0.11111
94	2063	0.11111	0.11111	0.11111	0.11144	353.91843	3.65294	2.92219	5.38877	7.67288
95	2509	0.11111	0.11112	3.24400	250.46900	0.11120	119.62024	0.11112	0.11111	0.11111
96	2399	0.11111	0.11111	13.37787	269.08016	0.11111	90.87530	0.11111	0.11111	0.11111
97	2150	0.11111	0.11111	0.11113	0.11118	344.43487	0.11113	18.54562	4.06187	6.40198
98	2030	0.11111	0.11111	0.11111	0.11116	350.17600	0.11112	16.82210	2.18801	4.25828
99	2374	0.11111	0.11111	0.11111	0.11112	358.94709	0.11111	14.27511	0.11112	0.11111
100	1986	0.11111	0.11111	0.11111	0.11111	347.36742	0.11111	15.22599	10.73992	0.11111
101	2630	0.11111	0.11111	0.11111	0.11120	350.46452	0.11112	18.27080	2.36904	2.33998
102	2376	0.11111	0.11145	0.11111	0.11111	344.61596	0.11111	17.60788	8.94636	2.27390
103	2326	0.11111	0.11111	0.11111	0.11111	362.20757	0.11111	8.72952	2.39624	0.11111
104	2172	0.11111	0.11111	0.11111	0.11112	342.94898	0.11111	18.02707	9.17175	3.29663
105	2133	0.11111	27.17469	69.52001	253.06419	0.11112	23.68553	0.11111	0.11111	0.11111
106	2296	0.11111	92.38922	280.83261	0.11127	0.11111	0.11133	0.11113	0.11111	0.11111
107	2626	373.11111	0.11111	0.11111	0.11111	0.11111	0.11111	0.11111	0.11111	0.11111
108	2097	373.11111	0.11111	0.11111	0.11111	0.11111	0.11111	0.11111	0.11111	0.11111
109	2093	0.11111	0.11111	0.11111	0.11116	353.50180	0.11112	8.51286	6.48162	4.94810
110	2391	0.11111	0.11111	0.11111	0.11111	0.11111	0.11111	0.11111	373.11111	0.11111
111	2275	0.11111	0.11111	0.11111	0.11115	356.41501	0.11112	8.35184	3.12067	5.55688
112	1984	0.11111	0.11111	0.11111	0.11113	344.34098	0.11111	20.10770	6.70674	2.28900
113	2347	0.11111	0.11111	0.11112	141.12325	213.01704	8.00002	8.82276	0.11120	2.59239
114	2550	0.11111	0.11111	0.11111	0.11155	339.33325	0.11112	21.82629	6.63394	5.65050
115	2047	0.11111	77.55763	56.07151	236.95294	0.11112	2.86235	0.11112	0.11111	0.11111
116	1932	0.11111	0.11111	0.11112	364.01479	0.11111	9.20742	0.11111	0.11111	0.11111
117	2655	0.11111	0.11111	0.11111	0.11111	368.50175	0.11111	2.21471	2.61687	0.11111
118	1994	0.11111	0.11111	0.11111	373.11111	0.11111	0.11111	0.11111	0.11111	0.11111
119	2292	0.11111	0.11112	10.54229	325.11041	0.11129	37.68039	0.11114	0.11113	0.11111
120	2109	0.11111	0.11111	0.11111	0.11112	352.18140	0.11111	21.04081	0.11111	0.11111
121	2040	0.11111	0.11111	0.11111	0.11249	0.11369	0.11142	339.13169	9.66923	24.52814
122	2086	0.11111	0.11111	0.11112	0.11142	353.41086	0.11115	0.11184	0.11123	19.81015
123	2460	0.11111	0.11111	0.11111	0.11118	345.40219	0.11112	18.50127	6.72846	2.81245
124	2597	0.11111	3.81876	0.11112	352.59792	0.11117	16.91657	0.11112	0.11111	0.11111
125	2282	0.11111	2.62839	2.81323	270.01501	0.11111	97.98778	0.11111	0.11111	0.11114
126	2511	0.11111	0.11111	2.90846	266.92916	0.11111	103.49570	0.11112	0.11111	0.11111
127	2598	0.11111	0.11111	2.67397	301.80809	0.11111	68.85127	0.11111	0.11111	0.11111
128	2638	0.11111	0.11111	0.11111	0.11112	363.62549	0.11111	9.59670	0.11112	0.11112
129	2390	0.11111	0.11111	0.11111	0.11111	0.11111	373.11111	0.11111	0.11111	0.11111
130	2096	0.11111	0.11111	0.11111	0.11111	0.11111	373.11111	0.11111	0.11111	0.11111
131	2218	0.11111	0.11111	0.11111	0.11117	340.67161	0.11112	15.01782	17.51455	0.24039
132	1917	0.11111	0.11111	0.11111	0.11112	350.58838	0.11111	14.28267	8.09385	0.47953
133	2353	0.11111	0.11111	0.11111	0.11113	354.51653	0.11111	13.77838	5.03840	0.11111
134	2625	0.11111	0.11111	0.11111	0.11121	358.42754	0.11112	10.66885	2.16816	2.17979
135	2194	0.11111	0.11112	4.08809	345.07974	0.11123	24.16537	0.11112	0.11111	0.11111
136	2289	0.11111	24.43924	74.47031	265.45929	0.11111	9.07560	0.11111	0.11111	0.11111
137	2323	0.11111	0.11111	0.11111	0.11116	349.44204	0.11112	17.37394	2.94738	3.68102
138	2410	0.11111	0.11111	0.11111	0.11121	337.43828	0.11113	14.71490	17.20819	4.08296
139	2631	0.11111	0.11111	0.11111	0.11112	335.42658	0.11111	24.06959	13.83716	0.11111
140	2111	0.11111	0.11111	4.51285	285.21085	0.11111	83.60962	0.11111	0.11111	0.11111
141	2062	0.11111	0.11111	0.11112	145.68351	0.11438	210.92370	0.11125	16.72268	0.11113
142	2059	0.11111	0.11111	0.11111	0.11116	354.77204	0.11112	14.40254	0.11120	4.15862
143	1938	0.11111	0.11111	0.11111	0.11116	348.34871	0.11112	14.59821	6.78589	3.71157
144	2060	0.11111	0.11111	0.11113	0.11112	0.11292	8.00818	360.14804	5.17526	0.11112
145	1939	0.11111	0.11111	0.11111	0.11111	0.11111	373.11111	0.11111	0.11111	0.11111
146	2264	0.11111	0.11111	0.11112	278.55358	0.11111	94.66863	0.11111	0.11111	0.11111
147	2574	0.11111	0.11111	0.11111	0.11111	349.74850	0.11111	19.72158	0.11112	3.86324
148	2579	0.11111	0.11111	0.11111	0.11112	362.38273	0.11111	10.83948	0.11111	0.11111
149	2419	0.11112	0.11112	113.62382	0.11188	0.11114	259.59756	0.11111	0.11113	0.11111
150	2491	0.11111	0.11111	3.57265	321.85136	0.11111	47.90928	0.11114	0.11111	0.11111
151	2468	0.11111	0.11113	2.29944	65.09795	0.11465	9.76383	282.42245	1.14795	12.93150
152	2615	0.11111	0.11111	0.11111	0.11121	353.99203	0.11112	12.95226	4.27646	2.22358
153	2507	0.11111	0.11111	0.11111	0.11115	346.11296	0.11112	11.68746	11.79373	3.85024
154	2564	0.11111	0.11111	0.11111	0.11115	350.43773	0.11112	10.09559	6.32746	6.58362
155	2420	0.11111	0.11111	0.11111	373.11111	0.11111	0.11111	0.11111	0.11111	0.11111
156	1929	0.11111	0.11111	0.11111	0.11112	362.66152	0.11111	10.56069	0.11111	0.11111
157	2154	0.11111	0.11111	0.11111	0.11119	353.86571	0.11111	7.38666	9.77615	2.41585
158	1925	0.11111	0.11111	0.11111	0.11136	344.60475	3.42970	18.99735	5.40140	1.12210
159	1940	0.11111	0.11111	17.29888	355.92279	0.11113	0.11164	0.11111	0.11111	0.11111
160	2329	0.11111	0.11111	0.11111	3.49987	350.84649	0.11112	18.98695	0.11111	0.11111
161	2469	0.11111	0.11111	0.11111	0.11112	358.29498	0.11111	11.96984	0.11130	3.06832
162	2229	0.11111	0.11111	0.11111	0.11124	328.35997	4.97234	18.49419	16.36758	5.36134
163	2552	0.11111	0.11111	0.11111	0.11112	359.28897	0.11111	3.64659	10.38974	0.11913
164	1993	0.11111	0.11111	0.11111	0.11125	344.35006	0.11111	19.29838	2.33462	7.46124
165	2032	0.11111	0.11111	8.74846	313.36854	0.11111	51.21633	0.11111	0.11111	0.11111
166	2485	0.11111	0.11111	0.11111	0.11113	358.41289	0.11111	11.81593	0.11112	3.10449
167	2395	0.11111	0.11111	0.11117	0.11126	340.36326	0.11118	24.14265	5.54566	3.39260
168	2339	0.11111	0.11111	0.11111	0.11111	347.60773	0.11111	10.43059	15.29499	0.11113
169	1989	0.11111	0.11111	0.11111	0.11112	345.17348	0.11203	23.41207	4.74685	0.11111
170	2243	0.11111	0.11111	0.11111	0.11111	0.11111	373.11111	0.11111	0.11111	0.11111
171	2434	0.11111	0.11111	9.16667	0.11172	0.11111	364.05494	0.11111	0.11111	0.11111
172	2126	0.11111	373.11111	0.11111	0.11111	0.11111	0.11111	0.11111	0.11111	0.11111
173	2408	0.11111	0.11111	0.11111	0.11121	360.36934	0.11112	10.25066	0.11111	2.71323
174	2121	0.11111	0.11111	0.11111	0.11145	351.02444	0.11160	12.28862	6.30816	3.82240
175	2453	0.11111	293.51997	0.11116	0.11129	0.11111	79.70203	0.11111	0.11111	0.11111
176	2214	0.11111	373.11111	0.11111	0.11111	0.11111	0.11111	0.11111	0.11111	0.11111
177	2633	373.11111	0.11111	0.11111	0.11111	0.11111	0.11111	0.11111	0.11111	0.11111
178	2526	0.11111	0.11111	0.11111	0.11157	317.79475	0.11114	14.00594	36.34022	5.30305
179	2430	0.11111	0.11111	0.11111	0.11118	352.11744	0.11112	4.57591	12.46413	4.28689
180	1964	0.11111	166.91881	110.86738	95.54706	0.11111	0.11118	0.11111	0.11113	0.11112
181	2064	0.11111	0.11111	0.11111	0.11116	350.17253	0.11112	10.22139	8.89802	4.15244
182	2407	0.11111	0.11111	0.11111	0.11114	359.82394	0.11111	8.76316	0.11111	4.74620
183	2317	0.11111	373.11111	0.11111	0.11111	0.11111	0.11111	0.11111	0.11111	0.11111
184	2412	0.11111	373.11111	0.11111	0.11111	0.11111	0.11111	0.11111	0.11111	0.11111
185	2406	0.11121	172.11133	201.11007	0.11167	0.11111	0.11123	0.11111	0.11115	0.11111
186	2112	0.11111	0.11111	0.11111	0.11112	346.34916	0.11111	16.90133	9.66332	0.53063
187	2404	0.11111	0.11111	0.11111	0.11112	343.03350	0.11111	13.51924	16.78058	0.11111
188	2135	0.11111	0.11111	0.11111	373.11111	0.11111	0.11111	0.11111	0.11111	0.11111
189	2498	0.11111	0.11112	75.98214	297.23975	0.11111	0.11143	0.11112	0.11111	0.11111
190	2302	3.27361	3.60069	6.28692	353.90245	0.11330	0.11191	0.11226	0.11111	6.48776
191	2629	3.12969	0.11111	3.44376	349.68983	0.11114	17.18113	0.11111	0.11111	0.11111
192	2351	0.11132	0.11111	8.17009	354.22787	0.11113	10.93515	0.11111	0.11111	0.11111
193	2212	0.11111	0.11111	0.11111	0.11113	358.69851	0.11112	11.60078	0.11118	3.03395
194	2123	0.11111	0.11111	0.11111	0.11115	346.33327	0.11112	13.19318	9.65661	4.26135
195	2053	0.11111	0.11111	0.11112	290.17437	0.11112	83.04783	0.11111	0.11111	0.11111
196	2254	0.11111	0.11112	12.42580	329.84694	0.11111	31.06059	0.11111	0.11111	0.11111
197	2271	0.11111	0.11111	0.11111	0.11121	351.43075	0.11112	13.08575	6.65947	2.26836
198	2199	0.11111	6.90110	4.54578	272.15394	0.11111	89.84360	0.11112	0.11111	0.11112
199	2054	0.11111	0.11111	5.05917	271.95813	0.11111	96.31602	0.11111	0.11111	0.11111
200	2018	373.11111	0.11111	0.11111	0.11111	0.11111	0.11111	0.11111	0.11111	0.11111
201	2636	373.11111	0.11111	0.11111	0.11111	0.11111	0.11111	0.11111	0.11111	0.11111
202	2371	0.11111	373.11111	0.11111	0.11111	0.11111	0.11111	0.11111	0.11111	0.11111
203	2166	0.11111	373.11111	0.11111	0.11111	0.11111	0.11111	0.11111	0.11111	0.11111
204	2033	0.11111	0.11111	0.11111	0.11121	357.10983	0.11112	11.62499	2.36056	2.34896
205	2608	0.11111	0.11112	0.11114	280.05187	0.11111	93.17032	0.11111	0.11111	0.11111
206	2567	0.11111	0.11111	0.11113	358.63423	0.11116	11.28720	0.11266	0.11114	3.41027
207	2338	0.11111	0.11111	0.11112	352.25427	0.11111	20.96794	0.11112	0.11111	0.11111
208	1954	94.71861	0.11111	0.11113	254.03823	0.11111	24.57648	0.11111	0.11111	0.11111
209	2555	0.11111	0.11112	3.20620	337.35088	0.11111	32.77624	0.11112	0.11111	0.11111
210	2138	0.11111	0.11112	6.36767	348.24067	0.11111	18.72497	0.11111	0.11113	0.11111
211	2357	0.11111	373.11111	0.11111	0.11111	0.11111	0.11111	0.11111	0.11111	0.11111
212	2152	0.11111	373.11111	0.11111	0.11111	0.11111	0.11111	0.11111	0.11111	0.11111
213	2372	0.11111	0.11111	0.11112	360.59845	0.11111	12.62376	0.11111	0.11111	0.11111
214	2189	0.11111	0.11111	0.11113	273.80932	0.11207	8.72304	0.11117	90.79993	0.11113
215	2590	0.11111	0.11111	0.11111	0.11116	351.30817	0.11112	9.81903	8.39600	3.92120
216	2359	0.11111	0.11111	0.11111	0.11111	365.04319	0.11111	8.17903	0.11111	0.11111
217	2020	0.11111	0.11111	0.11111	0.11112	348.19485	0.11111	20.04322	4.24048	0.96588
218	2467	0.11111	0.11111	0.11111	0.11113	354.87232	0.11112	12.09645	0.11117	6.36449
219	2266	0.11111	0.11111	0.11112	0.11160	306.02692	12.62539	15.63575	38.12687	1.14012
220	2558	0.11111	212.81856	0.11111	0.11120	0.11111	0.11112	0.11111	0.11111	160.40356
221	2375	0.11111	0.11111	0.11111	0.11111	0.11111	0.11111	0.11111	0.11111	373.11111
222	1947	0.11111	0.11111	18.38892	0.11212	0.11113	354.83225	0.11111	0.11111	0.11112
223	2432	0.11111	0.11111	0.11111	0.11111	0.11111	373.11111	0.11111	0.11111	0.11111
224	2660	373.11111	0.11111	0.11111	0.11111	0.11111	0.11111	0.11111	0.11111	0.11111
225	2640	373.11111	0.11111	0.11111	0.11111	0.11111	0.11111	0.11111	0.11111	0.11111
226	2601	0.11111	0.11111	0.11111	0.11131	344.57781	0.11114	16.31982	0.11119	12.43538
227	2069	0.11111	0.11111	0.11111	0.11121	331.41452	0.11132	20.61665	21.30184	0.11112
228	2327	0.11111	0.11112	3.52166	250.33449	0.11111	119.47717	0.11112	0.11111	0.11111
229	1928	373.11111	0.11111	0.11111	0.11111	0.11111	0.11111	0.11111	0.11111	0.11111
230	2360	0.11111	373.11111	0.11111	0.11111	0.11111	0.11111	0.11111	0.11111	0.11111
231	2156	0.11111	373.11111	0.11111	0.11111	0.11111	0.11111	0.11111	0.11111	0.11111
232	2101	0.11111	0.11111	0.11111	0.11111	0.11111	373.11111	0.11111	0.11111	0.11111
233	2095	0.11113	0.11111	2.56958	0.11210	355.33208	0.11119	12.88860	0.11111	2.65309
234	2125	0.11111	0.11111	10.73022	306.90732	0.11111	55.69578	0.11111	0.11111	0.11112
235	2124	0.11111	0.11111	0.11111	0.11113	361.39792	0.11111	7.20344	4.71914	0.12391
236	2538	373.11111	0.11111	0.11111	0.11111	0.11111	0.11111	0.11111	0.11111	0.11111
237	2447	373.11111	0.11111	0.11111	0.11111	0.11111	0.11111	0.11111	0.11111	0.11111
238	2297	373.11111	0.11111	0.11111	0.11111	0.11111	0.11111	0.11111	0.11111	0.11111
239	2659	274.62899	98.59322	0.11112	0.11112	0.11111	0.11111	0.11111	0.11111	0.11111
240	2142	0.11111	0.11111	0.11112	0.11141	312.38658	16.15399	16.94822	26.75275	1.31370
241	2414	0.11111	0.11111	0.11111	0.11134	353.92402	0.11115	12.87844	6.36854	0.27318
242	2324	0.11112	0.11112	0.11115	0.11275	341.65159	5.99576	17.98456	0.11111	7.81084
243	2334	0.11111	0.11111	0.11112	0.11214	326.38246	0.11128	0.11192	34.52164	12.42721
244	2397	0.11111	373.11111	0.11111	0.11111	0.11111	0.11111	0.11111	0.11111	0.11111
245	1978	0.11111	373.11111	0.11111	0.11111	0.11111	0.11111	0.11111	0.11111	0.11111
246	2429	0.11111	0.11111	0.11112	0.11144	0.11809	9.08010	0.11133	186.05688	178.18881
247	2300	0.11111	0.11111	0.11111	0.11114	0.11443	0.11112	281.29378	77.85013	14.18608
248	2606	0.11111	0.11111	0.11111	0.11112	355.90776	0.11111	17.31444	0.11111	0.11111
249	2276	0.11111	0.11111	0.11111	0.11116	352.58765	0.11112	15.55762	0.11112	5.18801
250	2554	0.11111	0.11111	0.11112	0.11144	368.71277	0.11116	4.50907	0.11111	0.11111
251	2258	0.11111	0.11111	0.11111	0.11125	341.56000	0.11113	0.11250	13.86232	17.90946
252	2331	0.11111	0.11111	0.11111	0.11112	346.22620	0.11133	18.64639	8.44367	0.12796
253	1942	0.11111	0.11111	0.11111	0.11111	0.11111	0.11111	0.11111	373.11111	0.11111
254	2584	0.11111	0.11111	0.11111	0.11111	0.11111	0.11111	0.11111	373.11111	0.11111
255	2517	0.11111	373.11111	0.11111	0.11111	0.11111	0.11111	0.11111	0.11111	0.11111
256	2192	373.11111	0.11111	0.11111	0.11111	0.11111	0.11111	0.11111	0.11111	0.11111
257	2090	0.11111	0.11111	0.11111	0.11118	350.38501	0.11112	14.39651	6.09239	2.57045
258	2340	0.11111	0.11111	0.11111	0.11115	351.55157	0.11112	13.87821	3.71831	4.29631
259	2127	3.77610	0.11111	21.47957	321.23739	0.11111	26.95137	0.11111	0.11111	0.11111
260	1943	0.11111	0.11111	0.11111	0.11112	342.33861	0.11111	14.29533	16.69434	0.11615
261	2586	0.11111	0.11111	0.11111	0.11114	354.39238	0.11112	10.34893	0.11118	8.59192
262	2116	309.08772	0.11111	64.13269	0.11185	0.11206	0.11115	0.11117	0.11112	0.11113
263	2365	373.11111	0.11111	0.11111	0.11111	0.11111	0.11111	0.11111	0.11111	0.11111
264	2523	0.11111	373.11111	0.11111	0.11111	0.11111	0.11111	0.11111	0.11111	0.11111
265	2158	0.11111	373.11111	0.11111	0.11111	0.11111	0.11111	0.11111	0.11111	0.11111
266	1985	0.11111	0.11111	0.11111	45.97760	301.54528	0.11113	12.10544	11.51758	2.40964
267	2279	0.11111	0.11111	0.11111	342.07523	0.11112	31.14697	0.11112	0.11111	0.11111
268	1948	0.11111	0.11111	0.11112	348.67169	0.11111	24.55051	0.11111	0.11112	0.11111
269	1957	373.11111	0.11111	0.11111	0.11111	0.11111	0.11111	0.11111	0.11111	0.11111
270	2648	373.11111	0.11111	0.11111	0.11111	0.11111	0.11111	0.11111	0.11111	0.11111
271	1946	0.11111	0.11111	0.11111	0.11117	350.42394	0.11112	16.64518	2.72617	3.64909
272	2337	373.11111	0.11111	0.11111	0.11111	0.11111	0.11111	0.11111	0.11111	0.11111
273	2225	373.11111	0.11111	0.11111	0.11111	0.11111	0.11111	0.11111	0.11111	0.11111
274	2016	373.11111	0.11111	0.11111	0.11111	0.11111	0.11111	0.11111	0.11111	0.11111
275	2244	0.11111	0.11111	0.11111	0.11114	345.71646	0.11112	15.74506	5.22373	6.75916
276	2348	0.11111	0.11111	0.11111	0.11212	347.15827	0.11111	15.69242	0.11115	10.48158
277	2600	0.11111	0.11111	0.11111	0.11130	347.27630	0.11114	15.31901	8.38832	2.46059
278	2593	0.11111	0.11111	0.11111	0.11121	362.51305	0.11112	8.59392	0.11112	2.22624
279	2056	0.11111	0.11111	0.11111	0.11113	298.45838	0.11111	18.46543	56.40951	0.11112
280	2396	5.60841	0.11111	0.11112	0.11134	0.11111	367.61357	0.11111	0.11111	0.11111
281	1952	0.11111	0.11112	50.61878	0.11119	0.11187	299.15260	0.11117	23.56106	0.11111
282	2458	0.11111	0.11111	0.11111	286.36924	0.11111	86.85298	0.11111	0.11111	0.11111
283	2489	0.11111	0.11111	0.11112	0.11143	348.38334	0.11115	0.11192	5.77655	19.17226
284	1983	0.11111	0.11111	0.11111	0.11116	330.61828	0.11112	10.58625	32.12528	0.11457
285	2328	0.11112	0.11111	12.74994	241.47595	0.11121	119.10725	0.11112	0.11115	0.11115
286	2394	0.11111	0.11111	0.11111	0.11111	0.11111	373.11111	0.11111	0.11111	0.11111
287	1718	0.11111	0.11111	8.89021	325.14411	0.11111	39.29900	0.11111	0.11111	0.11111
288	2333	0.11111	0.11111	0.11112	267.93469	0.11136	105.28726	0.11113	0.11111	0.11111
289	2446	0.11111	0.11111	0.11111	0.11112	358.31613	0.11111	14.90607	0.11112	0.11111
290	1997	0.11111	0.11111	0.11111	0.11113	361.44067	0.11111	11.78153	0.11112	0.11111
291	1955	0.11111	0.11111	0.11112	338.07905	0.11111	35.14315	0.11112	0.11111	0.11111
292	1920	0.11111	0.11111	0.11111	354.61213	0.11111	18.61008	0.11112	0.11111	0.11111
293	2074	0.11111	0.11111	0.11111	0.11111	363.34768	0.11111	9.87453	0.11112	0.11111
294	1926	0.11111	29.67403	32.20971	255.76202	0.11111	55.79867	0.11111	0.11111	0.11111
295	2570	0.11111	373.11111	0.11111	0.11111	0.11111	0.11111	0.11111	0.11111	0.11111
296	2647	373.11111	0.11111	0.11111	0.11111	0.11111	0.11111	0.11111	0.11111	0.11111
297	2435	373.11111	0.11111	0.11111	0.11111	0.11111	0.11111	0.11111	0.11111	0.11111
298	2213	0.11111	0.11111	0.11111	0.11111	353.56277	0.11111	15.83673	3.93382	0.11111
299	2464	0.11111	0.11111	0.11111	0.11116	349.61601	0.11112	19.73604	0.11112	3.98123
300	2335	0.11111	373.11111	0.11111	0.11111	0.11111	0.11111	0.11111	0.11111	0.11111
301	1960	0.11111	373.11111	0.11111	0.11111	0.11111	0.11111	0.11111	0.11111	0.11111
302	2392	0.11111	0.11111	0.11111	0.11143	343.17228	8.57834	17.18707	0.11129	4.50625
303	2549	0.11111	0.11111	0.11111	0.11111	360.80630	0.11111	12.41591	0.11112	0.11111
304	2131	0.11111	0.11111	0.11111	0.11161	343.65861	2.13781	15.63465	8.99107	3.13292
305	2309	0.11111	0.11111	0.11135	0.11118	337.64199	0.11112	15.42424	15.25084	5.12706
306	2092	0.11111	0.11111	0.11111	0.11111	0.11111	0.11111	0.11111	373.11111	0.11111
307	2165	0.11111	0.11111	0.11111	0.11120	341.92847	0.11112	21.97537	6.36815	3.17236
308	2149	0.11111	0.11111	15.55514	322.82403	0.11111	34.95415	0.11111	0.11111	0.11111
309	2007	0.11111	0.11112	5.06547	270.49209	0.11370	37.13780	0.11119	47.08688	13.77064
310	2445	0.11111	0.11111	0.11113	355.08480	0.11195	12.71512	0.11116	5.53250	0.11113
311	2306	0.11111	0.11111	0.11111	0.11124	366.20324	0.11112	3.37998	0.11111	3.74997
312	2043	0.11111	0.11111	0.11111	0.11116	353.14920	0.11112	8.98865	6.40632	4.90022
313	2535	0.11111	77.63438	295.58784	0.11111	0.11111	0.11111	0.11111	0.11111	0.11111
314	2492	0.11111	0.11111	0.11111	0.11115	353.42555	0.11112	11.08773	3.26132	5.66981
315	2361	0.11111	373.11111	0.11111	0.11111	0.11111	0.11111	0.11111	0.11111	0.11111
316	2280	0.11111	0.11111	0.11111	0.11111	0.11111	373.11111	0.11111	0.11111	0.11111
317	2619	0.11111	0.11111	0.11111	0.11118	348.97174	0.11112	17.06625	4.13542	3.27096
318	2385	0.11111	0.11111	0.11111	366.11986	0.11456	0.11112	0.11127	0.11111	7.09874
319	2530	0.11111	0.11111	13.97937	330.43578	0.11737	0.11115	0.11136	0.11111	28.91164
320	1913	0.11111	0.11111	373.11111	0.11111	0.11111	0.11111	0.11111	0.11111	0.11111
321	2542	0.11111	0.11111	0.11111	0.11170	333.68528	10.97736	13.73758	14.27461	0.88014
322	2246	0.11114	0.11111	6.37351	283.52933	0.11111	83.43045	0.11111	0.11111	0.11111
323	2002	0.11111	0.11111	16.16716	280.64529	0.11121	76.52076	0.11112	0.11112	0.11112
324	1972	373.11111	0.11111	0.11111	0.11111	0.11111	0.11111	0.11111	0.11111	0.11111
325	2242	0.11111	10.90384	292.01265	0.11136	0.11177	41.54084	28.98617	0.11113	0.11114
326	2416	0.11111	0.11111	373.11111	0.11111	0.11111	0.11111	0.11111	0.11111	0.11111
327	2071	0.11111	0.11111	0.11112	352.72844	0.11189	14.54616	0.11111	0.11117	6.05787
328	2102	4.55094	0.11112	25.56158	323.50688	0.11111	19.82502	0.11111	0.11111	0.11111
329	2616	6.00306	0.11111	40.41054	303.95089	0.11309	23.07789	0.11118	0.11111	0.11112
330	2176	0.11113	7.72421	129.85432	0.11197	0.11111	235.75391	0.11113	0.11111	0.11111
331	2267	0.11111	0.11112	5.22926	315.10643	0.11111	52.99764	0.11111	0.11111	0.11111
332	2068	0.11111	0.11112	0.11112	314.65414	0.11111	58.56806	0.11111	0.11111	0.11111
333	1577	0.11112	0.11111	17.14358	325.38152	0.11111	30.80821	0.11112	0.11111	0.11111
334	2370	0.11111	0.11111	0.11111	0.11115	355.96306	0.11112	9.74614	0.11115	7.62405
335	2237	0.11111	0.11111	0.11111	0.11113	354.23912	0.11112	9.35255	5.44411	4.40864
336	2583	373.11111	0.11111	0.11111	0.11111	0.11111	0.11111	0.11111	0.11111	0.11111
337	2378	373.11111	0.11111	0.11111	0.11111	0.11111	0.11111	0.11111	0.11111	0.11111
338	2503	0.11111	373.11111	0.11111	0.11111	0.11111	0.11111	0.11111	0.11111	0.11111
339	2114	0.11111	373.11111	0.11111	0.11111	0.11111	0.11111	0.11111	0.11111	0.11111
340	2260	0.11111	373.11111	0.11111	0.11111	0.11111	0.11111	0.11111	0.11111	0.11111
341	2307	0.11111	0.11111	0.11111	0.11111	370.29541	0.11111	2.92681	0.11111	0.11111
342	2336	0.11111	0.11111	2.92167	318.64605	0.11130	51.76538	0.11113	0.11113	0.11111
343	2120	0.11111	373.11111	0.11111	0.11111	0.11111	0.11111	0.11111	0.11111	0.11111
344	2105	0.11111	373.11111	0.11111	0.11111	0.11111	0.11111	0.11111	0.11111	0.11111
345	2161	0.11111	0.11111	0.11111	0.11111	0.11111	373.11111	0.11111	0.11111	0.11111
346	2287	0.11114	0.11111	0.11125	0.11240	355.54886	0.11142	17.67158	0.11111	0.11113
347	2529	18.57901	0.11111	92.90320	261.85109	0.11111	0.11113	0.11111	0.11111	0.11111
348	1966	0.11111	0.11111	0.11113	0.11117	328.07976	0.11120	17.92139	27.31149	0.13163
349	2285	0.11111	0.11111	0.11111	348.73841	0.11111	24.48380	0.11111	0.11111	0.11111
350	2247	0.11112	0.11111	22.31104	283.84148	0.11111	67.18080	0.11111	0.11111	0.11111
351	2261	0.11111	0.11111	0.11111	0.11112	354.72753	0.11111	18.49467	0.11112	0.11111
352	2504	0.11111	0.11111	0.11111	0.11111	370.58310	0.11111	0.11113	2.63910	0.11111
353	2495	0.11111	0.11111	0.11111	0.11121	362.33441	0.11112	5.53336	2.76095	2.81561
354	2343	0.11111	0.11111	6.60323	333.99259	0.11113	32.73744	0.11116	0.11111	0.11111
355	2487	0.11111	0.11111	373.11111	0.11111	0.11111	0.11111	0.11111	0.11111	0.11111
356	2245	0.11111	0.11111	373.11111	0.11111	0.11111	0.11111	0.11111	0.11111	0.11111
357	1988	0.11111	0.11111	0.11111	373.11111	0.11111	0.11111	0.11111	0.11111	0.11111
358	2466	0.11111	0.11111	0.11111	373.11111	0.11111	0.11111	0.11111	0.11111	0.11111
359	2223	0.11111	0.11111	7.04569	327.87864	0.11129	38.40877	0.11113	0.11113	0.11112
360	2653	0.11111	0.11111	0.11111	373.11111	0.11111	0.11111	0.11111	0.11111	0.11111
361	2164	0.11111	0.11111	0.11111	0.11111	342.80911	0.11111	26.10810	4.41612	0.11111
362	2472	65.18762	0.11111	0.11111	308.03458	0.11111	0.11112	0.11111	0.11111	0.11111
363	2241	0.11111	0.11111	3.73293	328.79366	0.11111	40.80674	0.11111	0.11111	0.11111
364	136	103.47418	0.11111	0.11111	265.79257	0.11111	4.06658	0.11111	0.11111	0.11111
365	2451	0.11111	0.11111	0.11111	279.20554	0.11112	94.01667	0.11111	0.11111	0.11111
366	2050	373.11111	0.11111	0.11111	0.11111	0.11111	0.11111	0.11111	0.11111	0.11111
367	2196	0.11111	0.11112	4.25250	349.77972	0.11111	19.30111	0.11111	0.11111	0.11111
368	2075	0.11111	0.11111	0.11111	0.11111	0.11111	373.11111	0.11111	0.11111	0.11111
369	2501	0.11111	0.11111	0.11112	0.11132	0.11344	339.39504	0.11211	33.82358	0.11116
370	2423	0.11111	0.11111	0.11111	0.11120	356.34986	0.11112	12.05889	2.53549	2.50010
371	2250	0.11112	0.11111	50.56043	322.66154	0.11111	0.11136	0.11111	0.11111	0.11111
372	2180	0.11111	0.11111	0.11112	345.89080	0.11111	27.33141	0.11111	0.11111	0.11111
373	2478	0.11111	0.11111	0.11111	0.11116	0.11828	0.11114	0.11137	273.64714	99.56757
374	2058	0.11111	0.11111	0.11111	0.11133	0.12091	2.15934	0.11135	183.27719	187.88655
375	2183	0.11111	0.11111	0.11112	328.96647	0.11111	44.25573	0.11112	0.11111	0.11111
376	2533	3.95775	0.11111	0.11111	369.26442	0.11114	0.11112	0.11112	0.11111	0.11111
377	2409	0.11111	0.11111	0.11111	0.11126	353.50835	0.11113	6.23552	5.38709	8.31330
378	2582	0.11111	0.11111	13.58811	321.92369	0.11111	37.82152	0.11111	0.11111	0.11111
379	2377	0.11118	0.11112	28.74512	0.11323	0.11114	344.47486	0.11111	0.11111	0.11113
380	2215	0.11111	0.11111	0.11111	365.69408	0.11115	7.52809	0.11112	0.11112	0.11111
381	2197	0.11111	373.11111	0.11111	0.11111	0.11111	0.11111	0.11111	0.11111	0.11111
382	2236	0.11111	373.11111	0.11111	0.11111	0.11111	0.11111	0.11111	0.11111	0.11111
383	2499	0.11111	0.11111	0.11111	0.11113	0.11298	0.11111	314.41007	58.81011	0.11127
384	2322	0.11111	235.64903	137.57287	0.11128	0.11111	0.11127	0.11111	0.11111	0.11111
385	2098	0.11111	0.11111	0.11111	0.11111	0.11111	0.11111	373.11111	0.11111	0.11111
386	2418	0.11111	0.11111	0.11111	0.11111	369.76533	0.11111	3.45688	0.11111	0.11112
387	2381	0.11111	0.11111	0.11111	0.11128	359.96081	0.11114	6.65335	2.95133	3.87877
388	2603	0.11111	0.11111	46.47360	0.11125	0.11111	326.74848	0.11111	0.11111	0.11111
389	2644	0.11111	373.11111	0.11111	0.11111	0.11111	0.11111	0.11111	0.11111	0.11111
390	2417	66.08233	0.11111	0.11112	281.85715	0.11111	25.39384	0.11111	0.11111	0.11111
391	1999	373.11111	0.11111	0.11111	0.11111	0.11111	0.11111	0.11111	0.11111	0.11111
392	2220	0.11111	0.11111	0.11111	0.11112	358.98614	0.11112	12.21755	0.11118	2.12956
393	2578	0.11111	0.11111	0.11111	0.11121	358.76067	0.11112	9.68443	2.51299	2.48625
394	2045	0.11111	0.11111	0.11111	0.11112	355.10119	0.11111	18.12102	0.11111	0.11111
395	1953	0.11111	0.11111	0.11111	0.11113	360.27405	0.11111	12.94813	0.11111	0.11113
396	2028	0.11111	0.11111	26.03933	347.18241	0.11111	0.11158	0.11112	0.11111	0.11111
397	2556	0.11111	0.11111	0.11111	0.11117	348.97623	0.11112	11.97785	8.81918	3.67111
398	2191	0.11111	0.11111	0.11111	373.11111	0.11111	0.11111	0.11111	0.11111	0.11111
399	2235	0.11111	27.65014	0.11117	0.11127	0.11111	345.57186	0.11111	0.11112	0.11111
400	2288	0.11111	79.42448	0.11117	0.11130	0.11143	48.39615	0.11210	245.51110	0.11115
401	1987	0.11111	0.11112	33.46568	339.75595	0.11121	0.11158	0.11113	0.11111	0.11111
402	2475	0.11111	0.11111	4.98009	313.76968	0.11111	54.58356	0.11111	0.11111	0.11111
403	2547	0.11111	0.11111	0.11112	313.47087	0.11355	59.74873	0.11122	0.11116	0.11113
404	2319	3.24192	0.11111	10.99248	331.78725	0.11112	27.42277	0.11111	0.11111	0.11111
405	2617	0.11111	0.11111	0.11112	254.81272	0.11111	118.40949	0.11111	0.11111	0.11111
406	1914	373.11111	0.11111	0.11111	0.11111	0.11111	0.11111	0.11111	0.11111	0.11111
407	2658	373.11111	0.11111	0.11111	0.11111	0.11111	0.11111	0.11111	0.11111	0.11111
408	2163	0.11111	0.11111	68.30580	0.11197	0.11149	271.89352	33.13276	0.11112	0.11112
409	2311	0.11111	0.11111	0.11111	0.11111	342.22964	0.11111	15.56478	15.53891	0.11112
410	2052	0.11111	0.11111	0.11112	330.72549	0.11111	42.49671	0.11111	0.11111	0.11111
411	2594	0.11111	0.11112	5.06727	255.60973	0.11111	106.21527	0.11112	6.55202	0.11125
412	2273	0.11111	0.11111	10.27150	309.41985	0.11111	53.64198	0.11111	0.11111	0.11111
413	2202	373.11111	0.11111	0.11111	0.11111	0.11111	0.11111	0.11111	0.11111	0.11111
414	2222	0.11111	0.11111	0.11111	0.11111	0.11111	373.11111	0.11111	0.11111	0.11111
415	1922	0.11111	373.11111	0.11111	0.11111	0.11111	0.11111	0.11111	0.11111	0.11111
416	2341	18.47323	354.74899	0.11111	0.11111	0.11111	0.11111	0.11111	0.11111	0.11111
417	2139	0.11111	0.11111	0.11111	0.11112	359.80504	0.11111	11.20316	0.11117	2.32506
418	2462	0.11112	0.11112	0.11113	0.11225	0.11310	8.42082	345.95764	0.11114	18.95169
419	2591	0.11111	0.11111	0.11111	0.11111	360.55222	0.11111	12.67000	0.11112	0.11111
420	2628	0.11111	373.11111	0.11111	0.11111	0.11111	0.11111	0.11111	0.11111	0.11111
421	2291	0.11111	373.11111	0.11111	0.11111	0.11111	0.11111	0.11111	0.11111	0.11111
422	2643	0.11111	0.11111	8.31681	352.39883	0.11111	12.61768	0.11112	0.11111	0.11112
423	2293	0.11111	0.11111	0.11111	365.86710	0.11111	0.11112	0.11254	0.11114	7.35365
424	1975	0.11111	373.11111	0.11111	0.11111	0.11111	0.11111	0.11111	0.11111	0.11111
425	1930	0.11111	373.11111	0.11111	0.11111	0.11111	0.11111	0.11111	0.11111	0.11111
426	2516	0.11111	0.11111	14.79108	313.84369	0.11113	44.69853	0.11112	0.11111	0.11112
427	2057	0.11111	0.11111	0.11111	364.01577	0.12247	0.11112	0.11166	9.19448	0.11116
428	2623	0.11111	0.11111	0.11111	0.11196	340.86483	0.11116	0.11158	14.65475	17.81238
429	2006	373.11111	0.11111	0.11111	0.11111	0.11111	0.11111	0.11111	0.11111	0.11111
430	2366	0.11111	139.88371	132.90600	0.11139	0.11111	100.54334	0.11111	0.11111	0.11111
431	2211	0.11111	80.54107	230.63882	0.11131	0.11111	62.15323	0.11111	0.11111	0.11111
432	2352	0.11111	0.11111	0.11111	0.11112	361.44318	0.11111	9.49512	2.39503	0.11111
433	2427	0.11111	0.11111	0.11111	59.92231	0.11369	0.11113	0.11127	313.29710	0.11115
434	1934	0.11111	373.11111	0.11111	0.11111	0.11111	0.11111	0.11111	0.11111	0.11111
435	2299	0.11111	0.11111	0.11111	0.11116	355.01548	0.11112	18.20668	0.11112	0.11111
436	2226	0.11111	19.54150	148.37544	0.11132	0.11117	205.41611	0.11112	0.11112	0.11111
437	2573	0.11111	0.11111	0.11111	0.11123	347.22590	0.11112	18.36827	3.34351	4.50664
438	1923	0.11111	0.11111	373.11111	0.11111	0.11111	0.11111	0.11111	0.11111	0.11111
439	2575	0.11111	0.11111	0.11111	0.11296	339.41719	0.11112	25.36521	5.78969	2.87049
440	2559	0.11111	0.11111	0.11111	0.11121	358.79999	0.11112	12.06495	0.11111	2.46828
441	2368	0.11111	9.82245	5.84298	268.23533	0.11139	89.54337	0.11113	0.11111	0.11112
442	2642	0.11113	0.11112	96.40061	239.62061	0.11113	37.31206	0.11111	0.11111	0.11111
443	2349	0.11111	0.11111	0.11111	373.11111	0.11111	0.11111	0.11111	0.11111	0.11111
444	2384	4.76164	0.11111	12.91201	272.29463	0.11116	83.47610	0.11112	0.11111	0.11111
445	2645	373.11111	0.11111	0.11111	0.11111	0.11111	0.11111	0.11111	0.11111	0.11111
446	2210	0.11111	0.11111	0.11111	25.87527	336.75943	0.11112	10.69861	0.11111	0.11111
447	2159	373.11111	0.11111	0.11111	0.11111	0.11111	0.11111	0.11111	0.11111	0.11111
448	2424	0.11111	373.11111	0.11111	0.11111	0.11111	0.11111	0.11111	0.11111	0.11111
449	2000	373.11111	0.11111	0.11111	0.11111	0.11111	0.11111	0.11111	0.11111	0.11111
450	2157	373.11111	0.11111	0.11111	0.11111	0.11111	0.11111	0.11111	0.11111	0.11111
451	2539	0.11111	0.11111	0.11111	0.11119	370.40354	0.11112	0.11124	0.11111	2.81846
452	2657	373.11111	0.11111	0.11111	0.11111	0.11111	0.11111	0.11111	0.11111	0.11111
453	1935	373.11111	0.11111	0.11111	0.11111	0.11111	0.11111	0.11111	0.11111	0.11111
454	2313	0.11111	331.59291	0.11125	0.11156	0.11369	0.11132	0.11125	0.11118	41.62573
455	2613	0.11111	0.11111	0.11111	0.11111	373.11111	0.11111	0.11111	0.11111	0.11111
456	2356	0.11111	0.11111	0.11111	0.11114	368.53134	0.11111	4.69084	0.11111	0.11112
457	2108	0.11111	0.11111	0.11111	0.11120	356.24503	0.11112	14.58891	0.11112	2.49929
458	2155	0.11111	0.11111	174.10816	0.11142	0.11111	199.11375	0.11111	0.11111	0.11111
459	2144	0.11111	0.11111	0.11111	373.11111	0.11111	0.11111	0.11111	0.11111	0.11111
460	1921	373.11111	0.11111	0.11111	0.11111	0.11111	0.11111	0.11111	0.11111	0.11111
461	2072	0.11111	0.11111	0.11111	256.02733	0.11111	117.19488	0.11112	0.11111	0.11111
462	2461	0.11111	0.11111	3.65271	300.95907	0.11111	68.72154	0.11111	0.11111	0.11111
463	2310	0.11111	0.11111	373.11111	0.11111	0.11111	0.11111	0.11111	0.11111	0.11111
464	2465	0.11111	0.11111	0.11111	365.81021	0.11111	7.41201	0.11111	0.11111	0.11111
465	2083	0.11111	0.11111	0.11111	0.11112	357.06052	0.11111	10.74530	5.52748	0.11114
466	2232	0.11111	47.37284	41.38396	231.82572	0.11111	52.86191	0.11111	0.11111	0.11112
467	1919	373.11111	0.11111	0.11111	0.11111	0.11111	0.11111	0.11111	0.11111	0.11111
468	1951	373.11111	0.11111	0.11111	0.11111	0.11111	0.11111	0.11111	0.11111	0.11111
469	2026	0.11113	0.11111	4.40467	279.71885	0.11318	38.76355	50.55523	0.11114	0.11113
470	2270	0.11111	0.11111	373.11111	0.11111	0.11111	0.11111	0.11111	0.11111	0.11111
471	2011	373.11111	0.11111	0.11111	0.11111	0.11111	0.11111	0.11111	0.11111	0.11111
472	1995	373.11111	0.11111	0.11111	0.11111	0.11111	0.11111	0.11111	0.11111	0.11111
473	2639	373.11111	0.11111	0.11111	0.11111	0.11111	0.11111	0.11111	0.11111	0.11111
474	1965	0.11111	373.11111	0.11111	0.11111	0.11111	0.11111	0.11111	0.11111	0.11111
475	1918	0.11111	0.11111	0.11111	0.11125	355.73181	0.11113	15.07641	0.11112	2.52495
476	2208	0.11111	0.11111	0.11111	295.19833	0.11341	0.11116	0.11197	0.11117	78.02064
477	2308	0.11111	0.11111	0.11111	0.11114	355.40940	0.11112	10.18027	0.11119	7.74356
478	1931	373.11111	0.11111	0.11111	0.11111	0.11111	0.11111	0.11111	0.11111	0.11111
479	2221	0.11111	0.11111	0.11111	0.11111	0.11111	373.11111	0.11111	0.11111	0.11111
480	2027	373.11111	0.11111	0.11111	0.11111	0.11111	0.11111	0.11111	0.11111	0.11111
481	2081	0.11111	0.11111	0.11112	275.48829	0.11123	97.73368	0.11122	0.11111	0.11112
482	2609	0.11111	0.11111	0.11111	373.11111	0.11111	0.11111	0.11111	0.11111	0.11111
483	2038	0.11111	11.60692	73.42761	269.19751	0.11111	19.21241	0.11111	0.11111	0.11111
484	2048	0.11111	25.64199	212.55725	0.11147	0.11236	66.78196	68.46162	0.11112	0.11113
485	2587	0.11111	373.11111	0.11111	0.11111	0.11111	0.11111	0.11111	0.11111	0.11111
486	2067	0.11111	0.11111	0.11111	0.11111	0.11111	0.11111	0.11111	373.11111	0.11111
487	1980	373.11111	0.11111	0.11111	0.11111	0.11111	0.11111	0.11111	0.11111	0.11111
488	2185	0.11111	0.11113	200.90961	0.11138	0.11111	172.31233	0.11111	0.11111	0.11111
489	2537	0.11111	0.11111	0.11111	0.11111	0.11111	373.11111	0.11111	0.11111	0.11111
490	2004	373.11111	0.11111	0.11111	0.11111	0.11111	0.11111	0.11111	0.11111	0.11111
491	2315	0.11111	0.11111	0.11111	373.11111	0.11111	0.11111	0.11111	0.11111	0.11111
492	2249	0.11111	43.99318	0.11111	303.50108	0.11111	25.83897	0.11111	0.11111	0.11120
493	2147	0.11111	0.11111	0.11111	0.11111	0.11111	0.11111	0.11111	373.11111	0.11111
494	2502	0.11111	0.11112	74.01890	299.20313	0.11111	0.11129	0.11112	0.11111	0.11111
495	2137	0.11111	0.11111	0.11111	337.58365	0.11189	0.11113	35.63775	0.11113	0.11112
496	2362	0.11111	0.11111	373.11111	0.11111	0.11111	0.11111	0.11111	0.11111	0.11111
497	2398	0.11111	0.11111	0.11112	347.92402	0.11175	25.29747	0.11115	0.11115	0.11111
498	2589	0.11111	0.11112	5.80695	345.71646	0.11111	21.80992	0.11111	0.11111	0.11111
499	2463	0.11111	0.11111	7.31390	342.38006	0.11111	23.63937	0.11111	0.11111	0.11111
500	2170	0.11111	0.11111	0.11111	373.11111	0.11111	0.11111	0.11111	0.11111	0.11111
501	2479	0.11111	0.11111	0.11111	0.11111	0.11111	373.11111	0.11111	0.11111	0.11111
502	2134	0.11111	0.11111	0.11112	362.72613	0.11111	10.49608	0.11111	0.11111	0.11111
503	2115	0.11111	0.11111	0.11111	0.11113	352.63013	0.11112	17.75465	2.94852	0.11111
504	2088	0.11111	0.11111	0.11111	0.11116	343.74148	0.11112	15.65957	10.56664	3.47670
505	2145	0.11115	159.15707	214.06477	0.11127	0.11111	0.11129	0.11111	0.11111	0.11111
506	2174	0.11111	0.11112	35.57208	314.59276	0.11111	23.16847	0.11112	0.11111	0.11111
507	2546	0.11111	0.11111	0.11111	0.11113	356.90074	0.11111	8.10803	4.98403	3.45162
508	2344	0.11111	0.11112	31.89958	0.11211	0.11113	341.32158	0.11114	0.11111	0.11111
509	2274	0.11111	0.11111	0.11111	0.11111	0.11111	373.11111	0.11111	0.11111	0.11111
510	2415	0.11111	0.11111	0.11111	0.11111	0.11111	373.11111	0.11111	0.11111	0.11111
511	2037	0.11111	0.11111	0.11111	0.11112	325.71356	0.11111	20.20259	27.41716	0.11112
512	2136	0.11111	0.11111	0.11112	0.11174	357.60072	0.11117	0.11236	9.81295	5.91773
513	1958	373.11111	0.11111	0.11111	0.11111	0.11111	0.11111	0.11111	0.11111	0.11111
514	2486	0.11111	0.11111	0.11111	351.16993	0.11111	22.05229	0.11111	0.11111	0.11111
515	2513	0.11111	0.11111	0.11111	373.11111	0.11111	0.11111	0.11111	0.11111	0.11111
516	2471	0.11111	0.11111	3.33566	312.70488	0.11211	54.39949	0.11111	3.00337	0.11115
517	2190	0.11111	0.11111	0.11111	0.11112	361.44420	0.11111	9.48696	2.40215	0.11111
518	2041	0.11112	308.28079	64.94140	0.11111	0.11111	0.11111	0.11113	0.11111	0.11112
519	2456	54.26148	318.96073	0.11112	0.11111	0.11111	0.11111	0.11111	0.11111	0.11112
520	2610	0.11111	34.28655	338.93533	0.11127	0.11111	0.11129	0.11111	0.11111	0.11111
521	2401	0.11111	0.11111	0.11111	353.47960	19.74261	0.11111	0.11111	0.11111	0.11111
522	2540	0.11111	233.07226	140.14990	0.11113	0.11111	0.11113	0.11111	0.11111	0.11113
523	2198	0.11118	0.11111	37.91837	0.11234	0.11111	335.30255	0.11111	0.11111	0.11111
524	2039	0.11111	0.11111	0.11113	361.60324	0.11111	11.61896	0.11111	0.11111	0.11111
525	1973	373.11111	0.11111	0.11111	0.11111	0.11111	0.11111	0.11111	0.11111	0.11111
526	2525	0.11111	0.11111	373.11111	0.11111	0.11111	0.11111	0.11111	0.11111	0.11111
527	2128	6.94524	0.11113	23.14385	276.37420	0.11403	57.99805	4.92438	0.11115	4.27797
528	2474	0.11111	373.11111	0.11111	0.11111	0.11111	0.11111	0.11111	0.11111	0.11111
529	2411	0.11111	373.11111	0.11111	0.11111	0.11111	0.11111	0.11111	0.11111	0.11111
530	2476	0.11111	0.11111	0.11111	0.11111	0.11111	0.11111	0.11111	373.11111	0.11111
531	2443	0.11111	19.07026	0.11111	89.99694	0.11217	21.68559	0.11118	242.69050	0.11115
532	2545	0.11111	0.11111	0.11111	47.60297	0.11117	0.11111	0.11117	325.61912	0.11111
533	2314	0.11111	373.11111	0.11111	0.11111	0.11111	0.11111	0.11111	0.11111	0.11111
534	2576	0.11111	0.11111	0.11111	0.11111	0.11111	0.11111	0.11111	373.11111	0.11111
535	2318	0.11111	42.76638	294.23438	0.11119	0.11111	36.33250	0.11111	0.11111	0.11111
536	2618	0.11111	373.11111	0.11111	0.11111	0.11111	0.11111	0.11111	0.11111	0.11111
537	2021	0.11111	0.11111	0.11111	0.11111	0.11111	0.11111	0.11111	0.11111	373.11111
538	1933	0.11111	373.11111	0.11111	0.11111	0.11111	0.11111	0.11111	0.11111	0.11111
539	2403	0.11111	373.11111	0.11111	0.11111	0.11111	0.11111	0.11111	0.11111	0.11111
540	2179	0.11111	0.11111	0.11111	0.11111	365.01116	0.11111	0.11208	0.11130	8.20991
541	2031	0.11111	34.76930	338.45188	0.11193	0.11111	0.11130	0.11111	0.11113	0.11112
542	2216	0.11111	0.11111	0.11112	0.11137	361.67365	0.11114	0.11153	4.35090	7.30807
543	2444	0.11111	0.11111	0.11111	373.11111	0.11111	0.11111	0.11111	0.11111	0.11111
544	2473	0.11112	32.53219	89.84833	0.11171	0.11111	250.95216	0.11115	0.11111	0.11112
545	2325	0.11111	27.60975	345.60940	0.11358	0.11111	0.11168	0.11111	0.11113	0.11112
546	2119	0.11111	373.11111	0.11111	0.11111	0.11111	0.11111	0.11111	0.11111	0.11111
547	2566	0.11111	373.11111	0.11111	0.11111	0.11111	0.11111	0.11111	0.11111	0.11111
548	2205	0.11111	0.11111	373.11111	0.11111	0.11111	0.11111	0.11111	0.11111	0.11111
549	2652	0.11111	0.11111	0.11111	0.11111	0.11111	373.11111	0.11111	0.11111	0.11111
550	2330	0.11111	0.11111	0.11111	373.11111	0.11111	0.11111	0.11111	0.11111	0.11111
551	2316	0.11111	373.11111	0.11111	0.11111	0.11111	0.11111	0.11111	0.11111	0.11111
552	2178	0.11111	373.11111	0.11111	0.11111	0.11111	0.11111	0.11111	0.11111	0.11111
553	2035	0.11111	373.11111	0.11111	0.11111	0.11111	0.11111	0.11111	0.11111	0.11111
554	2049	0.11111	373.11111	0.11111	0.11111	0.11111	0.11111	0.11111	0.11111	0.11111
555	2268	66.08290	0.11115	3.73010	297.25717	0.11111	6.37424	0.11111	0.11111	0.11111
556	2332	0.11111	0.11111	0.11112	343.11779	0.11111	30.10442	0.11111	0.11111	0.11111
557	2146	0.11111	373.11111	0.11111	0.11111	0.11111	0.11111	0.11111	0.11111	0.11111
558	2383	0.11111	0.11111	0.11111	0.11111	0.11111	0.11111	0.11111	373.11111	0.11111
559	2637	0.11111	0.11111	373.11111	0.11111	0.11111	0.11111	0.11111	0.11111	0.11111
560	1970	0.11112	0.11111	42.45662	0.11132	0.11111	330.76538	0.11111	0.11111	0.11111
561	2012	373.11111	0.11111	0.11111	0.11111	0.11111	0.11111	0.11111	0.11111	0.11111
562	2171	373.11111	0.11111	0.11111	0.11111	0.11111	0.11111	0.11111	0.11111	0.11111
563	2209	0.11111	0.11111	373.11111	0.11111	0.11111	0.11111	0.11111	0.11111	0.11111
564	1963	0.11111	0.11111	0.11111	0.11111	345.61697	0.11111	23.12233	4.59403	0.11111
565	2304	0.11113	0.11111	13.23513	0.11132	0.11111	359.98687	0.11111	0.11111	0.11111
566	2355	19.68031	0.11111	178.75918	0.11165	0.11111	174.89315	0.11119	0.11111	0.11119
567	2148	0.11111	0.11111	0.11111	368.30889	0.11111	4.91333	0.11111	0.11111	0.11111
568	2259	0.11111	0.11112	0.11112	315.23852	0.11111	57.98367	0.11112	0.11112	0.11111
569	2066	0.11111	70.55645	302.66560	0.11126	0.11111	0.11113	0.11111	0.11111	0.11111
570	2151	0.11111	0.11111	0.11155	336.87875	0.11111	36.34302	0.11112	0.11111	0.11111
571	2393	0.11111	0.11111	0.11111	0.11111	0.11111	0.11111	0.11111	373.11111	0.11111
572	2438	0.11111	0.11111	0.11111	0.11111	0.11111	373.11111	0.11111	0.11111	0.11111
573	2400	0.11111	0.11111	373.11111	0.11111	0.11111	0.11111	0.11111	0.11111	0.11111
574	2454	0.11111	0.11111	0.11111	0.11111	0.11111	0.11111	0.11111	373.11111	0.11111
575	2284	373.11111	0.11111	0.11111	0.11111	0.11111	0.11111	0.11111	0.11111	0.11111
576	2298	0.11111	0.11111	373.11111	0.11111	0.11111	0.11111	0.11111	0.11111	0.11111
577	2003	0.11111	0.11111	0.11111	0.11111	0.11111	373.11111	0.11111	0.11111	0.11111
578	2295	0.11111	0.11111	53.59901	319.62159	0.11111	0.11272	0.11112	0.11111	0.11111
579	1990	0.11111	373.11111	0.11111	0.11111	0.11111	0.11111	0.11111	0.11111	0.11111
580	2544	0.11111	0.11112	53.64297	319.47505	0.11123	0.11124	0.21505	0.11111	0.11111
581	2061	373.11111	0.11111	0.11111	0.11111	0.11111	0.11111	0.11111	0.11111	0.11111
582	1976	373.11111	0.11111	0.11111	0.11111	0.11111	0.11111	0.11111	0.11111	0.11111
583	1927	373.11111	0.11111	0.11111	0.11111	0.11111	0.11111	0.11111	0.11111	0.11111
584	2055	0.11111	0.11111	0.11111	5.55321	332.13065	0.11111	35.64946	0.11112	0.11111
585	2350	0.11111	0.11111	0.11112	47.68182	0.11615	15.38183	0.11130	310.26443	0.11114
586	2588	0.11111	0.11112	43.85430	329.36725	0.11111	0.11177	0.11111	0.11112	0.11111
587	2450	0.11111	147.81365	0.11111	0.11111	0.11111	0.11111	0.11111	0.11111	225.40858
588	2320	0.11111	0.11111	0.11111	373.11111	0.11111	0.11111	0.11111	0.11111	0.11111
589	1992	0.11111	0.11111	0.11111	373.11111	0.11111	0.11111	0.11111	0.11111	0.11111
590	2571	69.98137	0.11112	0.11118	245.36173	0.11111	57.99015	0.11111	0.11111	0.11112
591	2234	0.11111	0.11111	0.11111	0.11111	0.11111	0.11111	0.11111	373.11111	0.11111
592	2387	0.11111	0.11111	0.11111	18.97873	0.11350	8.56212	0.11121	345.78998	0.11113
593	1968	373.11111	0.11111	0.11111	0.11111	0.11111	0.11111	0.11111	0.11111	0.11111
594	2585	373.11111	0.11111	0.11111	0.11111	0.11111	0.11111	0.11111	0.11111	0.11111
595	2405	0.11111	373.11111	0.11111	0.11111	0.11111	0.11111	0.11111	0.11111	0.11111
596	2162	0.11111	373.11111	0.11111	0.11111	0.11111	0.11111	0.11111	0.11111	0.11111
597	2402	0.11111	373.11111	0.11111	0.11111	0.11111	0.11111	0.11111	0.11111	0.11111
598	2238	0.11111	373.11111	0.11111	0.11111	0.11111	0.11111	0.11111	0.11111	0.11111
599	2089	0.11111	373.11111	0.11111	0.11111	0.11111	0.11111	0.11111	0.11111	0.11111
600	2044	0.11111	0.11111	0.11111	0.11111	0.11111	0.11111	0.11111	373.11111	0.11111
601	2379	0.11111	88.99389	0.11148	0.11151	0.11111	284.22749	0.11114	0.11111	0.11115
602	2651	0.11111	278.31721	0.11127	0.11113	0.11111	94.90483	0.11111	0.11111	0.11111
603	2009	373.11111	0.11111	0.11111	0.11111	0.11111	0.11111	0.11111	0.11111	0.11111
604	2177	0.11111	0.11112	38.20084	0.11125	0.11111	335.02124	0.11111	0.11111	0.11111
605	2252	0.11111	0.11111	0.11111	0.11111	0.11111	373.11111	0.11111	0.11111	0.11111
606	2231	0.11111	373.11111	0.11111	0.11111	0.11111	0.11111	0.11111	0.11111	0.11111
607	2076	0.11111	0.11111	23.42352	349.79870	0.11111	0.11111	0.11111	0.11111	0.11111
608	2367	0.11111	49.78510	68.73827	0.11151	0.11111	254.80953	0.11112	0.11111	0.11114
609	2303	0.11111	0.11111	0.11111	0.11111	0.11111	0.11111	0.11111	373.11111	0.11111
610	2455	0.11111	373.11111	0.11111	0.11111	0.11111	0.11111	0.11111	0.11111	0.11111
611	2627	373.11111	0.11111	0.11111	0.11111	0.11111	0.11111	0.11111	0.11111	0.11111
612	2534	0.11111	373.11111	0.11111	0.11111	0.11111	0.11111	0.11111	0.11111	0.11111
613	2130	0.11111	373.11111	0.11111	0.11111	0.11111	0.11111	0.11111	0.11111	0.11111
614	2480	0.11111	0.11112	310.98849	0.11127	0.11111	62.23357	0.11111	0.11111	0.11111
615	2531	65.93760	0.11111	307.28277	0.11204	0.11167	0.11134	0.11123	0.11112	0.11112
616	2389	114.59253	0.11111	258.62849	0.11192	0.11111	0.11149	0.11111	0.11113	0.11111
617	2568	0.11111	0.11111	0.11111	0.11111	0.11111	373.11111	0.11111	0.11111	0.11111
618	2014	373.11111	0.11111	0.11111	0.11111	0.11111	0.11111	0.11111	0.11111	0.11111
619	1982	0.11111	21.60865	0.11111	171.18887	0.11149	118.02633	0.11113	62.62019	0.11111
620	2452	0.11111	0.11111	373.11111	0.11111	0.11111	0.11111	0.11111	0.11111	0.11111
621	2107	0.11111	373.11111	0.11111	0.11111	0.11111	0.11111	0.11111	0.11111	0.11111
622	2239	0.11111	0.11111	16.32954	344.86551	0.11111	12.13827	0.11112	0.11111	0.11111
623	2186	0.11111	373.11111	0.11111	0.11111	0.11111	0.11111	0.11111	0.11111	0.11111
624	2621	0.11111	373.11111	0.11111	0.11111	0.11111	0.11111	0.11111	0.11111	0.11111
625	2091	0.11111	373.11111	0.11111	0.11111	0.11111	0.11111	0.11111	0.11111	0.11111
626	2256	0.11111	373.11111	0.11111	0.11111	0.11111	0.11111	0.11111	0.11111	0.11111
627	2022	373.11111	0.11111	0.11111	0.11111	0.11111	0.11111	0.11111	0.11111	0.11111
628	2508	0.11111	0.11111	0.11112	350.21726	0.11111	23.00494	0.11111	0.11111	0.11111
629	1937	0.11111	373.11111	0.11111	0.11111	0.11111	0.11111	0.11111	0.11111	0.11111
630	2632	0.11111	373.11111	0.11111	0.11111	0.11111	0.11111	0.11111	0.11111	0.11111
631	2605	0.11111	0.11111	341.28573	0.11367	0.11618	0.11144	0.11161	0.11127	31.92788
632	2572	0.11111	0.11111	0.11111	318.49081	0.11111	24.29844	30.54407	0.11111	0.11111
633	2641	0.11111	0.11112	303.25704	0.11129	0.11111	69.96501	0.11111	0.11111	0.11111
634	2522	0.11111	0.11111	0.11112	264.93111	0.11113	108.29108	0.11111	0.11111	0.11111
635	2528	0.11111	373.11111	0.11111	0.11111	0.11111	0.11111	0.11111	0.11111	0.11111
636	2439	0.11111	128.15822	0.11111	0.11111	0.11111	0.11111	0.11111	0.11111	245.06401
637	2612	0.11111	141.40939	231.81241	0.11135	0.11111	0.11130	0.11111	0.11111	0.11111
638	2448	0.11111	373.11111	0.11111	0.11111	0.11111	0.11111	0.11111	0.11111	0.11111
639	1950	373.11111	0.11111	0.11111	0.11111	0.11111	0.11111	0.11111	0.11111	0.11111
640	2493	0.11111	0.11111	373.11111	0.11111	0.11111	0.11111	0.11111	0.11111	0.11111
641	2181	0.11111	373.11111	0.11111	0.11111	0.11111	0.11111	0.11111	0.11111	0.11111
642	2024	373.11111	0.11111	0.11111	0.11111	0.11111	0.11111	0.11111	0.11111	0.11111
643	2001	373.11111	0.11111	0.11111	0.11111	0.11111	0.11111	0.11111	0.11111	0.11111
644	2217	0.11111	127.00540	0.11113	0.11111	0.11111	0.11111	0.11111	0.11111	246.21680
645	1969	0.11111	0.11111	0.11111	373.11111	0.11111	0.11111	0.11111	0.11111	0.11111
646	2497	0.11111	373.11111	0.11111	0.11111	0.11111	0.11111	0.11111	0.11111	0.11111
647	2345	0.11111	89.75442	0.11133	0.11146	0.11129	283.46688	0.11120	0.11120	0.11112
648	2017	0.11111	248.77728	0.11141	0.11111	0.11111	0.11111	124.44464	0.11111	0.11111
649	2321	0.11111	373.11111	0.11111	0.11111	0.11111	0.11111	0.11111	0.11111	0.11111
650	2459	373.11111	0.11111	0.11111	0.11111	0.11111	0.11111	0.11111	0.11111	0.11111
651	2514	0.11111	127.49223	245.72979	0.11131	0.11111	0.11112	0.11111	0.11111	0.11111
652	2562	0.11111	373.11111	0.11111	0.11111	0.11111	0.11111	0.11111	0.11111	0.11111
653	2581	0.11111	75.02537	214.53555	0.11196	0.11160	0.11132	83.77082	0.11113	0.11113
654	2019	0.11111	0.11111	0.11111	0.11111	0.11111	0.11111	0.11111	373.11111	0.11111
655	2106	0.11111	0.11111	373.11111	0.11111	0.11111	0.11111	0.11111	0.11111	0.11111
656	2421	0.11111	60.11934	313.10279	0.11111	0.11111	0.11111	0.11120	0.11111	0.11111
657	2141	0.11111	0.11111	373.11111	0.11111	0.11111	0.11111	0.11111	0.11111	0.11111
658	2449	0.11111	0.11112	0.11111	0.11119	0.11323	13.50333	0.11121	359.71657	0.11113
659	2440	0.11111	373.11111	0.11111	0.11111	0.11111	0.11111	0.11111	0.11111	0.11111
660	2129	0.11111	373.11111	0.11111	0.11111	0.11111	0.11111	0.11111	0.11111	0.11111
661	2494	373.11111	0.11111	0.11111	0.11111	0.11111	0.11111	0.11111	0.11111	0.11111
662	2013	373.11111	0.11111	0.11111	0.11111	0.11111	0.11111	0.11111	0.11111	0.11111
663	2099	24.97779	149.93790	0.11111	198.21588	0.11111	0.31285	0.11111	0.11111	0.11113
664	1977	0.11111	373.11111	0.11111	0.11111	0.11111	0.11111	0.11111	0.11111	0.11111
665	2160	0.11111	373.11111	0.11111	0.11111	0.11111	0.11111	0.11111	0.11111	0.11111
666	2251	0.11111	373.11111	0.11111	0.11111	0.11111	0.11111	0.11111	0.11111	0.11111
667	2286	0.11111	373.11111	0.11111	0.11111	0.11111	0.11111	0.11111	0.11111	0.11111
668	2577	0.11111	373.11111	0.11111	0.11111	0.11111	0.11111	0.11111	0.11111	0.11111
669	2519	0.11111	0.11111	373.11111	0.11111	0.11111	0.11111	0.11111	0.11111	0.11111
670	1936	0.11111	373.11111	0.11111	0.11111	0.11111	0.11111	0.11111	0.11111	0.11111
671	2413	36.46559	0.11111	336.75592	0.11172	0.11111	0.11121	0.11111	0.11111	0.11111
672	2065	0.11111	0.11111	0.11111	294.33130	0.11216	0.11113	78.87650	0.11113	0.12444
673	2599	0.11111	0.11111	0.11111	373.11111	0.11111	0.11111	0.11111	0.11111	0.11111
674	2490	0.11111	0.11111	0.11111	373.11111	0.11111	0.11111	0.11111	0.11111	0.11111
675	2248	0.11111	373.11111	0.11111	0.11111	0.11111	0.11111	0.11111	0.11111	0.11111
676	2342	0.11111	373.11111	0.11111	0.11111	0.11111	0.11111	0.11111	0.11111	0.11111
677	1949	0.11111	373.11111	0.11111	0.11111	0.11111	0.11111	0.11111	0.11111	0.11111
678	1956	0.11111	55.01993	318.20229	0.11111	0.11111	0.11111	0.11111	0.11111	0.11111
679	2281	0.11111	0.11111	373.11111	0.11111	0.11111	0.11111	0.11111	0.11111	0.11111
680	2070	0.11111	373.11111	0.11111	0.11111	0.11111	0.11111	0.11111	0.11111	0.11111
681	2272	0.11111	0.11112	320.12497	0.11118	0.11111	40.43001	12.77826	0.11111	0.11111
682	2080	0.11111	373.11111	0.11111	0.11111	0.11111	0.11111	0.11111	0.11111	0.11111
683	2265	0.11111	373.11111	0.11111	0.11111	0.11111	0.11111	0.11111	0.11111	0.11111
684	2167	0.11111	0.11111	373.11111	0.11111	0.11111	0.11111	0.11111	0.11111	0.11111
685	2426	0.11111	0.11111	0.11111	328.43914	0.11690	0.11111	0.11132	44.77707	0.11112
686	2255	0.11111	41.55533	0.11111	331.66684	0.11111	0.11116	0.11111	0.11111	0.11111
687	2622	0.11111	0.11111	0.11111	317.16405	0.11622	0.11111	0.11137	0.11117	56.05275
688	2524	0.11111	0.11111	0.11111	40.67711	0.11347	0.98182	0.11130	331.67183	0.11113
689	2008	0.11111	373.11111	0.11111	0.11111	0.11111	0.11111	0.11111	0.11111	0.11111
690	2173	0.11111	373.11111	0.11111	0.11111	0.11111	0.11111	0.11111	0.11111	0.11111
691	1915	0.11111	373.11111	0.11111	0.11111	0.11111	0.11111	0.11111	0.11111	0.11111
692	2614	0.11111	336.84810	0.11112	0.11116	0.11111	0.11112	0.11111	0.11111	36.37405
693	2023	0.11111	373.11111	0.11111	0.11111	0.11111	0.11111	0.11111	0.11111	0.11111
694	2193	0.11111	373.11111	0.11111	0.11111	0.11111	0.11111	0.11111	0.11111	0.11111
695	2422	0.11111	0.11111	0.11111	0.11111	0.11111	0.11111	0.11111	0.11111	373.11111
696	2441	0.11111	0.11111	0.11111	0.11111	0.11111	0.11111	0.11111	0.11111	373.11111
697	1961	0.11112	66.67816	306.54376	0.11134	0.11111	0.11117	0.11112	0.11111	0.11112
698	2505	0.11111	373.11111	0.11111	0.11111	0.11111	0.11111	0.11111	0.11111	0.11111
699	2094	0.11111	0.11111	373.11111	0.11111	0.11111	0.11111	0.11111	0.11111	0.11111
700	2036	0.11111	373.11111	0.11111	0.11111	0.11111	0.11111	0.11111	0.11111	0.11111
701	2656	0.11111	373.11111	0.11111	0.11111	0.11111	0.11111	0.11111	0.11111	0.11111
702	2100	0.11111	0.11111	0.11111	0.11111	0.11111	0.11111	0.11111	0.11111	373.11111
703	2277	0.11111	373.11111	0.11111	0.11111	0.11111	0.11111	0.11111	0.11111	0.11111
704	2580	0.11111	373.11111	0.11111	0.11111	0.11111	0.11111	0.11111	0.11111	0.11111
705	1974	0.11111	372.16098	1.06012	0.11192	0.11111	0.11142	0.11111	0.11111	0.11111
706	2380	0.11111	373.11111	0.11111	0.11111	0.11111	0.11111	0.11111	0.11111	0.11111
707	2301	0.11111	87.73345	285.48878	0.11111	0.11111	0.11111	0.11111	0.11111	0.11111
708	2182	0.11111	0.11111	373.11111	0.11111	0.11111	0.11111	0.11111	0.11111	0.11111
709	2175	0.11111	136.54299	236.67892	0.11136	0.11111	0.11117	0.11111	0.11111	0.11111
710	2481	0.11111	0.11111	373.11111	0.11111	0.11111	0.11111	0.11111	0.11111	0.11111
711	2515	0.11111	0.11111	0.11111	373.11111	0.11111	0.11111	0.11111	0.11111	0.11111
712	2488	0.11111	373.11111	0.11111	0.11111	0.11111	0.11111	0.11111	0.11111	0.11111
713	2015	0.11111	373.11111	0.11111	0.11111	0.11111	0.11111	0.11111	0.11111	0.11111
714	2312	0.11111	0.11111	373.11111	0.11111	0.11111	0.11111	0.11111	0.11111	0.11111
715	2635	0.11111	0.11112	0.11112	276.81177	0.11111	96.41041	0.11111	0.11113	0.11111
716	2051	0.11111	272.84767	0.11111	0.11111	0.11111	0.11111	0.11111	0.11111	100.37455
717	2262	0.11111	0.11111	0.11111	0.11111	0.11111	0.11111	0.11111	373.11111	0.11111
718	2305	0.11111	0.11111	0.11111	373.11111	0.11111	0.11111	0.11111	0.11111	0.11111
719	2230	0.11111	373.11111	0.11111	0.11111	0.11111	0.11111	0.11111	0.11111	0.11111
720	2034	0.11111	208.43217	164.79005	0.11111	0.11111	0.11111	0.11111	0.11111	0.11111
721	2527	0.11111	0.11111	0.11111	0.11111	0.11111	0.11111	0.11111	373.11111	0.11111
722	2227	0.11111	373.11111	0.11111	0.11111	0.11111	0.11111	0.11111	0.11111	0.11111
723	2113	0.11111	0.11111	0.11111	0.11111	0.11111	0.11111	0.11111	0.11111	373.11111
724	1996	0.11111	0.11111	0.11111	0.11111	0.11111	0.11111	373.11111	0.11111	0.11111
725	2541	0.11111	373.11111	0.11111	0.11111	0.11111	0.11111	0.11111	0.11111	0.11111
726	2358	0.11111	373.11111	0.11111	0.11111	0.11111	0.11111	0.11111	0.11111	0.11111
727	2431	0.11111	373.11111	0.11111	0.11111	0.11111	0.11111	0.11111	0.11111	0.11111
728	2373	0.11111	373.11111	0.11111	0.11111	0.11111	0.11111	0.11111	0.11111	0.11111
729	2548	0.11111	0.11111	0.11111	0.11111	0.11111	0.11111	0.11111	0.11111	373.11111
730	2085	0.11111	373.11111	0.11111	0.11111	0.11111	0.11111	0.11111	0.11111	0.11111
731	2382	373.11111	0.11111	0.11111	0.11111	0.11111	0.11111	0.11111	0.11111	0.11111
732	2263	0.11111	373.11111	0.11111	0.11111	0.11111	0.11111	0.11111	0.11111	0.11111
733	2595	0.11111	0.11111	0.11111	0.11111	0.11111	0.11111	0.11111	373.11111	0.11111
734	1924	0.11111	0.11111	0.11111	373.11111	0.11111	0.11111	0.11111	0.11111	0.11111
735	2388	0.11111	373.11111	0.11111	0.11111	0.11111	0.11111	0.11111	0.11111	0.11111
736	2565	0.11111	0.11111	0.11111	0.11111	0.11111	0.11111	373.11111	0.11111	0.11111
737	563	0.11111	0.11111	373.11111	0.11111	0.11111	0.11111	0.11111	0.11111	0.11111
738	1967	0.11111	0.11111	373.11111	0.11111	0.11111	0.11111	0.11111	0.11111	0.11111
739	2483	0.11111	0.11111	0.11111	0.11111	0.11111	0.11111	0.11111	373.11111	0.11111
740	2634	0.11111	0.11111	373.11111	0.11111	0.11111	0.11111	0.11111	0.11111	0.11111
741	2204	0.11111	0.11111	373.11111	0.11111	0.11111	0.11111	0.11111	0.11111	0.11111
742	2168	0.11111	0.11111	373.11111	0.11111	0.11111	0.11111	0.11111	0.11111	0.11111
743	2219	0.11111	373.11111	0.11111	0.11111	0.11111	0.11111	0.11111	0.11111	0.11111
744	2442	0.11111	0.11111	0.11111	0.11111	0.11111	0.11111	0.11111	373.11111	0.11111
745	2437	0.11111	0.11111	373.11111	0.11111	0.11111	0.11111	0.11111	0.11111	0.11111
746	428	0.11111	0.11111	373.11111	0.11111	0.11111	0.11111	0.11111	0.11111	0.11111
