0	2290	0.000	0.000	0.000	0.000	0.958	0.000	0.035	0.000	0.006
1	2363	0.000	0.000	0.000	0.000	0.973	0.000	0.012	0.006	0.007
2	2346	0.998	0.000	0.000	0.000	0.000	0.000	0.000	0.000	0.000
3	2025	0.998	0.000	0.000	0.000	0.000	0.000	0.000	0.000	0.000
4	2140	0.000	0.000	0.000	0.000	0.966	0.000	0.025	0.006	0.000
5	2428	0.000	0.000	0.000	0.000	0.911	0.000	0.037	0.036	0.014
6	2201	0.000	0.000	0.000	0.000	0.942	0.000	0.045	0.012	0.000
7	2506	0.000	0.000	0.000	0.000	0.000	0.000	0.964	0.034	0.000
8	2425	0.000	0.031	0.966	0.000	0.000	0.000	0.000	0.000	0.000
9	2557	0.000	0.041	0.957	0.000	0.000	0.000	0.000	0.000	0.000
10	2532	0.000	0.000	0.000	0.000	0.988	0.000	0.000	0.010	0.000
11	2073	0.000	0.000	0.000	0.000	0.923	0.000	0.048	0.022	0.005
12	2278	0.000	0.000	0.000	0.031	0.901	0.000	0.060	0.006	0.000
13	2551	0.000	0.000	0.000	0.019	0.925	0.000	0.046	0.000	0.009
14	2077	0.000	0.000	0.000	0.000	0.989	0.000	0.009	0.000	0.000
15	2369	0.000	0.000	0.000	0.000	0.923	0.000	0.059	0.006	0.011
16	1465	0.000	0.000	0.000	0.936	0.000	0.062	0.000	0.000	0.000
17	2592	0.000	0.000	0.000	0.853	0.000	0.145	0.000	0.000	0.000
18	2046	0.000	0.000	0.000	0.000	0.937	0.000	0.052	0.000	0.009
19	1941	0.000	0.000	0.000	0.498	0.000	0.047	0.000	0.000	0.453
20	2518	0.000	0.000	0.055	0.000	0.000	0.896	0.000	0.048	0.000
21	2132	0.000	0.000	0.000	0.000	0.000	0.998	0.000	0.000	0.000
22	2650	0.000	0.000	0.000	0.998	0.000	0.000	0.000	0.000	0.000
23	2207	0.000	0.000	0.000	0.806	0.000	0.000	0.000	0.192	0.000
24	2553	0.000	0.000	0.000	0.000	0.943	0.000	0.043	0.012	0.000
25	2078	0.000	0.000	0.000	0.000	0.911	0.000	0.056	0.023	0.008
26	2203	0.000	0.000	0.105	0.893	0.000	0.000	0.000	0.000	0.000
27	2143	0.161	0.000	0.041	0.796	0.000	0.000	0.000	0.000	0.000
28	2224	0.000	0.000	0.019	0.899	0.000	0.081	0.000	0.000	0.000
29	2510	0.000	0.000	0.000	0.876	0.000	0.122	0.000	0.000	0.000
30	2240	0.000	0.000	0.000	0.000	0.930	0.000	0.037	0.025	0.007
31	2563	0.000	0.000	0.000	0.000	0.960	0.000	0.009	0.000	0.029
32	2122	0.000	0.000	0.000	0.000	0.976	0.000	0.022	0.000	0.000
33	2118	0.000	0.000	0.000	0.000	0.942	0.000	0.033	0.013	0.010
34	1944	0.000	0.000	0.998	0.000	0.000	0.000	0.000	0.000	0.000
35	2117	0.000	0.038	0.138	0.726	0.000	0.096	0.000	0.000	0.000
36	2611	0.000	0.000	0.000	0.000	0.852	0.000	0.049	0.091	0.006
37	2184	0.000	0.000	0.000	0.000	0.930	0.000	0.028	0.032	0.008
38	2354	0.000	0.000	0.000	0.000	0.945	0.000	0.035	0.000	0.018
39	2169	0.000	0.000	0.011	0.878	0.000	0.109	0.000	0.000	0.000
40	2283	0.000	0.032	0.021	0.791	0.000	0.154	0.000	0.000	0.000
41	2620	0.998	0.000	0.000	0.000	0.000	0.000	0.000	0.000	0.000
42	1998	0.998	0.000	0.000	0.000	0.000	0.000	0.000	0.000	0.000
43	2654	0.000	0.000	0.000	0.000	0.984	0.000	0.007	0.000	0.008
44	2646	0.000	0.000	0.000	0.000	0.906	0.000	0.000	0.032	0.060
45	2228	0.000	0.998	0.000	0.000	0.000	0.000	0.000	0.000	0.000
46	2082	0.000	0.998	0.000	0.000	0.000	0.000	0.000	0.000	0.000
47	1979	0.000	0.000	0.000	0.000	0.926	0.000	0.042	0.014	0.016
48	2484	0.000	0.000	0.000	0.000	0.973	0.000	0.017	0.000	0.008
49	2257	0.000	0.000	0.000	0.000	0.937	0.000	0.034	0.013	0.015
50	2005	0.000	0.000	0.000	0.000	0.957	0.000	0.034	0.000	0.007
51	2560	0.000	0.000	0.000	0.043	0.896	0.012	0.036	0.000	0.013
52	1962	0.000	0.000	0.000	0.000	0.942	0.000	0.045	0.011	0.000
53	2206	0.000	0.000	0.000	0.000	0.918	0.000	0.045	0.025	0.011
54	2520	0.000	0.000	0.000	0.000	0.947	0.000	0.032	0.019	0.000
55	2104	0.000	0.000	0.000	0.000	0.952	0.000	0.029	0.008	0.010
56	2602	0.000	0.000	0.000	0.000	0.913	0.000	0.042	0.037	0.006
57	2521	0.000	0.000	0.000	0.000	0.938	0.000	0.045	0.000	0.015
58	2233	0.000	0.000	0.011	0.058	0.863	0.000	0.044	0.011	0.012
59	2200	0.000	0.000	0.000	0.000	0.950	0.000	0.024	0.023	0.001
60	2294	0.000	0.000	0.019	0.688	0.000	0.292	0.000	0.000	0.000
61	1981	0.000	0.000	0.000	0.000	0.000	0.998	0.000	0.000	0.000
62	2187	0.000	0.000	0.000	0.934	0.000	0.063	0.000	0.000	0.000
63	1916	0.000	0.000	0.190	0.000	0.000	0.808	0.000	0.000	0.000
64	1945	0.000	0.000	0.008	0.842	0.000	0.148	0.000	0.000	0.000
65	1959	0.000	0.000	0.009	0.736	0.000	0.254	0.000	0.000	0.000
66	1971	0.000	0.000	0.000	0.000	0.926	0.000	0.048	0.007	0.017
67	2436	0.000	0.000	0.000	0.935	0.000	0.063	0.000	0.000	0.000
68	2042	0.000	0.000	0.000	0.974	0.000	0.024	0.000	0.000	0.000
69	2084	0.000	0.000	0.000	0.000	0.856	0.000	0.043	0.099	0.000
70	2624	0.000	0.011	0.000	0.000	0.943	0.000	0.028	0.000	0.017
71	2364	0.998	0.000	0.000	0.000	0.000	0.000	0.000	0.000	0.000
72	1991	0.998	0.000	0.000	0.000	0.000	0.000	0.000	0.000	0.000
73	2110	0.000	0.000	0.000	0.000	0.000	0.998	0.000	0.000	0.000
74	2029	0.000	0.033	0.481	0.000	0.000	0.484	0.000	0.000	0.000
75	2607	0.000	0.000	0.000	0.000	0.944	0.000	0.027	0.016	0.012
76	2649	0.000	0.000	0.020	0.883	0.000	0.095	0.000	0.000	0.000
77	2087	0.000	0.000	0.008	0.916	0.000	0.074	0.000	0.000	0.000
78	2188	0.000	0.000	0.000	0.000	0.939	0.000	0.027	0.025	0.008
79	2477	0.000	0.000	0.000	0.000	0.998	0.000	0.000	0.000	0.000
80	2386	0.000	0.000	0.000	0.000	0.975	0.000	0.015	0.008	0.000
81	2543	0.000	0.000	0.011	0.420	0.000	0.037	0.487	0.000	0.044
82	2604	0.000	0.000	0.000	0.000	0.924	0.000	0.037	0.009	0.029
83	2561	0.000	0.000	0.000	0.000	0.903	0.000	0.054	0.031	0.011
84	2433	0.000	0.000	0.000	0.000	0.941	0.000	0.043	0.000	0.014
85	2496	0.000	0.000	0.000	0.998	0.000	0.000	0.000	0.000	0.000
86	2153	0.000	0.000	0.009	0.923	0.000	0.067	0.000	0.000	0.000
87	2536	0.000	0.000	0.000	0.035	0.000	0.000	0.917	0.046	0.000
88	2482	0.000	0.000	0.000	0.000	0.926	0.000	0.039	0.022	0.012
89	2512	0.000	0.000	0.041	0.732	0.000	0.110	0.000	0.115	0.000
90	2010	0.000	0.000	0.103	0.895	0.000	0.000	0.000	0.000	0.000
91	2103	0.000	0.000	0.000	0.000	0.936	0.000	0.027	0.022	0.013
92	2253	0.000	0.000	0.000	0.000	0.951	0.000	0.033	0.007	0.007
93	2500	0.000	0.000	0.000	0.000	0.962	0.000	0.035	0.000	0.000
94	2063	0.000	0.000	0.000	0.000	0.946	0.010	0.008	0.014	0.021
95	2509	0.000	0.000	0.009	0.670	0.000	0.320	0.000	0.000	0.000
96	2399	0.000	0.000	0.036	0.719	0.000	0.243	0.000	0.000	0.000
97	2150	0.000	0.000	0.000	0.000	0.921	0.000	0.050	0.011	0.017
98	2030	0.000	0.000	0.000	0.000	0.936	0.000	0.045	0.006	0.011
99	2374	0.000	0.000	0.000	0.000	0.960	0.000	0.038	0.000	0.000
100	1986	0.000	0.000	0.000	0.000	0.929	0.000	0.041	0.029	0.000
101	2630	0.000	0.000	0.000	0.000	0.937	0.000	0.049	0.006	0.006
102	2376	0.000	0.000	0.000	0.000	0.921	0.000	0.047	0.024	0.006
103	2326	0.000	0.000	0.000	0.000	0.968	0.000	0.023	0.006	0.000
104	2172	0.000	0.000	0.000	0.000	0.917	0.000	0.048	0.025	0.009
105	2133	0.000	0.073	0.186	0.677	0.000	0.063	0.000	0.000	0.000
106	2296	0.000	0.247	0.751	0.000	0.000	0.000	0.000	0.000	0.000
107	2626	0.998	0.000	0.000	0.000	0.000	0.000	0.000	0.000	0.000
108	2097	0.998	0.000	0.000	0.000	0.000	0.000	0.000	0.000	0.000
109	2093	0.000	0.000	0.000	0.000	0.945	0.000	0.023	0.017	0.013
110	2391	0.000	0.000	0.000	0.000	0.000	0.000	0.000	0.998	0.000
111	2275	0.000	0.000	0.000	0.000	0.953	0.000	0.022	0.008	0.015
112	1984	0.000	0.000	0.000	0.000	0.921	0.000	0.054	0.018	0.006
113	2347	0.000	0.000	0.000	0.377	0.570	0.021	0.024	0.000	0.007
114	2550	0.000	0.000	0.000	0.000	0.907	0.000	0.058	0.018	0.015
115	2047	0.000	0.207	0.150	0.634	0.000	0.008	0.000	0.000	0.000
116	1932	0.000	0.000	0.000	0.973	0.000	0.025	0.000	0.000	0.000
117	2655	0.000	0.000	0.000	0.000	0.985	0.000	0.006	0.007	0.000
118	1994	0.000	0.000	0.000	0.998	0.000	0.000	0.000	0.000	0.000
119	2292	0.000	0.000	0.028	0.869	0.000	0.101	0.000	0.000	0.000
120	2109	0.000	0.000	0.000	0.000	0.942	0.000	0.056	0.000	0.000
121	2040	0.000	0.000	0.000	0.000	0.000	0.000	0.907	0.026	0.066
122	2086	0.000	0.000	0.000	0.000	0.945	0.000	0.000	0.000	0.053
123	2460	0.000	0.000	0.000	0.000	0.924	0.000	0.049	0.018	0.008
124	2597	0.000	0.010	0.000	0.943	0.000	0.045	0.000	0.000	0.000
125	2282	0.000	0.007	0.008	0.722	0.000	0.262	0.000	0.000	0.000
126	2511	0.000	0.000	0.008	0.714	0.000	0.277	0.000	0.000	0.000
127	2598	0.000	0.000	0.007	0.807	0.000	0.184	0.000	0.000	0.000
128	2638	0.000	0.000	0.000	0.000	0.972	0.000	0.026	0.000	0.000
129	2390	0.000	0.000	0.000	0.000	0.000	0.998	0.000	0.000	0.000
130	2096	0.000	0.000	0.000	0.000	0.000	0.998	0.000	0.000	0.000
131	2218	0.000	0.000	0.000	0.000	0.911	0.000	0.040	0.047	0.001
132	1917	0.000	0.000	0.000	0.000	0.937	0.000	0.038	0.022	0.001
133	2353	0.000	0.000	0.000	0.000	0.948	0.000	0.037	0.013	0.000
134	2625	0.000	0.000	0.000	0.000	0.958	0.000	0.029	0.006	0.006
135	2194	0.000	0.000	0.011	0.923	0.000	0.065	0.000	0.000	0.000
136	2289	0.000	0.065	0.199	0.710	0.000	0.024	0.000	0.000	0.000
137	2323	0.000	0.000	0.000	0.000	0.934	0.000	0.046	0.008	0.010
138	2410	0.000	0.000	0.000	0.000	0.902	0.000	0.039	0.046	0.011
139	2631	0.000	0.000	0.000	0.000	0.897	0.000	0.064	0.037	0.000
140	2111	0.000	0.000	0.012	0.763	0.000	0.224	0.000	0.000	0.000
141	2062	0.000	0.000	0.000	0.390	0.000	0.564	0.000	0.045	0.000
142	2059	0.000	0.000	0.000	0.000	0.949	0.000	0.039	0.000	0.011
143	1938	0.000	0.000	0.000	0.000	0.931	0.000	0.039	0.018	0.010
144	2060	0.000	0.000	0.000	0.000	0.000	0.021	0.963	0.014	0.000
145	1939	0.000	0.000	0.000	0.000	0.000	0.998	0.000	0.000	0.000
146	2264	0.000	0.000	0.000	0.745	0.000	0.253	0.000	0.000	0.000
147	2574	0.000	0.000	0.000	0.000	0.935	0.000	0.053	0.000	0.010
148	2579	0.000	0.000	0.000	0.000	0.969	0.000	0.029	0.000	0.000
149	2419	0.000	0.000	0.304	0.000	0.000	0.694	0.000	0.000	0.000
150	2491	0.000	0.000	0.010	0.861	0.000	0.128	0.000	0.000	0.000
151	2468	0.000	0.000	0.006	0.174	0.000	0.026	0.755	0.003	0.035
152	2615	0.000	0.000	0.000	0.000	0.947	0.000	0.035	0.011	0.006
153	2507	0.000	0.000	0.000	0.000	0.925	0.000	0.031	0.032	0.010
154	2564	0.000	0.000	0.000	0.000	0.937	0.000	0.027	0.017	0.018
155	2420	0.000	0.000	0.000	0.998	0.000	0.000	0.000	0.000	0.000
156	1929	0.000	0.000	0.000	0.000	0.970	0.000	0.028	0.000	0.000
157	2154	0.000	0.000	0.000	0.000	0.946	0.000	0.020	0.026	0.006
158	1925	0.000	0.000	0.000	0.000	0.921	0.009	0.051	0.014	0.003
159	1940	0.000	0.000	0.046	0.952	0.000	0.000	0.000	0.000	0.000
160	2329	0.000	0.000	0.000	0.009	0.938	0.000	0.051	0.000	0.000
161	2469	0.000	0.000	0.000	0.000	0.958	0.000	0.032	0.000	0.008
162	2229	0.000	0.000	0.000	0.000	0.878	0.013	0.049	0.044	0.014
163	2552	0.000	0.000	0.000	0.000	0.961	0.000	0.010	0.028	0.000
164	1993	0.000	0.000	0.000	0.000	0.921	0.000	0.052	0.006	0.020
165	2032	0.000	0.000	0.023	0.838	0.000	0.137	0.000	0.000	0.000
166	2485	0.000	0.000	0.000	0.000	0.958	0.000	0.032	0.000	0.008
167	2395	0.000	0.000	0.000	0.000	0.910	0.000	0.065	0.015	0.009
168	2339	0.000	0.000	0.000	0.000	0.929	0.000	0.028	0.041	0.000
169	1989	0.000	0.000	0.000	0.000	0.923	0.000	0.063	0.013	0.000
170	2243	0.000	0.000	0.000	0.000	0.000	0.998	0.000	0.000	0.000
171	2434	0.000	0.000	0.025	0.000	0.000	0.973	0.000	0.000	0.000
172	2126	0.000	0.998	0.000	0.000	0.000	0.000	0.000	0.000	0.000
173	2408	0.000	0.000	0.000	0.000	0.964	0.000	0.027	0.000	0.007
174	2121	0.000	0.000	0.000	0.000	0.939	0.000	0.033	0.017	0.010
175	2453	0.000	0.785	0.000	0.000	0.000	0.213	0.000	0.000	0.000
176	2214	0.000	0.998	0.000	0.000	0.000	0.000	0.000	0.000	0.000
177	2633	0.998	0.000	0.000	0.000	0.000	0.000	0.000	0.000	0.000
178	2526	0.000	0.000	0.000	0.000	0.850	0.000	0.037	0.097	0.014
179	2430	0.000	0.000	0.000	0.000	0.941	0.000	0.012	0.033	0.011
180	1964	0.000	0.446	0.296	0.255	0.000	0.000	0.000	0.000	0.000
181	2064	0.000	0.000	0.000	0.000	0.936	0.000	0.027	0.024	0.011
182	2407	0.000	0.000	0.000	0.000	0.962	0.000	0.023	0.000	0.013
183	2317	0.000	0.998	0.000	0.000	0.000	0.000	0.000	0.000	0.000
184	2412	0.000	0.998	0.000	0.000	0.000	0.000	0.000	0.000	0.000
185	2406	0.000	0.460	0.538	0.000	0.000	0.000	0.000	0.000	0.000
186	2112	0.000	0.000	0.000	0.000	0.926	0.000	0.045	0.026	0.001
187	2404	0.000	0.000	0.000	0.000	0.917	0.000	0.036	0.045	0.000
188	2135	0.000	0.000	0.000	0.998	0.000	0.000	0.000	0.000	0.000
189	2498	0.000	0.000	0.203	0.795	0.000	0.000	0.000	0.000	0.000
190	2302	0.009	0.010	0.017	0.946	0.000	0.000	0.000	0.000	0.017
191	2629	0.008	0.000	0.009	0.935	0.000	0.046	0.000	0.000	0.000
192	2351	0.000	0.000	0.022	0.947	0.000	0.029	0.000	0.000	0.000
193	2212	0.000	0.000	0.000	0.000	0.959	0.000	0.031	0.000	0.008
194	2123	0.000	0.000	0.000	0.000	0.926	0.000	0.035	0.026	0.011
195	2053	0.000	0.000	0.000	0.776	0.000	0.222	0.000	0.000	0.000
196	2254	0.000	0.000	0.033	0.882	0.000	0.083	0.000	0.000	0.000
197	2271	0.000	0.000	0.000	0.000	0.940	0.000	0.035	0.018	0.006
198	2199	0.000	0.018	0.012	0.728	0.000	0.240	0.000	0.000	0.000
199	2054	0.000	0.000	0.014	0.727	0.000	0.258	0.000	0.000	0.000
200	2018	0.998	0.000	0.000	0.000	0.000	0.000	0.000	0.000	0.000
201	2636	0.998	0.000	0.000	0.000	0.000	0.000	0.000	0.000	0.000
202	2371	0.000	0.998	0.000	0.000	0.000	0.000	0.000	0.000	0.000
203	2166	0.000	0.998	0.000	0.000	0.000	0.000	0.000	0.000	0.000
204	2033	0.000	0.000	0.000	0.000	0.955	0.000	0.031	0.006	0.006
205	2608	0.000	0.000	0.000	0.749	0.000	0.249	0.000	0.000	0.000
206	2567	0.000	0.000	0.000	0.959	0.000	0.030	0.000	0.000	0.009
207	2338	0.000	0.000	0.000	0.942	0.000	0.056	0.000	0.000	0.000
208	1954	0.253	0.000	0.000	0.679	0.000	0.066	0.000	0.000	0.000
209	2555	0.000	0.000	0.009	0.902	0.000	0.088	0.000	0.000	0.000
210	2138	0.000	0.000	0.017	0.931	0.000	0.050	0.000	0.000	0.000
211	2357	0.000	0.998	0.000	0.000	0.000	0.000	0.000	0.000	0.000
212	2152	0.000	0.998	0.000	0.000	0.000	0.000	0.000	0.000	0.000
213	2372	0.000	0.000	0.000	0.964	0.000	0.034	0.000	0.000	0.000
214	2189	0.000	0.000	0.000	0.732	0.000	0.023	0.000	0.243	0.000
215	2590	0.000	0.000	0.000	0.000	0.939	0.000	0.026	0.022	0.010
216	2359	0.000	0.000	0.000	0.000	0.976	0.000	0.022	0.000	0.000
217	2020	0.000	0.000	0.000	0.000	0.931	0.000	0.054	0.011	0.003
218	2467	0.000	0.000	0.000	0.000	0.949	0.000	0.032	0.000	0.017
219	2266	0.000	0.000	0.000	0.000	0.818	0.034	0.042	0.102	0.003
220	2558	0.000	0.569	0.000	0.000	0.000	0.000	0.000	0.000	0.429
221	2375	0.000	0.000	0.000	0.000	0.000	0.000	0.000	0.000	0.998
222	1947	0.000	0.000	0.049	0.000	0.000	0.949	0.000	0.000	0.000
223	2432	0.000	0.000	0.000	0.000	0.000	0.998	0.000	0.000	0.000
224	2660	0.998	0.000	0.000	0.000	0.000	0.000	0.000	0.000	0.000
225	2640	0.998	0.000	0.000	0.000	0.000	0.000	0.000	0.000	0.000
226	2601	0.000	0.000	0.000	0.000	0.921	0.000	0.044	0.000	0.033
227	2069	0.000	0.000	0.000	0.000	0.886	0.000	0.055	0.057	0.000
228	2327	0.000	0.000	0.009	0.669	0.000	0.319	0.000	0.000	0.000
229	1928	0.998	0.000	0.000	0.000	0.000	0.000	0.000	0.000	0.000
230	2360	0.000	0.998	0.000	0.000	0.000	0.000	0.000	0.000	0.000
231	2156	0.000	0.998	0.000	0.000	0.000	0.000	0.000	0.000	0.000
232	2101	0.000	0.000	0.000	0.000	0.000	0.998	0.000	0.000	0.000
233	2095	0.000	0.000	0.007	0.000	0.950	0.000	0.034	0.000	0.007
234	2125	0.000	0.000	0.029	0.821	0.000	0.149	0.000	0.000	0.000
235	2124	0.000	0.000	0.000	0.000	0.966	0.000	0.019	0.013	0.000
236	2538	0.998	0.000	0.000	0.000	0.000	0.000	0.000	0.000	0.000
237	2447	0.998	0.000	0.000	0.000	0.000	0.000	0.000	0.000	0.000
238	2297	0.998	0.000	0.000	0.000	0.000	0.000	0.000	0.000	0.000
239	2659	0.734	0.264	0.000	0.000	0.000	0.000	0.000	0.000	0.000
240	2142	0.000	0.000	0.000	0.000	0.835	0.043	0.045	0.072	0.004
241	2414	0.000	0.000	0.000	0.000	0.946	0.000	0.034	0.017	0.001
242	2324	0.000	0.000	0.000	0.000	0.914	0.016	0.048	0.000	0.021
243	2334	0.000	0.000	0.000	0.000	0.873	0.000	0.000	0.092	0.033
244	2397	0.000	0.998	0.000	0.000	0.000	0.000	0.000	0.000	0.000
245	1978	0.000	0.998	0.000	0.000	0.000	0.000	0.000	0.000	0.000
246	2429	0.000	0.000	0.000	0.000	0.000	0.024	0.000	0.497	0.476
247	2300	0.000	0.000	0.000	0.000	0.000	0.000	0.752	0.208	0.038
248	2606	0.000	0.000	0.000	0.000	0.952	0.000	0.046	0.000	0.000
249	2276	0.000	0.000	0.000	0.000	0.943	0.000	0.042	0.000	0.014
250	2554	0.000	0.000	0.000	0.000	0.986	0.000	0.012	0.000	0.000
251	2258	0.000	0.000	0.000	0.000	0.913	0.000	0.000	0.037	0.048
252	2331	0.000	0.000	0.000	0.000	0.926	0.000	0.050	0.023	0.000
253	1942	0.000	0.000	0.000	0.000	0.000	0.000	0.000	0.998	0.000
254	2584	0.000	0.000	0.000	0.000	0.000	0.000	0.000	0.998	0.000
255	2517	0.000	0.998	0.000	0.000	0.000	0.000	0.000	0.000	0.000
256	2192	0.998	0.000	0.000	0.000	0.000	0.000	0.000	0.000	0.000
257	2090	0.000	0.000	0.000	0.000	0.937	0.000	0.038	0.016	0.007
258	2340	0.000	0.000	0.000	0.000	0.940	0.000	0.037	0.010	0.011
259	2127	0.010	0.000	0.057	0.859	0.000	0.072	0.000	0.000	0.000
260	1943	0.000	0.000	0.000	0.000	0.915	0.000	0.038	0.045	0.000
261	2586	0.000	0.000	0.000	0.000	0.948	0.000	0.028	0.000	0.023
262	2116	0.826	0.000	0.171	0.000	0.000	0.000	0.000	0.000	0.000
263	2365	0.998	0.000	0.000	0.000	0.000	0.000	0.000	0.000	0.000
264	2523	0.000	0.998	0.000	0.000	0.000	0.000	0.000	0.000	0.000
265	2158	0.000	0.998	0.000	0.000	0.000	0.000	0.000	0.000	0.000
266	1985	0.000	0.000	0.000	0.123	0.806	0.000	0.032	0.031	0.006
267	2279	0.000	0.000	0.000	0.915	0.000	0.083	0.000	0.000	0.000
268	1948	0.000	0.000	0.000	0.932	0.000	0.066	0.000	0.000	0.000
269	1957	0.998	0.000	0.000	0.000	0.000	0.000	0.000	0.000	0.000
270	2648	0.998	0.000	0.000	0.000	0.000	0.000	0.000	0.000	0.000
271	1946	0.000	0.000	0.000	0.000	0.937	0.000	0.045	0.007	0.010
272	2337	0.998	0.000	0.000	0.000	0.000	0.000	0.000	0.000	0.000
273	2225	0.998	0.000	0.000	0.000	0.000	0.000	0.000	0.000	0.000
274	2016	0.998	0.000	0.000	0.000	0.000	0.000	0.000	0.000	0.000
275	2244	0.000	0.000	0.000	0.000	0.924	0.000	0.042	0.014	0.018
276	2348	0.000	0.000	0.000	0.000	0.928	0.000	0.042	0.000	0.028
277	2600	0.000	0.000	0.000	0.000	0.929	0.000	0.041	0.022	0.007
278	2593	0.000	0.000	0.000	0.000	0.969	0.000	0.023	0.000	0.006
279	2056	0.000	0.000	0.000	0.000	0.798	0.000	0.049	0.151	0.000
280	2396	0.015	0.000	0.000	0.000	0.000	0.983	0.000	0.000	0.000
281	1952	0.000	0.000	0.135	0.000	0.000	0.800	0.000	0.063	0.000
282	2458	0.000	0.000	0.000	0.766	0.000	0.232	0.000	0.000	0.000
283	2489	0.000	0.000	0.000	0.000	0.932	0.000	0.000	0.015	0.051
284	1983	0.000	0.000	0.000	0.000	0.884	0.000	0.028	0.086	0.000
285	2328	0.000	0.000	0.034	0.646	0.000	0.318	0.000	0.000	0.000
286	2394	0.000	0.000	0.000	0.000	0.000	0.998	0.000	0.000	0.000
287	1718	0.000	0.000	0.024	0.869	0.000	0.105	0.000	0.000	0.000
288	2333	0.000	0.000	0.000	0.716	0.000	0.282	0.000	0.000	0.000
289	2446	0.000	0.000	0.000	0.000	0.958	0.000	0.040	0.000	0.000
290	1997	0.000	0.000	0.000	0.000	0.966	0.000	0.032	0.000	0.000
291	1955	0.000	0.000	0.000	0.904	0.000	0.094	0.000	0.000	0.000
292	1920	0.000	0.000	0.000	0.948	0.000	0.050	0.000	0.000	0.000
293	2074	0.000	0.000	0.000	0.000	0.972	0.000	0.026	0.000	0.000
294	1926	0.000	0.079	0.086	0.684	0.000	0.149	0.000	0.000	0.000
295	2570	0.000	0.998	0.000	0.000	0.000	0.000	0.000	0.000	0.000
296	2647	0.998	0.000	0.000	0.000	0.000	0.000	0.000	0.000	0.000
297	2435	0.998	0.000	0.000	0.000	0.000	0.000	0.000	0.000	0.000
298	2213	0.000	0.000	0.000	0.000	0.945	0.000	0.042	0.011	0.000
299	2464	0.000	0.000	0.000	0.000	0.935	0.000	0.053	0.000	0.011
300	2335	0.000	0.998	0.000	0.000	0.000	0.000	0.000	0.000	0.000
301	1960	0.000	0.998	0.000	0.000	0.000	0.000	0.000	0.000	0.000
302	2392	0.000	0.000	0.000	0.000	0.918	0.023	0.046	0.000	0.012
303	2549	0.000	0.000	0.000	0.000	0.965	0.000	0.033	0.000	0.000
304	2131	0.000	0.000	0.000	0.000	0.919	0.006	0.042	0.024	0.008
305	2309	0.000	0.000	0.000	0.000	0.903	0.000	0.041	0.041	0.014
306	2092	0.000	0.000	0.000	0.000	0.000	0.000	0.000	0.998	0.000
307	2165	0.000	0.000	0.000	0.000	0.914	0.000	0.059	0.017	0.008
308	2149	0.000	0.000	0.042	0.863	0.000	0.093	0.000	0.000	0.000
309	2007	0.000	0.000	0.014	0.723	0.000	0.099	0.000	0.126	0.037
310	2445	0.000	0.000	0.000	0.949	0.000	0.034	0.000	0.015	0.000
311	2306	0.000	0.000	0.000	0.000	0.979	0.000	0.009	0.000	0.010
312	2043	0.000	0.000	0.000	0.000	0.944	0.000	0.024	0.017	0.013
313	2535	0.000	0.208	0.790	0.000	0.000	0.000	0.000	0.000	0.000
314	2492	0.000	0.000	0.000	0.000	0.945	0.000	0.030	0.009	0.015
315	2361	0.000	0.998	0.000	0.000	0.000	0.000	0.000	0.000	0.000
316	2280	0.000	0.000	0.000	0.000	0.000	0.998	0.000	0.000	0.000
317	2619	0.000	0.000	0.000	0.000	0.933	0.000	0.046	0.011	0.009
318	2385	0.000	0.000	0.000	0.979	0.000	0.000	0.000	0.000	0.019
319	2530	0.000	0.000	0.037	0.884	0.000	0.000	0.000	0.000	0.077
320	1913	0.000	0.000	0.998	0.000	0.000	0.000	0.000	0.000	0.000
321	2542	0.000	0.000	0.000	0.000	0.892	0.029	0.037	0.038	0.002
322	2246	0.000	0.000	0.017	0.758	0.000	0.223	0.000	0.000	0.000
323	2002	0.000	0.000	0.043	0.750	0.000	0.205	0.000	0.000	0.000
324	1972	0.998	0.000	0.000	0.000	0.000	0.000	0.000	0.000	0.000
325	2242	0.000	0.029	0.781	0.000	0.000	0.111	0.078	0.000	0.000
326	2416	0.000	0.000	0.998	0.000	0.000	0.000	0.000	0.000	0.000
327	2071	0.000	0.000	0.000	0.943	0.000	0.039	0.000	0.000	0.016
328	2102	0.012	0.000	0.068	0.865	0.000	0.053	0.000	0.000	0.000
329	2616	0.016	0.000	0.108	0.813	0.000	0.062	0.000	0.000	0.000
330	2176	0.000	0.021	0.347	0.000	0.000	0.630	0.000	0.000	0.000
331	2267	0.000	0.000	0.014	0.843	0.000	0.142	0.000	0.000	0.000
332	2068	0.000	0.000	0.000	0.841	0.000	0.157	0.000	0.000	0.000
333	1577	0.000	0.000	0.046	0.870	0.000	0.082	0.000	0.000	0.000
334	2370	0.000	0.000	0.000	0.000	0.952	0.000	0.026	0.000	0.020
335	2237	0.000	0.000	0.000	0.000	0.947	0.000	0.025	0.015	0.012
336	2583	0.998	0.000	0.000	0.000	0.000	0.000	0.000	0.000	0.000
337	2378	0.998	0.000	0.000	0.000	0.000	0.000	0.000	0.000	0.000
338	2503	0.000	0.998	0.000	0.000	0.000	0.000	0.000	0.000	0.000
339	2114	0.000	0.998	0.000	0.000	0.000	0.000	0.000	0.000	0.000
340	2260	0.000	0.998	0.000	0.000	0.000	0.000	0.000	0.000	0.000
341	2307	0.000	0.000	0.000	0.000	0.990	0.000	0.008	0.000	0.000
342	2336	0.000	0.000	0.008	0.852	0.000	0.138	0.000	0.000	0.000
343	2120	0.000	0.998	0.000	0.000	0.000	0.000	0.000	0.000	0.000
344	2105	0.000	0.998	0.000	0.000	0.000	0.000	0.000	0.000	0.000
345	2161	0.000	0.000	0.000	0.000	0.000	0.998	0.000	0.000	0.000
346	2287	0.000	0.000	0.000	0.000	0.951	0.000	0.047	0.000	0.000
347	2529	0.050	0.000	0.248	0.700	0.000	0.000	0.000	0.000	0.000
348	1966	0.000	0.000	0.000	0.000	0.877	0.000	0.048	0.073	0.000
349	2285	0.000	0.000	0.000	0.932	0.000	0.065	0.000	0.000	0.000
350	2247	0.000	0.000	0.060	0.759	0.000	0.180	0.000	0.000	0.000
351	2261	0.000	0.000	0.000	0.000	0.948	0.000	0.049	0.000	0.000
352	2504	0.000	0.000	0.000	0.000	0.991	0.000	0.000	0.007	0.000
353	2495	0.000	0.000	0.000	0.000	0.969	0.000	0.015	0.007	0.008
354	2343	0.000	0.000	0.018	0.893	0.000	0.088	0.000	0.000	0.000
355	2487	0.000	0.000	0.998	0.000	0.000	0.000	0.000	0.000	0.000
356	2245	0.000	0.000	0.998	0.000	0.000	0.000	0.000	0.000	0.000
357	1988	0.000	0.000	0.000	0.998	0.000	0.000	0.000	0.000	0.000
358	2466	0.000	0.000	0.000	0.998	0.000	0.000	0.000	0.000	0.000
359	2223	0.000	0.000	0.019	0.877	0.000	0.103	0.000	0.000	0.000
360	2653	0.000	0.000	0.000	0.998	0.000	0.000	0.000	0.000	0.000
361	2164	0.000	0.000	0.000	0.000	0.917	0.000	0.070	0.012	0.000
362	2472	0.174	0.000	0.000	0.824	0.000	0.000	0.000	0.000	0.000
363	2241	0.000	0.000	0.010	0.879	0.000	0.109	0.000	0.000	0.000
364	136	0.277	0.000	0.000	0.711	0.000	0.011	0.000	0.000	0.000
365	2451	0.000	0.000	0.000	0.747	0.000	0.251	0.000	0.000	0.000
366	2050	0.998	0.000	0.000	0.000	0.000	0.000	0.000	0.000	0.000
367	2196	0.000	0.000	0.011	0.935	0.000	0.052	0.000	0.000	0.000
368	2075	0.000	0.000	0.000	0.000	0.000	0.998	0.000	0.000	0.000
369	2501	0.000	0.000	0.000	0.000	0.000	0.907	0.000	0.090	0.000
370	2423	0.000	0.000	0.000	0.000	0.953	0.000	0.032	0.007	0.007
371	2250	0.000	0.000	0.135	0.863	0.000	0.000	0.000	0.000	0.000
372	2180	0.000	0.000	0.000	0.925	0.000	0.073	0.000	0.000	0.000
373	2478	0.000	0.000	0.000	0.000	0.000	0.000	0.000	0.732	0.266
374	2058	0.000	0.000	0.000	0.000	0.000	0.006	0.000	0.490	0.502
375	2183	0.000	0.000	0.000	0.880	0.000	0.118	0.000	0.000	0.000
376	2533	0.011	0.000	0.000	0.987	0.000	0.000	0.000	0.000	0.000
377	2409	0.000	0.000	0.000	0.000	0.945	0.000	0.017	0.014	0.022
378	2582	0.000	0.000	0.036	0.861	0.000	0.101	0.000	0.000	0.000
379	2377	0.000	0.000	0.077	0.000	0.000	0.921	0.000	0.000	0.000
380	2215	0.000	0.000	0.000	0.978	0.000	0.020	0.000	0.000	0.000
381	2197	0.000	0.998	0.000	0.000	0.000	0.000	0.000	0.000	0.000
382	2236	0.000	0.998	0.000	0.000	0.000	0.000	0.000	0.000	0.000
383	2499	0.000	0.000	0.000	0.000	0.000	0.000	0.841	0.157	0.000
384	2322	0.000	0.630	0.368	0.000	0.000	0.000	0.000	0.000	0.000
385	2098	0.000	0.000	0.000	0.000	0.000	0.000	0.998	0.000	0.000
386	2418	0.000	0.000	0.000	0.000	0.989	0.000	0.009	0.000	0.000
387	2381	0.000	0.000	0.000	0.000	0.962	0.000	0.018	0.008	0.010
388	2603	0.000	0.000	0.124	0.000	0.000	0.874	0.000	0.000	0.000
389	2644	0.000	0.998	0.000	0.000	0.000	0.000	0.000	0.000	0.000
390	2417	0.177	0.000	0.000	0.754	0.000	0.068	0.000	0.000	0.000
391	1999	0.998	0.000	0.000	0.000	0.000	0.000	0.000	0.000	0.000
392	2220	0.000	0.000	0.000	0.000	0.960	0.000	0.033	0.000	0.006
393	2578	0.000	0.000	0.000	0.000	0.959	0.000	0.026	0.007	0.007
394	2045	0.000	0.000	0.000	0.000	0.949	0.000	0.048	0.000	0.000
395	1953	0.000	0.000	0.000	0.000	0.963	0.000	0.035	0.000	0.000
396	2028	0.000	0.000	0.070	0.928	0.000	0.000	0.000	0.000	0.000
397	2556	0.000	0.000	0.000	0.000	0.933	0.000	0.032	0.024	0.010
398	2191	0.000	0.000	0.000	0.998	0.000	0.000	0.000	0.000	0.000
399	2235	0.000	0.074	0.000	0.000	0.000	0.924	0.000	0.000	0.000
400	2288	0.000	0.212	0.000	0.000	0.000	0.129	0.000	0.656	0.000
401	1987	0.000	0.000	0.089	0.908	0.000	0.000	0.000	0.000	0.000
402	2475	0.000	0.000	0.013	0.839	0.000	0.146	0.000	0.000	0.000
403	2547	0.000	0.000	0.000	0.838	0.000	0.160	0.000	0.000	0.000
404	2319	0.009	0.000	0.029	0.887	0.000	0.073	0.000	0.000	0.000
405	2617	0.000	0.000	0.000	0.681	0.000	0.317	0.000	0.000	0.000
406	1914	0.998	0.000	0.000	0.000	0.000	0.000	0.000	0.000	0.000
407	2658	0.998	0.000	0.000	0.000	0.000	0.000	0.000	0.000	0.000
408	2163	0.000	0.000	0.183	0.000	0.000	0.727	0.089	0.000	0.000
409	2311	0.000	0.000	0.000	0.000	0.915	0.000	0.042	0.042	0.000
410	2052	0.000	0.000	0.000	0.884	0.000	0.114	0.000	0.000	0.000
411	2594	0.000	0.000	0.014	0.683	0.000	0.284	0.000	0.018	0.000
412	2273	0.000	0.000	0.027	0.827	0.000	0.143	0.000	0.000	0.000
413	2202	0.998	0.000	0.000	0.000	0.000	0.000	0.000	0.000	0.000
414	2222	0.000	0.000	0.000	0.000	0.000	0.998	0.000	0.000	0.000
415	1922	0.000	0.998	0.000	0.000	0.000	0.000	0.000	0.000	0.000
416	2341	0.049	0.949	0.000	0.000	0.000	0.000	0.000	0.000	0.000
417	2139	0.000	0.000	0.000	0.000	0.962	0.000	0.030	0.000	0.006
418	2462	0.000	0.000	0.000	0.000	0.000	0.023	0.925	0.000	0.051
419	2591	0.000	0.000	0.000	0.000	0.964	0.000	0.034	0.000	0.000
420	2628	0.000	0.998	0.000	0.000	0.000	0.000	0.000	0.000	0.000
421	2291	0.000	0.998	0.000	0.000	0.000	0.000	0.000	0.000	0.000
422	2643	0.000	0.000	0.022	0.942	0.000	0.034	0.000	0.000	0.000
423	2293	0.000	0.000	0.000	0.978	0.000	0.000	0.000	0.000	0.020
424	1975	0.000	0.998	0.000	0.000	0.000	0.000	0.000	0.000	0.000
425	1930	0.000	0.998	0.000	0.000	0.000	0.000	0.000	0.000	0.000
426	2516	0.000	0.000	0.040	0.839	0.000	0.120	0.000	0.000	0.000
427	2057	0.000	0.000	0.000	0.973	0.000	0.000	0.000	0.025	0.000
428	2623	0.000	0.000	0.000	0.000	0.911	0.000	0.000	0.039	0.048
429	2006	0.998	0.000	0.000	0.000	0.000	0.000	0.000	0.000	0.000
430	2366	0.000	0.374	0.355	0.000	0.000	0.269	0.000	0.000	0.000
431	2211	0.000	0.215	0.617	0.000	0.000	0.166	0.000	0.000	0.000
432	2352	0.000	0.000	0.000	0.000	0.966	0.000	0.025	0.006	0.000
433	2427	0.000	0.000	0.000	0.160	0.000	0.000	0.000	0.838	0.000
434	1934	0.000	0.998	0.000	0.000	0.000	0.000	0.000	0.000	0.000
435	2299	0.000	0.000	0.000	0.000	0.949	0.000	0.049	0.000	0.000
436	2226	0.000	0.052	0.397	0.000	0.000	0.549	0.000	0.000	0.000
437	2573	0.000	0.000	0.000	0.000	0.928	0.000	0.049	0.009	0.012
438	1923	0.000	0.000	0.998	0.000	0.000	0.000	0.000	0.000	0.000
439	2575	0.000	0.000	0.000	0.000	0.908	0.000	0.068	0.015	0.008
440	2559	0.000	0.000	0.000	0.000	0.959	0.000	0.032	0.000	0.007
441	2368	0.000	0.026	0.016	0.717	0.000	0.239	0.000	0.000	0.000
442	2642	0.000	0.000	0.258	0.641	0.000	0.100	0.000	0.000	0.000
443	2349	0.000	0.000	0.000	0.998	0.000	0.000	0.000	0.000	0.000
444	2384	0.013	0.000	0.035	0.728	0.000	0.223	0.000	0.000	0.000
445	2645	0.998	0.000	0.000	0.000	0.000	0.000	0.000	0.000	0.000
446	2210	0.000	0.000	0.000	0.069	0.900	0.000	0.029	0.000	0.000
447	2159	0.998	0.000	0.000	0.000	0.000	0.000	0.000	0.000	0.000
448	2424	0.000	0.998	0.000	0.000	0.000	0.000	0.000	0.000	0.000
449	2000	0.998	0.000	0.000	0.000	0.000	0.000	0.000	0.000	0.000
450	2157	0.998	0.000	0.000	0.000	0.000	0.000	0.000	0.000	0.000
451	2539	0.000	0.000	0.000	0.000	0.990	0.000	0.000	0.000	0.008
452	2657	0.998	0.000	0.000	0.000	0.000	0.000	0.000	0.000	0.000
453	1935	0.998	0.000	0.000	0.000	0.000	0.000	0.000	0.000	0.000
454	2313	0.000	0.887	0.000	0.000	0.000	0.000	0.000	0.000	0.111
455	2613	0.000	0.000	0.000	0.000	0.998	0.000	0.000	0.000	0.000
456	2356	0.000	0.000	0.000	0.000	0.985	0.000	0.013	0.000	0.000
457	2108	0.000	0.000	0.000	0.000	0.953	0.000	0.039	0.000	0.007
458	2155	0.000	0.000	0.466	0.000	0.000	0.532	0.000	0.000	0.000
459	2144	0.000	0.000	0.000	0.998	0.000	0.000	0.000	0.000	0.000
460	1921	0.998	0.000	0.000	0.000	0.000	0.000	0.000	0.000	0.000
461	2072	0.000	0.000	0.000	0.685	0.000	0.313	0.000	0.000	0.000
462	2461	0.000	0.000	0.010	0.805	0.000	0.184	0.000	0.000	0.000
463	2310	0.000	0.000	0.998	0.000	0.000	0.000	0.000	0.000	0.000
464	2465	0.000	0.000	0.000	0.978	0.000	0.020	0.000	0.000	0.000
465	2083	0.000	0.000	0.000	0.000	0.955	0.000	0.029	0.015	0.000
466	2232	0.000	0.127	0.111	0.620	0.000	0.141	0.000	0.000	0.000
467	1919	0.998	0.000	0.000	0.000	0.000	0.000	0.000	0.000	0.000
468	1951	0.998	0.000	0.000	0.000	0.000	0.000	0.000	0.000	0.000
469	2026	0.000	0.000	0.012	0.748	0.000	0.104	0.135	0.000	0.000
470	2270	0.000	0.000	0.998	0.000	0.000	0.000	0.000	0.000	0.000
471	2011	0.998	0.000	0.000	0.000	0.000	0.000	0.000	0.000	0.000
472	1995	0.998	0.000	0.000	0.000	0.000	0.000	0.000	0.000	0.000
473	2639	0.998	0.000	0.000	0.000	0.000	0.000	0.000	0.000	0.000
474	1965	0.000	0.998	0.000	0.000	0.000	0.000	0.000	0.000	0.000
475	1918	0.000	0.000	0.000	0.000	0.951	0.000	0.040	0.000	0.007
476	2208	0.000	0.000	0.000	0.789	0.000	0.000	0.000	0.000	0.209
477	2308	0.000	0.000	0.000	0.000	0.950	0.000	0.027	0.000	0.021
478	1931	0.998	0.000	0.000	0.000	0.000	0.000	0.000	0.000	0.000
479	2221	0.000	0.000	0.000	0.000	0.000	0.998	0.000	0.000	0.000
480	2027	0.998	0.000	0.000	0.000	0.000	0.000	0.000	0.000	0.000
481	2081	0.000	0.000	0.000	0.737	0.000	0.261	0.000	0.000	0.000
482	2609	0.000	0.000	0.000	0.998	0.000	0.000	0.000	0.000	0.000
483	2038	0.000	0.031	0.196	0.720	0.000	0.051	0.000	0.000	0.000
484	2048	0.000	0.069	0.568	0.000	0.000	0.179	0.183	0.000	0.000
485	2587	0.000	0.998	0.000	0.000	0.000	0.000	0.000	0.000	0.000
486	2067	0.000	0.000	0.000	0.000	0.000	0.000	0.000	0.998	0.000
487	1980	0.998	0.000	0.000	0.000	0.000	0.000	0.000	0.000	0.000
488	2185	0.000	0.000	0.537	0.000	0.000	0.461	0.000	0.000	0.000
489	2537	0.000	0.000	0.000	0.000	0.000	0.998	0.000	0.000	0.000
490	2004	0.998	0.000	0.000	0.000	0.000	0.000	0.000	0.000	0.000
491	2315	0.000	0.000	0.000	0.998	0.000	0.000	0.000	0.000	0.000
492	2249	0.000	0.118	0.000	0.812	0.000	0.069	0.000	0.000	0.000
493	2147	0.000	0.000	0.000	0.000	0.000	0.000	0.000	0.998	0.000
494	2502	0.000	0.000	0.198	0.800	0.000	0.000	0.000	0.000	0.000
495	2137	0.000	0.000	0.000	0.903	0.000	0.000	0.095	0.000	0.000
496	2362	0.000	0.000	0.998	0.000	0.000	0.000	0.000	0.000	0.000
497	2398	0.000	0.000	0.000	0.930	0.000	0.068	0.000	0.000	0.000
498	2589	0.000	0.000	0.016	0.924	0.000	0.058	0.000	0.000	0.000
499	2463	0.000	0.000	0.020	0.915	0.000	0.063	0.000	0.000	0.000
500	2170	0.000	0.000	0.000	0.998	0.000	0.000	0.000	0.000	0.000
501	2479	0.000	0.000	0.000	0.000	0.000	0.998	0.000	0.000	0.000
502	2134	0.000	0.000	0.000	0.970	0.000	0.028	0.000	0.000	0.000
503	2115	0.000	0.000	0.000	0.000	0.943	0.000	0.047	0.008	0.000
504	2088	0.000	0.000	0.000	0.000	0.919	0.000	0.042	0.028	0.009
505	2145	0.000	0.426	0.572	0.000	0.000	0.000	0.000	0.000	0.000
506	2174	0.000	0.000	0.095	0.841	0.000	0.062	0.000	0.000	0.000
507	2546	0.000	0.000	0.000	0.000	0.954	0.000	0.022	0.013	0.009
508	2344	0.000	0.000	0.085	0.000	0.000	0.913	0.000	0.000	0.000
509	2274	0.000	0.000	0.000	0.000	0.000	0.998	0.000	0.000	0.000
510	2415	0.000	0.000	0.000	0.000	0.000	0.998	0.000	0.000	0.000
511	2037	0.000	0.000	0.000	0.000	0.871	0.000	0.054	0.073	0.000
512	2136	0.000	0.000	0.000	0.000	0.956	0.000	0.000	0.026	0.016
513	1958	0.998	0.000	0.000	0.000	0.000	0.000	0.000	0.000	0.000
514	2486	0.000	0.000	0.000	0.939	0.000	0.059	0.000	0.000	0.000
515	2513	0.000	0.000	0.000	0.998	0.000	0.000	0.000	0.000	0.000
516	2471	0.000	0.000	0.009	0.836	0.000	0.145	0.000	0.008	0.000
517	2190	0.000	0.000	0.000	0.000	0.966	0.000	0.025	0.006	0.000
518	2041	0.000	0.824	0.174	0.000	0.000	0.000	0.000	0.000	0.000
519	2456	0.145	0.853	0.000	0.000	0.000	0.000	0.000	0.000	0.000
520	2610	0.000	0.092	0.906	0.000	0.000	0.000	0.000	0.000	0.000
521	2401	0.000	0.000	0.000	0.945	0.053	0.000	0.000	0.000	0.000
522	2540	0.000	0.623	0.375	0.000	0.000	0.000	0.000	0.000	0.000
523	2198	0.000	0.000	0.101	0.000	0.000	0.897	0.000	0.000	0.000
524	2039	0.000	0.000	0.000	0.967	0.000	0.031	0.000	0.000	0.000
525	1973	0.998	0.000	0.000	0.000	0.000	0.000	0.000	0.000	0.000
526	2525	0.000	0.000	0.998	0.000	0.000	0.000	0.000	0.000	0.000
527	2128	0.019	0.000	0.062	0.739	0.000	0.155	0.013	0.000	0.011
528	2474	0.000	0.998	0.000	0.000	0.000	0.000	0.000	0.000	0.000
529	2411	0.000	0.998	0.000	0.000	0.000	0.000	0.000	0.000	0.000
530	2476	0.000	0.000	0.000	0.000	0.000	0.000	0.000	0.998	0.000
531	2443	0.000	0.051	0.000	0.241	0.000	0.058	0.000	0.649	0.000
532	2545	0.000	0.000	0.000	0.127	0.000	0.000	0.000	0.871	0.000
533	2314	0.000	0.998	0.000	0.000	0.000	0.000	0.000	0.000	0.000
534	2576	0.000	0.000	0.000	0.000	0.000	0.000	0.000	0.998	0.000
535	2318	0.000	0.114	0.787	0.000	0.000	0.097	0.000	0.000	0.000
536	2618	0.000	0.998	0.000	0.000	0.000	0.000	0.000	0.000	0.000
537	2021	0.000	0.000	0.000	0.000	0.000	0.000	0.000	0.000	0.998
538	1933	0.000	0.998	0.000	0.000	0.000	0.000	0.000	0.000	0.000
539	2403	0.000	0.998	0.000	0.000	0.000	0.000	0.000	0.000	0.000
540	2179	0.000	0.000	0.000	0.000	0.976	0.000	0.000	0.000	0.022
541	2031	0.000	0.093	0.905	0.000	0.000	0.000	0.000	0.000	0.000
542	2216	0.000	0.000	0.000	0.000	0.967	0.000	0.000	0.012	0.020
543	2444	0.000	0.000	0.000	0.998	0.000	0.000	0.000	0.000	0.000
544	2473	0.000	0.087	0.240	0.000	0.000	0.671	0.000	0.000	0.000
545	2325	0.000	0.074	0.924	0.000	0.000	0.000	0.000	0.000	0.000
546	2119	0.000	0.998	0.000	0.000	0.000	0.000	0.000	0.000	0.000
547	2566	0.000	0.998	0.000	0.000	0.000	0.000	0.000	0.000	0.000
548	2205	0.000	0.000	0.998	0.000	0.000	0.000	0.000	0.000	0.000
549	2652	0.000	0.000	0.000	0.000	0.000	0.998	0.000	0.000	0.000
550	2330	0.000	0.000	0.000	0.998	0.000	0.000	0.000	0.000	0.000
551	2316	0.000	0.998	0.000	0.000	0.000	0.000	0.000	0.000	0.000
552	2178	0.000	0.998	0.000	0.000	0.000	0.000	0.000	0.000	0.000
553	2035	0.000	0.998	0.000	0.000	0.000	0.000	0.000	0.000	0.000
554	2049	0.000	0.998	0.000	0.000	0.000	0.000	0.000	0.000	0.000
555	2268	0.177	0.000	0.010	0.795	0.000	0.017	0.000	0.000	0.000
556	2332	0.000	0.000	0.000	0.917	0.000	0.080	0.000	0.000	0.000
557	2146	0.000	0.998	0.000	0.000	0.000	0.000	0.000	0.000	0.000
558	2383	0.000	0.000	0.000	0.000	0.000	0.000	0.000	0.998	0.000
559	2637	0.000	0.000	0.998	0.000	0.000	0.000	0.000	0.000	0.000
560	1970	0.000	0.000	0.114	0.000	0.000	0.884	0.000	0.000	0.000
561	2012	0.998	0.000	0.000	0.000	0.000	0.000	0.000	0.000	0.000
562	2171	0.998	0.000	0.000	0.000	0.000	0.000	0.000	0.000	0.000
563	2209	0.000	0.000	0.998	0.000	0.000	0.000	0.000	0.000	0.000
564	1963	0.000	0.000	0.000	0.000	0.924	0.000	0.062	0.012	0.000
565	2304	0.000	0.000	0.035	0.000	0.000	0.963	0.000	0.000	0.000
566	2355	0.053	0.000	0.478	0.000	0.000	0.468	0.000	0.000	0.000
567	2148	0.000	0.000	0.000	0.985	0.000	0.013	0.000	0.000	0.000
568	2259	0.000	0.000	0.000	0.843	0.000	0.155	0.000	0.000	0.000
569	2066	0.000	0.189	0.809	0.000	0.000	0.000	0.000	0.000	0.000
570	2151	0.000	0.000	0.000	0.901	0.000	0.097	0.000	0.000	0.000
571	2393	0.000	0.000	0.000	0.000	0.000	0.000	0.000	0.998	0.000
572	2438	0.000	0.000	0.000	0.000	0.000	0.998	0.000	0.000	0.000
573	2400	0.000	0.000	0.998	0.000	0.000	0.000	0.000	0.000	0.000
574	2454	0.000	0.000	0.000	0.000	0.000	0.000	0.000	0.998	0.000
575	2284	0.998	0.000	0.000	0.000	0.000	0.000	0.000	0.000	0.000
576	2298	0.000	0.000	0.998	0.000	0.000	0.000	0.000	0.000	0.000
577	2003	0.000	0.000	0.000	0.000	0.000	0.998	0.000	0.000	0.000
578	2295	0.000	0.000	0.143	0.855	0.000	0.000	0.000	0.000	0.000
579	1990	0.000	0.998	0.000	0.000	0.000	0.000	0.000	0.000	0.000
580	2544	0.000	0.000	0.143	0.854	0.000	0.000	0.001	0.000	0.000
581	2061	0.998	0.000	0.000	0.000	0.000	0.000	0.000	0.000	0.000
582	1976	0.998	0.000	0.000	0.000	0.000	0.000	0.000	0.000	0.000
583	1927	0.998	0.000	0.000	0.000	0.000	0.000	0.000	0.000	0.000
584	2055	0.000	0.000	0.000	0.015	0.888	0.000	0.095	0.000	0.000
585	2350	0.000	0.000	0.000	0.127	0.000	0.041	0.000	0.830	0.000
586	2588	0.000	0.000	0.117	0.881	0.000	0.000	0.000	0.000	0.000
587	2450	0.000	0.395	0.000	0.000	0.000	0.000	0.000	0.000	0.603
588	2320	0.000	0.000	0.000	0.998	0.000	0.000	0.000	0.000	0.000
589	1992	0.000	0.000	0.000	0.998	0.000	0.000	0.000	0.000	0.000
590	2571	0.187	0.000	0.000	0.656	0.000	0.155	0.000	0.000	0.000
591	2234	0.000	0.000	0.000	0.000	0.000	0.000	0.000	0.998	0.000
592	2387	0.000	0.000	0.000	0.051	0.000	0.023	0.000	0.925	0.000
593	1968	0.998	0.000	0.000	0.000	0.000	0.000	0.000	0.000	0.000
594	2585	0.998	0.000	0.000	0.000	0.000	0.000	0.000	0.000	0.000
595	2405	0.000	0.998	0.000	0.000	0.000	0.000	0.000	0.000	0.000
596	2162	0.000	0.998	0.000	0.000	0.000	0.000	0.000	0.000	0.000
597	2402	0.000	0.998	0.000	0.000	0.000	0.000	0.000	0.000	0.000
598	2238	0.000	0.998	0.000	0.000	0.000	0.000	0.000	0.000	0.000
599	2089	0.000	0.998	0.000	0.000	0.000	0.000	0.000	0.000	0.000
600	2044	0.000	0.000	0.000	0.000	0.000	0.000	0.000	0.998	0.000
601	2379	0.000	0.238	0.000	0.000	0.000	0.760	0.000	0.000	0.000
602	2651	0.000	0.744	0.000	0.000	0.000	0.254	0.000	0.000	0.000
603	2009	0.998	0.000	0.000	0.000	0.000	0.000	0.000	0.000	0.000
604	2177	0.000	0.000	0.102	0.000	0.000	0.896	0.000	0.000	0.000
605	2252	0.000	0.000	0.000	0.000	0.000	0.998	0.000	0.000	0.000
606	2231	0.000	0.998	0.000	0.000	0.000	0.000	0.000	0.000	0.000
607	2076	0.000	0.000	0.063	0.935	0.000	0.000	0.000	0.000	0.000
608	2367	0.000	0.133	0.184	0.000	0.000	0.681	0.000	0.000	0.000
609	2303	0.000	0.000	0.000	0.000	0.000	0.000	0.000	0.998	0.000
610	2455	0.000	0.998	0.000	0.000	0.000	0.000	0.000	0.000	0.000
611	2627	0.998	0.000	0.000	0.000	0.000	0.000	0.000	0.000	0.000
612	2534	0.000	0.998	0.000	0.000	0.000	0.000	0.000	0.000	0.000
613	2130	0.000	0.998	0.000	0.000	0.000	0.000	0.000	0.000	0.000
614	2480	0.000	0.000	0.832	0.000	0.000	0.166	0.000	0.000	0.000
615	2531	0.176	0.000	0.822	0.000	0.000	0.000	0.000	0.000	0.000
616	2389	0.306	0.000	0.692	0.000	0.000	0.000	0.000	0.000	0.000
617	2568	0.000	0.000	0.000	0.000	0.000	0.998	0.000	0.000	0.000
618	2014	0.998	0.000	0.000	0.000	0.000	0.000	0.000	0.000	0.000
619	1982	0.000	0.058	0.000	0.458	0.000	0.316	0.000	0.167	0.000
620	2452	0.000	0.000	0.998	0.000	0.000	0.000	0.000	0.000	0.000
621	2107	0.000	0.998	0.000	0.000	0.000	0.000	0.000	0.000	0.000
622	2239	0.000	0.000	0.044	0.922	0.000	0.032	0.000	0.000	0.000
623	2186	0.000	0.998	0.000	0.000	0.000	0.000	0.000	0.000	0.000
624	2621	0.000	0.998	0.000	0.000	0.000	0.000	0.000	0.000	0.000
625	2091	0.000	0.998	0.000	0.000	0.000	0.000	0.000	0.000	0.000
626	2256	0.000	0.998	0.000	0.000	0.000	0.000	0.000	0.000	0.000
627	2022	0.998	0.000	0.000	0.000	0.000	0.000	0.000	0.000	0.000
628	2508	0.000	0.000	0.000	0.936	0.000	0.062	0.000	0.000	0.000
629	1937	0.000	0.998	0.000	0.000	0.000	0.000	0.000	0.000	0.000
630	2632	0.000	0.998	0.000	0.000	0.000	0.000	0.000	0.000	0.000
631	2605	0.000	0.000	0.913	0.000	0.000	0.000	0.000	0.000	0.085
632	2572	0.000	0.000	0.000	0.852	0.000	0.065	0.082	0.000	0.000
633	2641	0.000	0.000	0.811	0.000	0.000	0.187	0.000	0.000	0.000
634	2522	0.000	0.000	0.000	0.708	0.000	0.290	0.000	0.000	0.000
635	2528	0.000	0.998	0.000	0.000	0.000	0.000	0.000	0.000	0.000
636	2439	0.000	0.343	0.000	0.000	0.000	0.000	0.000	0.000	0.655
637	2612	0.000	0.378	0.620	0.000	0.000	0.000	0.000	0.000	0.000
638	2448	0.000	0.998	0.000	0.000	0.000	0.000	0.000	0.000	0.000
639	1950	0.998	0.000	0.000	0.000	0.000	0.000	0.000	0.000	0.000
640	2493	0.000	0.000	0.998	0.000	0.000	0.000	0.000	0.000	0.000
641	2181	0.000	0.998	0.000	0.000	0.000	0.000	0.000	0.000	0.000
642	2024	0.998	0.000	0.000	0.000	0.000	0.000	0.000	0.000	0.000
643	2001	0.998	0.000	0.000	0.000	0.000	0.000	0.000	0.000	0.000
644	2217	0.000	0.340	0.000	0.000	0.000	0.000	0.000	0.000	0.658
645	1969	0.000	0.000	0.000	0.998	0.000	0.000	0.000	0.000	0.000
646	2497	0.000	0.998	0.000	0.000	0.000	0.000	0.000	0.000	0.000
647	2345	0.000	0.240	0.000	0.000	0.000	0.758	0.000	0.000	0.000
648	2017	0.000	0.665	0.000	0.000	0.000	0.000	0.333	0.000	0.000
649	2321	0.000	0.998	0.000	0.000	0.000	0.000	0.000	0.000	0.000
650	2459	0.998	0.000	0.000	0.000	0.000	0.000	0.000	0.000	0.000
651	2514	0.000	0.341	0.657	0.000	0.000	0.000	0.000	0.000	0.000
652	2562	0.000	0.998	0.000	0.000	0.000	0.000	0.000	0.000	0.000
653	2581	0.000	0.201	0.574	0.000	0.000	0.000	0.224	0.000	0.000
654	2019	0.000	0.000	0.000	0.000	0.000	0.000	0.000	0.998	0.000
655	2106	0.000	0.000	0.998	0.000	0.000	0.000	0.000	0.000	0.000
656	2421	0.000	0.161	0.837	0.000	0.000	0.000	0.000	0.000	0.000
657	2141	0.000	0.000	0.998	0.000	0.000	0.000	0.000	0.000	0.000
658	2449	0.000	0.000	0.000	0.000	0.000	0.036	0.000	0.962	0.000
659	2440	0.000	0.998	0.000	0.000	0.000	0.000	0.000	0.000	0.000
660	2129	0.000	0.998	0.000	0.000	0.000	0.000	0.000	0.000	0.000
661	2494	0.998	0.000	0.000	0.000	0.000	0.000	0.000	0.000	0.000
662	2013	0.998	0.000	0.000	0.000	0.000	0.000	0.000	0.000	0.000
663	2099	0.067	0.401	0.000	0.530	0.000	0.001	0.000	0.000	0.000
664	1977	0.000	0.998	0.000	0.000	0.000	0.000	0.000	0.000	0.000
665	2160	0.000	0.998	0.000	0.000	0.000	0.000	0.000	0.000	0.000
666	2251	0.000	0.998	0.000	0.000	0.000	0.000	0.000	0.000	0.000
667	2286	0.000	0.998	0.000	0.000	0.000	0.000	0.000	0.000	0.000
668	2577	0.000	0.998	0.000	0.000	0.000	0.000	0.000	0.000	0.000
669	2519	0.000	0.000	0.998	0.000	0.000	0.000	0.000	0.000	0.000
670	1936	0.000	0.998	0.000	0.000	0.000	0.000	0.000	0.000	0.000
671	2413	0.098	0.000	0.900	0.000	0.000	0.000	0.000	0.000	0.000
672	2065	0.000	0.000	0.000	0.787	0.000	0.000	0.211	0.000	0.000
673	2599	0.000	0.000	0.000	0.998	0.000	0.000	0.000	0.000	0.000
674	2490	0.000	0.000	0.000	0.998	0.000	0.000	0.000	0.000	0.000
675	2248	0.000	0.998	0.000	0.000	0.000	0.000	0.000	0.000	0.000
676	2342	0.000	0.998	0.000	0.000	0.000	0.000	0.000	0.000	0.000
677	1949	0.000	0.998	0.000	0.000	0.000	0.000	0.000	0.000	0.000
678	1956	0.000	0.147	0.851	0.000	0.000	0.000	0.000	0.000	0.000
679	2281	0.000	0.000	0.998	0.000	0.000	0.000	0.000	0.000	0.000
680	2070	0.000	0.998	0.000	0.000	0.000	0.000	0.000	0.000	0.000
681	2272	0.000	0.000	0.856	0.000	0.000	0.108	0.034	0.000	0.000
682	2080	0.000	0.998	0.000	0.000	0.000	0.000	0.000	0.000	0.000
683	2265	0.000	0.998	0.000	0.000	0.000	0.000	0.000	0.000	0.000
684	2167	0.000	0.000	0.998	0.000	0.000	0.000	0.000	0.000	0.000
685	2426	0.000	0.000	0.000	0.878	0.000	0.000	0.000	0.120	0.000
686	2255	0.000	0.111	0.000	0.887	0.000	0.000	0.000	0.000	0.000
687	2622	0.000	0.000	0.000	0.848	0.000	0.000	0.000	0.000	0.150
688	2524	0.000	0.000	0.000	0.109	0.000	0.003	0.000	0.887	0.000
689	2008	0.000	0.998	0.000	0.000	0.000	0.000	0.000	0.000	0.000
690	2173	0.000	0.998	0.000	0.000	0.000	0.000	0.000	0.000	0.000
691	1915	0.000	0.998	0.000	0.000	0.000	0.000	0.000	0.000	0.000
692	2614	0.000	0.901	0.000	0.000	0.000	0.000	0.000	0.000	0.097
693	2023	0.000	0.998	0.000	0.000	0.000	0.000	0.000	0.000	0.000
694	2193	0.000	0.998	0.000	0.000	0.000	0.000	0.000	0.000	0.000
695	2422	0.000	0.000	0.000	0.000	0.000	0.000	0.000	0.000	0.998
696	2441	0.000	0.000	0.000	0.000	0.000	0.000	0.000	0.000	0.998
697	1961	0.000	0.178	0.820	0.000	0.000	0.000	0.000	0.000	0.000
698	2505	0.000	0.998	0.000	0.000	0.000	0.000	0.000	0.000	0.000
699	2094	0.000	0.000	0.998	0.000	0.000	0.000	0.000	0.000	0.000
700	2036	0.000	0.998	0.000	0.000	0.000	0.000	0.000	0.000	0.000
701	2656	0.000	0.998	0.000	0.000	0.000	0.000	0.000	0.000	0.000
702	2100	0.000	0.000	0.000	0.000	0.000	0.000	0.000	0.000	0.998
703	2277	0.000	0.998	0.000	0.000	0.000	0.000	0.000	0.000	0.000
704	2580	0.000	0.998	0.000	0.000	0.000	0.000	0.000	0.000	0.000
705	1974	0.000	0.995	0.003	0.000	0.000	0.000	0.000	0.000	0.000
706	2380	0.000	0.998	0.000	0.000	0.000	0.000	0.000	0.000	0.000
707	2301	0.000	0.235	0.763	0.000	0.000	0.000	0.000	0.000	0.000
708	2182	0.000	0.000	0.998	0.000	0.000	0.000	0.000	0.000	0.000
709	2175	0.000	0.365	0.633	0.000	0.000	0.000	0.000	0.000	0.000
710	2481	0.000	0.000	0.998	0.000	0.000	0.000	0.000	0.000	0.000
711	2515	0.000	0.000	0.000	0.998	0.000	0.000	0.000	0.000	0.000
712	2488	0.000	0.998	0.000	0.000	0.000	0.000	0.000	0.000	0.000
713	2015	0.000	0.998	0.000	0.000	0.000	0.000	0.000	0.000	0.000
714	2312	0.000	0.000	0.998	0.000	0.000	0.000	0.000	0.000	0.000
715	2635	0.000	0.000	0.000	0.740	0.000	0.258	0.000	0.000	0.000
716	2051	0.000	0.730	0.000	0.000	0.000	0.000	0.000	0.000	0.268
717	2262	0.000	0.000	0.000	0.000	0.000	0.000	0.000	0.998	0.000
718	2305	0.000	0.000	0.000	0.998	0.000	0.000	0.000	0.000	0.000
719	2230	0.000	0.998	0.000	0.000	0.000	0.000	0.000	0.000	0.000
720	2034	0.000	0.557	0.441	0.000	0.000	0.000	0.000	0.000	0.000
721	2527	0.000	0.000	0.000	0.000	0.000	0.000	0.000	0.998	0.000
722	2227	0.000	0.998	0.000	0.000	0.000	0.000	0.000	0.000	0.000
723	2113	0.000	0.000	0.000	0.000	0.000	0.000	0.000	0.000	0.998
724	1996	0.000	0.000	0.000	0.000	0.000	0.000	0.998	0.000	0.000
725	2541	0.000	0.998	0.000	0.000	0.000	0.000	0.000	0.000	0.000
726	2358	0.000	0.998	0.000	0.000	0.000	0.000	0.000	0.000	0.000
727	2431	0.000	0.998	0.000	0.000	0.000	0.000	0.000	0.000	0.000
728	2373	0.000	0.998	0.000	0.000	0.000	0.000	0.000	0.000	0.000
729	2548	0.000	0.000	0.000	0.000	0.000	0.000	0.000	0.000	0.998
730	2085	0.000	0.998	0.000	0.000	0.000	0.000	0.000	0.000	0.000
731	2382	0.998	0.000	0.000	0.000	0.000	0.000	0.000	0.000	0.000
732	2263	0.000	0.998	0.000	0.000	0.000	0.000	0.000	0.000	0.000
733	2595	0.000	0.000	0.000	0.000	0.000	0.000	0.000	0.998	0.000
734	1924	0.000	0.000	0.000	0.998	0.000	0.000	0.000	0.000	0.000
735	2388	0.000	0.998	0.000	0.000	0.000	0.000	0.000	0.000	0.000
736	2565	0.000	0.000	0.000	0.000	0.000	0.000	0.998	0.000	0.000
737	563	0.000	0.000	0.998	0.000	0.000	0.000	0.000	0.000	0.000
738	1967	0.000	0.000	0.998	0.000	0.000	0.000	0.000	0.000	0.000
739	2483	0.000	0.000	0.000	0.000	0.000	0.000	0.000	0.998	0.000
740	2634	0.000	0.000	0.998	0.000	0.000	0.000	0.000	0.000	0.000
741	2204	0.000	0.000	0.998	0.000	0.000	0.000	0.000	0.000	0.000
742	2168	0.000	0.000	0.998	0.000	0.000	0.000	0.000	0.000	0.000
743	2219	0.000	0.998	0.000	0.000	0.000	0.000	0.000	0.000	0.000
744	2442	0.000	0.000	0.000	0.000	0.000	0.000	0.000	0.998	0.000
745	2437	0.000	0.000	0.998	0.000	0.000	0.000	0.000	0.000	0.000
746	428	0.000	0.000	0.998	0.000	0.000	0.000	0.000	0.000	0.000
