0	2290	0.07143	0.07143	0.07143	0.07143	373.07143	0.07143	0.07143	0.07143	0.07143	0.07143	0.07143	0.07143	0.07143	0.07143
1	2363	0.07143	0.07143	0.07143	0.07143	373.06425	0.07143	0.07861	0.07143	0.07143	0.07143	0.07143	0.07143	0.07143	0.07143
2	2346	0.07143	0.07143	0.07143	0.07143	0.07143	0.07143	0.07143	373.07143	0.07143	0.07143	0.07143	0.07143	0.07143	0.07143
3	2025	0.07143	0.07143	0.07143	0.07143	0.07143	0.07143	0.07143	373.07143	0.07143	0.07143	0.07143	0.07143	0.07143	0.07143
4	2140	0.07143	0.07143	0.07143	2.43434	368.57684	0.07143	2.20310	0.07143	0.07143	0.07143	0.07143	0.07143	0.07143	0.07143
5	2428	0.07143	0.07143	0.07143	10.33613	359.09459	0.07143	1.80817	0.07143	0.07143	0.07143	0.07143	0.07143	0.07143	2.04682
6	2201	0.07143	0.07143	0.07143	4.10471	369.03787	0.07143	0.07171	0.07143	0.07143	0.07143	0.07143	0.07143	0.07143	0.07143
7	2506	0.07143	0.07143	0.07143	12.49320	360.64965	0.07143	0.07143	0.07143	0.07143	0.07143	0.07143	0.07143	0.07143	0.07143
8	2425	0.07143	0.07143	0.07143	0.07143	0.07143	0.07143	0.07143	0.07143	0.07143	373.07143	0.07143	0.07143	0.07143	0.07143
9	2557	0.07143	0.07143	0.07143	0.07143	0.07143	0.07143	0.07143	0.07143	0.07143	373.07143	0.07143	0.07143	0.07143	0.07143
10	2532	0.07143	0.07143	0.07143	3.66070	369.48215	0.07143	0.07143	0.07143	0.07143	0.07143	0.07143	0.07143	0.07143	0.07143
11	2073	0.07143	0.07143	0.07143	3.98913	369.15311	0.07143	0.07205	0.07143	0.07143	0.07143	0.07143	0.07143	0.07143	0.07143
12	2278	0.07143	0.07143	0.07143	2.26404	357.83956	0.07143	0.07143	0.07143	0.07144	2.51857	0.07143	10.66353	0.07143	0.07143
13	2551	0.07143	0.07143	0.07143	2.47056	365.90453	0.07143	0.07144	0.07143	0.07144	0.07143	0.07143	4.83916	0.07143	0.07143
14	2077	0.07143	0.07143	0.07143	0.07143	373.07143	0.07143	0.07143	0.07143	0.07143	0.07143	0.07143	0.07143	0.07143	0.07143
15	2369	0.07143	0.07143	0.07143	1.99473	367.33758	0.07143	0.07176	0.07143	0.07143	0.07143	0.07143	0.07143	0.07143	3.88164
16	1465	0.07143	23.92539	0.07143	0.07143	0.07143	0.07143	0.07143	0.07143	332.73768	0.07143	0.07143	16.55121	0.07143	0.07143
17	2592	0.07143	27.73611	0.07143	0.07143	0.07143	29.39719	0.07143	0.07143	287.24079	0.07143	0.07143	25.80124	3.18182	0.07143
18	2046	0.07143	0.07143	0.07143	0.07143	373.07143	0.07143	0.07143	0.07143	0.07143	0.07143	0.07143	0.07143	0.07143	0.07143
19	1941	0.07143	12.94966	0.07143	1.81507	176.17061	0.07143	0.07322	0.07143	167.63317	0.07143	0.07143	11.34587	1.81257	1.77125
20	2518	0.07143	298.20749	0.07143	24.60561	0.07144	50.40118	0.07143	0.07143	0.07143	0.07143	0.07143	0.07143	0.07143	0.07143
21	2132	0.07143	210.00896	0.07143	0.07143	0.07143	163.13390	0.07143	0.07143	0.07143	0.07143	0.07143	0.07143	0.07143	0.07143
22	2650	0.07143	0.07143	0.07143	373.07143	0.07143	0.07143	0.07143	0.07143	0.07143	0.07143	0.07143	0.07143	0.07143	0.07143
23	2207	0.07143	0.07143	0.07143	373.07143	0.07143	0.07143	0.07143	0.07143	0.07143	0.07143	0.07143	0.07143	0.07143	0.07143
24	2553	0.07143	0.07143	0.07143	2.27765	370.86516	0.07143	0.07147	0.07143	0.07143	0.07143	0.07143	0.07143	0.07143	0.07143
25	2078	0.07143	0.07143	0.07143	7.52395	365.61835	0.07143	0.07198	0.07143	0.07143	0.07143	0.07143	0.07143	0.07143	0.07143
26	2203	0.07143	61.22285	0.07143	0.07143	0.07143	0.07143	0.07143	0.07143	280.25451	0.07143	0.07143	0.07143	31.73692	0.07143
27	2143	0.07143	62.06268	0.07143	0.07143	0.07143	0.07143	0.07143	60.06827	247.21961	0.07143	0.07143	3.93515	0.07143	0.07143
28	2224	0.07143	50.09708	0.07143	0.07143	0.07143	7.03091	0.07143	0.07143	316.08628	0.07143	0.07143	0.07145	0.07143	0.07143
29	2510	0.07143	34.29290	0.07143	0.07143	0.07143	7.34453	0.07143	0.07143	331.55539	0.07143	0.07143	0.09290	0.07143	0.07143
30	2240	0.07143	0.07143	0.07143	7.65811	365.48406	0.07143	0.07212	0.07143	0.07143	0.07143	0.07143	0.07143	0.07143	0.07143
31	2563	0.07143	0.07143	0.07143	0.07143	369.64218	0.07143	0.07333	0.07143	0.07143	0.07143	0.07143	0.07143	0.07143	3.49878
32	2122	0.07143	0.07143	0.07143	0.07143	373.06495	0.07143	0.07791	0.07143	0.07143	0.07143	0.07143	0.07143	0.07143	0.07143
33	2118	0.07143	0.07143	0.07143	4.13499	369.00508	0.07143	0.07422	0.07143	0.07143	0.07143	0.07143	0.07143	0.07143	0.07143
34	1944	0.07143	0.07143	0.07143	0.07143	0.07143	0.07143	0.07143	0.07143	0.07143	373.07143	0.07143	0.07143	0.07143	0.07143
35	2117	0.07143	46.15774	0.07143	0.07143	0.07143	0.07143	0.07143	0.07143	252.41225	50.96492	12.67092	11.15131	0.07143	0.07143
36	2611	0.07143	0.07143	0.07143	27.76759	345.37525	0.07143	0.07144	0.07143	0.07143	0.07143	0.07143	0.07143	0.07143	0.07143
37	2184	0.07143	0.07143	0.07143	10.74361	360.62479	0.07143	1.84589	0.07143	0.07143	0.07143	0.07143	0.07143	0.07143	0.07143
38	2354	0.07143	0.07143	0.07143	2.26816	368.78638	0.07143	2.15975	0.07143	0.07143	0.07143	0.07143	0.07143	0.07143	0.07143
39	2169	0.07143	91.66244	0.07143	0.07143	0.07143	0.07143	0.07143	0.07143	277.93765	0.07143	0.07143	3.61420	0.07143	0.07143
40	2283	0.07143	62.60625	0.07143	0.07143	0.07143	17.73019	0.07143	0.07143	265.29977	5.41060	8.22607	9.46033	4.76679	0.07143
41	2620	0.07143	0.07143	0.07143	0.07143	0.07143	0.07143	0.07143	373.07143	0.07143	0.07143	0.07143	0.07143	0.07143	0.07143
42	1998	0.07143	0.07143	0.07143	0.07143	0.07143	0.07143	0.07143	373.07143	0.07143	0.07143	0.07143	0.07143	0.07143	0.07143
43	2654	0.07143	0.07143	0.07143	0.07143	373.07141	0.07143	0.07145	0.07143	0.07143	0.07143	0.07143	0.07143	0.07143	0.07143
44	2646	0.07143	0.07143	0.07143	11.65129	355.85568	0.07143	2.87998	0.07143	0.07143	0.07143	0.07143	0.07143	2.89877	0.07143
45	2228	0.07143	0.07143	0.07143	0.07143	0.07143	0.07143	0.07143	0.07143	0.07143	16.45184	356.69101	0.07143	0.07143	0.07143
46	2082	0.07143	0.07143	0.07143	0.07143	0.07143	0.07143	0.07143	0.07143	0.07143	23.71682	349.42604	0.07143	0.07143	0.07143
47	1979	0.07143	0.07143	0.07143	2.25157	368.73172	0.07143	0.07275	0.07143	0.07143	0.07143	0.07143	0.07143	0.07143	2.22968
48	2484	0.07143	0.07143	0.07143	0.07143	370.08396	0.07143	0.07145	0.07143	0.07143	0.07143	0.07143	0.07143	0.07143	3.05888
49	2257	0.07143	0.07143	0.07143	5.00819	368.13267	0.07143	0.07342	0.07143	0.07143	0.07143	0.07143	0.07143	0.07143	0.07143
50	2005	0.07143	0.07143	0.07143	0.07143	373.07139	0.07143	0.07147	0.07143	0.07143	0.07143	0.07143	0.07143	0.07143	0.07143
51	2560	0.07143	0.07143	0.07143	10.88549	348.67271	0.07143	1.55843	0.07143	0.07143	0.07143	0.07143	10.30224	0.07143	1.93826
52	1962	0.07143	0.07143	0.07143	0.07143	373.07143	0.07143	0.07143	0.07143	0.07143	0.07143	0.07143	0.07143	0.07143	0.07143
53	2206	0.07143	0.07143	0.07143	5.52523	367.61583	0.07143	0.07322	0.07143	0.07143	0.07143	0.07143	0.07143	0.07143	0.07143
54	2520	0.07143	0.07143	0.07143	6.98717	366.15569	0.07143	0.07143	0.07143	0.07143	0.07143	0.07143	0.07143	0.07143	0.07143
55	2104	0.07143	0.07143	0.07143	0.07143	373.07139	0.07143	0.07146	0.07143	0.07143	0.07143	0.07143	0.07143	0.07143	0.07143
56	2602	0.07143	0.07143	0.07143	13.61341	359.52861	0.07143	0.07227	0.07143	0.07143	0.07143	0.07143	0.07143	0.07143	0.07143
57	2521	0.07143	0.07143	0.07143	0.07143	367.71792	0.07143	2.75242	0.07143	0.07143	0.07143	0.07143	2.74395	0.07143	0.07143
58	2233	0.07143	0.07143	1.77474	0.07143	345.79850	0.07143	1.78635	0.07143	0.07145	0.07143	0.07143	0.07143	20.75484	3.24268
59	2200	0.07143	0.07143	0.07143	6.65025	366.48854	0.07143	0.07549	0.07143	0.07143	0.07143	0.07143	0.07143	0.07143	0.07143
60	2294	0.07143	289.66269	0.07143	0.07143	0.07143	79.88471	0.07143	0.07143	0.07143	3.62284	0.07143	0.11547	0.07143	0.07143
61	1981	0.07143	0.07143	0.07143	0.07143	0.07143	373.07143	0.07143	0.07143	0.07143	0.07143	0.07143	0.07143	0.07143	0.07143
62	2187	0.07143	46.40199	0.07143	0.07143	0.07143	0.07143	0.07143	0.07143	324.13131	0.07143	0.07143	2.68099	0.07143	0.07143
63	1916	0.07143	350.28546	0.07143	0.07143	0.07143	17.39715	0.07143	0.07143	0.07143	5.53147	0.07143	0.07143	0.07163	0.07143
64	1945	0.07143	60.53981	0.07143	0.07143	0.07143	0.07143	0.07143	0.07143	312.60304	0.07143	0.07143	0.07143	0.07143	0.07143
65	1959	0.07143	10.03473	0.07143	0.07143	0.07144	72.53254	0.07143	0.07143	275.42811	0.07143	0.07143	15.29031	0.07143	0.07143
66	1971	0.07143	0.07143	0.07143	2.25099	368.73107	0.07143	0.07344	0.07143	0.07143	0.07143	0.07143	0.07143	0.07143	2.23022
67	2436	0.07143	29.28494	0.07143	0.07143	0.07143	0.07143	0.07143	0.07143	343.85791	0.07143	0.07143	0.07143	0.07143	0.07143
68	2042	0.07143	23.36845	0.07143	0.07143	0.07143	0.07143	0.07143	0.07143	341.03967	0.07143	0.07143	8.80616	0.07143	0.07143
69	2084	0.07143	0.07143	0.07143	30.14048	343.00237	0.07143	0.07143	0.07143	0.07143	0.07143	0.07143	0.07143	0.07143	0.07143
70	2624	0.07143	0.07143	0.07143	2.08801	367.06427	0.07143	0.07175	0.07143	0.07143	4.06169	0.07143	0.07143	0.07143	0.07143
71	2364	0.07143	0.07143	0.07143	0.07143	0.07143	0.07143	0.07143	373.07143	0.07143	0.07143	0.07143	0.07143	0.07143	0.07143
72	1991	0.07143	0.07143	0.07143	0.07143	0.07143	0.07143	0.07143	373.07143	0.07143	0.07143	0.07143	0.07143	0.07143	0.07143
73	2110	0.07143	0.07143	0.07143	0.07143	0.07143	373.07143	0.07143	0.07143	0.07143	0.07143	0.07143	0.07143	0.07143	0.07143
74	2029	0.07143	0.07143	0.07143	0.07143	0.07143	170.55607	0.07143	0.07143	0.07143	202.58678	0.07143	0.07143	0.07143	0.07143
75	2607	0.07143	0.07143	0.07143	2.02740	369.17905	0.07143	0.07308	0.07143	0.07143	0.07143	0.07143	0.07143	0.07143	2.00619
76	2649	0.07143	54.38200	0.07143	0.07143	0.07143	3.44099	0.07143	0.07143	315.39129	0.07143	0.07143	0.07143	0.07143	0.07143
77	2087	0.07143	55.76227	0.07143	0.07143	0.07143	0.07143	0.07143	0.07143	292.51144	0.07143	0.07143	24.94057	0.07143	0.07143
78	2188	0.07143	0.07143	0.07143	6.16239	365.25007	0.07143	1.80182	0.07143	0.07143	0.07143	0.07143	0.07143	0.07143	0.07143
79	2477	0.07143	0.07143	0.07143	0.07143	373.07139	0.07143	0.07147	0.07143	0.07143	0.07143	0.07143	0.07143	0.07143	0.07143
80	2386	0.07143	0.07143	0.07143	2.80165	370.34115	0.07143	0.07148	0.07143	0.07143	0.07143	0.07143	0.07143	0.07143	0.07143
81	2543	0.07143	16.31224	0.07143	1.40424	198.67263	3.65627	0.07174	0.07143	146.14712	0.07143	0.07143	4.66737	1.36426	1.34697
82	2604	0.07143	0.07143	0.07143	5.87928	365.34767	0.07143	0.07262	0.07143	0.07143	0.07143	0.07143	0.07143	0.07143	1.98615
83	2561	0.07143	0.07143	0.07143	12.43888	360.70398	0.07143	0.07143	0.07143	0.07143	0.07143	0.07143	0.07143	0.07143	0.07143
84	2433	2.62647	0.07143	0.07143	0.07143	370.51638	0.07143	0.07143	0.07143	0.07143	0.07143	0.07143	0.07143	0.07143	0.07143
85	2496	0.07143	0.07143	0.07143	0.07143	0.07143	0.07143	0.07143	0.07143	372.64561	0.07143	0.07143	0.49724	0.07143	0.07143
86	2153	0.07143	49.08181	0.07143	0.07143	0.07144	3.33558	0.07143	0.07143	312.43013	0.07143	0.07143	5.67151	2.83810	0.07143
87	2536	0.07143	0.07144	0.07143	6.30549	348.48152	0.07143	0.07143	0.07143	0.07144	0.07143	0.07143	12.30530	6.19337	0.07143
88	2482	0.07143	0.07143	0.07143	7.25508	365.88580	0.07143	0.07340	0.07143	0.07143	0.07143	0.07143	0.07143	0.07143	0.07143
89	2512	0.07143	84.24057	0.07143	45.82413	0.07144	0.07143	0.07143	0.07143	235.22022	4.12278	0.07143	0.29922	3.72163	0.07143
90	2010	0.07143	373.07143	0.07143	0.07143	0.07143	0.07143	0.07143	0.07143	0.07143	0.07143	0.07143	0.07143	0.07143	0.07143
91	2103	0.07143	0.07143	0.07143	8.58982	360.71909	0.07143	1.86514	0.07143	0.07143	0.07143	0.07143	0.07143	0.07143	2.11165
92	2253	0.07143	0.07143	0.07143	2.57287	368.25149	0.07143	2.38992	0.07143	0.07143	0.07143	0.07143	0.07143	0.07143	0.07143
93	2500	0.07143	0.07143	0.07143	0.07143	370.98033	0.07143	2.16253	0.07143	0.07143	0.07143	0.07143	0.07143	0.07143	0.07143
94	2063	0.07143	0.07143	0.07143	5.55104	364.85039	0.07143	0.10343	0.07143	0.07144	0.07143	0.07143	2.78084	0.07143	0.07143
95	2509	0.07143	82.30864	0.07143	0.07143	0.07143	68.25769	0.07143	0.07143	222.64792	0.07143	0.07143	0.07146	0.07143	0.07143
96	2399	0.07143	328.28929	0.07143	11.75513	0.07143	33.16984	0.07143	0.07143	0.07143	0.07143	0.07143	0.07143	0.07146	0.07143
97	2150	0.07143	0.07143	2.04512	2.07109	367.12140	0.07143	0.07261	0.07143	0.07143	0.07143	0.07143	0.07143	0.07143	2.04691
98	2030	0.07143	0.07143	0.07143	2.09644	369.03830	0.07143	0.07202	0.07143	0.07143	0.07143	0.07143	0.07143	0.07143	2.07896
99	2374	0.07143	0.07143	0.07143	0.07143	373.07143	0.07143	0.07143	0.07143	0.07143	0.07143	0.07143	0.07143	0.07143	0.07143
100	1986	0.07143	0.07143	0.07143	7.59707	365.54579	0.07143	0.07143	0.07143	0.07143	0.07143	0.07143	0.07143	0.07143	0.07143
101	2630	0.07143	0.07143	0.07143	2.26286	370.87999	0.07143	0.07143	0.07143	0.07143	0.07143	0.07143	0.07143	0.07143	0.07143
102	2376	2.17900	0.07143	0.07143	6.48058	364.55462	0.07143	0.07151	0.07143	0.07143	0.07143	0.07143	0.07143	0.07143	0.07143
103	2326	2.16718	0.07143	0.07143	0.07143	368.86507	0.07143	2.18204	0.07143	0.07143	0.07143	0.07143	0.07143	0.07143	0.07143
104	2172	0.07143	0.07143	0.07143	4.15753	365.22825	0.07143	1.88378	0.07143	0.07143	0.07143	0.07143	0.07143	0.07143	2.01614
105	2133	0.07143	45.37857	0.07143	0.07143	0.07143	0.07143	0.07143	0.07143	233.37789	94.45783	0.07143	0.07143	0.07143	0.07143
106	2296	0.07143	0.07143	0.07143	0.07143	0.07143	0.07143	0.07143	0.07143	0.07143	373.07143	0.07143	0.07143	0.07143	0.07143
107	2626	0.07143	0.07143	0.07143	0.07143	0.07143	0.07143	0.07143	373.07143	0.07143	0.07143	0.07143	0.07143	0.07143	0.07143
108	2097	0.07143	0.07143	0.07143	0.07143	0.07143	0.07143	0.07143	373.07143	0.07143	0.07143	0.07143	0.07143	0.07143	0.07143
109	2093	0.07143	0.07143	0.07143	4.36601	368.77550	0.07143	0.07277	0.07143	0.07143	0.07143	0.07143	0.07143	0.07143	0.07143
110	2391	0.07143	0.07143	0.07143	72.27898	300.86388	0.07143	0.07143	0.07143	0.07143	0.07143	0.07143	0.07143	0.07143	0.07143
111	2275	0.07143	0.07143	0.07143	0.07143	373.07142	0.07143	0.07144	0.07143	0.07143	0.07143	0.07143	0.07143	0.07143	0.07143
112	1984	0.07143	0.07143	0.07143	6.50317	364.51820	0.07143	0.07143	0.07143	0.07143	0.07143	0.07143	0.07143	0.07143	2.19291
113	2347	0.07143	17.15003	0.07143	0.07143	226.91949	0.07143	0.07306	0.07143	123.75158	0.07143	0.07143	5.46299	0.07143	0.07143
114	2550	0.07143	0.07143	0.07143	9.46320	361.36074	0.07143	0.07143	0.07143	0.07143	0.07143	0.07143	0.07143	0.07143	2.39034
115	2047	0.07143	15.84801	0.07143	0.07143	0.07143	0.07143	0.07143	0.07143	217.31311	68.30485	54.44801	17.44315	0.07143	0.07143
116	1932	0.07143	34.01045	0.07143	0.07143	0.07143	0.07143	0.07143	0.07143	335.04232	0.07143	0.07143	4.16151	0.07143	0.07143
117	2655	0.07143	0.07143	0.07143	2.32824	370.81460	0.07143	0.07144	0.07143	0.07143	0.07143	0.07143	0.07143	0.07143	0.07143
118	1994	0.07143	0.07143	0.07143	0.07143	0.07143	0.07143	0.07143	0.07143	354.62764	0.07143	0.07143	18.51522	0.07143	0.07143
119	2292	0.07143	43.43959	0.07143	0.07143	0.07143	6.66076	0.07143	0.07143	292.45442	6.90111	0.07143	21.18688	2.78580	0.07143
120	2109	0.07143	0.07143	0.07143	0.07143	373.07143	0.07143	0.07143	0.07143	0.07143	0.07143	0.07143	0.07143	0.07143	0.07143
121	2040	0.07143	0.07143	0.07143	3.15899	355.69189	0.07143	2.44110	0.07143	0.07143	0.07143	0.07143	11.99372	0.07143	0.07143
122	2086	0.07143	0.07143	0.07143	5.72549	367.38072	0.07143	0.10808	0.07143	0.07143	0.07143	0.07143	0.07143	0.07143	0.07143
123	2460	0.07143	0.07143	0.07143	7.15722	364.10272	0.07143	1.95434	0.07143	0.07143	0.07143	0.07143	0.07143	0.07143	0.07143
124	2597	0.07143	4.16359	0.07143	0.07143	0.07144	0.07143	0.07143	0.07143	350.49500	0.07143	0.07143	18.55568	0.07143	0.07143
125	2282	0.07143	56.20311	0.07143	0.07143	0.07143	54.78593	0.07143	0.07143	254.12983	5.55080	0.07143	2.68747	0.07143	0.07143
126	2511	0.07143	33.91365	0.07143	0.07143	0.07143	67.71390	0.07143	0.07143	268.80492	0.07143	0.07143	2.85324	0.07143	0.07143
127	2598	0.07143	64.09174	0.07143	0.07143	0.07143	12.44190	0.07143	0.07143	294.16280	0.07143	0.07143	2.58927	0.07143	0.07143
128	2638	0.07143	0.07143	0.07143	0.07143	373.07140	0.07143	0.07145	0.07143	0.07143	0.07143	0.07143	0.07143	0.07143	0.07143
129	2390	0.07143	0.07143	0.07143	0.07143	0.07143	373.07143	0.07143	0.07143	0.07143	0.07143	0.07143	0.07143	0.07143	0.07143
130	2096	0.07143	0.07143	0.07143	0.07143	0.07143	373.07143	0.07143	0.07143	0.07143	0.07143	0.07143	0.07143	0.07143	0.07143
131	2218	0.07143	0.07143	0.07143	11.31601	361.82608	0.07143	0.07220	0.07143	0.07143	0.07143	0.07143	0.07143	0.07143	0.07143
132	1917	0.07143	0.07143	0.07143	4.07408	369.06827	0.07143	0.07193	0.07143	0.07143	0.07143	0.07143	0.07143	0.07143	0.07143
133	2353	0.07143	0.07143	0.07143	4.56777	368.57509	0.07143	0.07143	0.07143	0.07143	0.07143	0.07143	0.07143	0.07143	0.07143
134	2625	0.07143	0.07143	0.07143	0.07143	371.04155	0.07143	2.10130	0.07143	0.07143	0.07143	0.07143	0.07143	0.07143	0.07143
135	2194	0.07143	33.57866	0.07143	0.07143	0.07146	3.91974	0.07143	0.07143	328.43316	0.07143	0.07143	7.35412	0.07143	0.07143
136	2289	0.07143	32.79869	0.07143	0.07143	0.07143	0.07143	0.07143	0.07143	251.07821	80.82405	8.58477	0.07143	0.07143	0.07143
137	2323	0.07143	0.07143	0.07143	0.07143	373.07143	0.07143	0.07143	0.07143	0.07143	0.07143	0.07143	0.07143	0.07143	0.07143
138	2410	0.07143	0.07143	0.07143	15.35141	354.65249	0.07143	1.38894	0.07143	0.07143	0.07143	0.07143	0.07143	0.07143	1.89287
139	2631	0.07143	0.07143	0.07143	13.24733	359.89552	0.07143	0.07143	0.07143	0.07143	0.07143	0.07143	0.07143	0.07143	0.07143
140	2111	0.07143	52.94592	0.07143	0.07143	0.07143	47.61410	0.07143	0.07143	262.84658	0.07143	0.07143	9.87911	0.07143	0.07143
141	2062	0.07143	0.07143	0.07143	6.35537	0.07144	298.06502	0.07143	0.07143	0.07144	0.07143	0.07143	68.79387	0.07143	0.07143
142	2059	0.07143	0.07143	0.07143	2.04358	371.09875	0.07143	0.07195	0.07143	0.07143	0.07143	0.07143	0.07143	0.07143	0.07143
143	1938	0.07143	0.07143	0.07143	6.12870	367.01243	0.07143	0.07315	0.07143	0.07143	0.07143	0.07143	0.07143	0.07143	0.07143
144	2060	0.07143	0.07143	0.07143	3.77891	348.13804	8.86087	0.07143	0.07143	0.07143	10.09796	0.07143	2.48136	0.07143	0.07143
145	1939	0.07143	200.25362	0.07143	0.07143	0.07143	172.88924	0.07143	0.07143	0.07143	0.07143	0.07143	0.07143	0.07143	0.07143
146	2264	0.07143	62.84014	0.07143	0.07143	0.07143	24.10742	0.07143	0.07143	281.00838	0.07143	0.07143	5.32977	0.07143	0.07143
147	2574	0.07143	0.07143	0.07143	0.07143	369.37404	0.07143	0.07143	0.07143	0.07143	0.07143	0.07143	0.07143	0.07143	3.76882
148	2579	0.07143	0.07143	0.07143	0.07143	373.07143	0.07143	0.07143	0.07143	0.07143	0.07143	0.07143	0.07143	0.07143	0.07143
149	2419	0.07143	96.34145	0.07143	0.07143	0.07143	0.07143	0.07143	0.07143	210.26077	66.61206	0.07143	0.07143	0.07143	0.07143
150	2491	0.07143	33.09875	0.07143	0.07143	0.07144	13.46358	0.07143	0.07143	320.24091	0.07143	0.07143	6.48235	0.07155	0.07143
151	2468	0.07143	0.07143	0.07143	0.07607	297.54807	5.23715	0.07148	0.07143	64.52796	4.42145	0.07143	1.61782	0.07143	0.07143
152	2615	0.07143	0.07143	0.07143	2.13233	371.01052	0.07143	0.07143	0.07143	0.07143	0.07143	0.07143	0.07143	0.07143	0.07143
153	2507	0.07143	0.07143	0.07143	9.86435	361.68797	0.07143	1.66197	0.07143	0.07143	0.07143	0.07143	0.07143	0.07143	0.07143
154	2564	0.07143	0.07143	0.07143	6.16382	364.96940	0.07143	0.07368	0.07143	0.07143	0.07143	0.07143	0.07143	0.07143	2.07882
155	2420	0.07143	9.82529	0.07143	0.07143	0.07143	0.07143	0.07143	0.07143	343.76557	0.07143	0.07143	19.62343	0.07143	0.07143
156	1929	0.07143	0.07143	0.07143	0.07143	373.07143	0.07143	0.07143	0.07143	0.07143	0.07143	0.07143	0.07143	0.07143	0.07143
157	2154	0.07143	0.07143	0.07143	4.82854	365.95922	0.07143	0.07741	0.07143	0.07143	0.07143	0.07143	2.42055	0.07143	0.07143
158	1925	0.07143	0.07143	0.07143	3.14632	363.92665	3.85299	0.07143	0.07143	0.07143	0.07143	0.07143	0.07143	0.07143	2.35974
159	1940	0.07143	49.92901	0.07143	0.07143	0.07144	0.07143	0.07143	0.07143	318.98640	0.07143	0.07143	0.07143	4.29886	0.07143
160	2329	0.07143	0.07143	0.07143	0.07143	370.02881	0.07143	0.07143	0.07143	0.07145	0.07143	0.07143	3.11402	0.07143	0.07143
161	2469	0.07143	0.07143	0.07143	2.93337	370.20949	0.07143	0.07143	0.07143	0.07143	0.07143	0.07143	0.07143	0.07143	0.07143
162	2229	0.07143	0.07143	0.07143	13.34445	354.76123	5.10852	0.07151	0.07143	0.07143	0.07143	0.07143	0.07143	0.07143	0.07143
163	2552	0.07143	0.07143	0.07143	3.48257	369.66028	0.07143	0.07143	0.07143	0.07143	0.07143	0.07143	0.07143	0.07143	0.07143
164	1993	0.07143	0.07143	0.07143	3.95308	365.62564	0.07143	1.78701	0.07143	0.07143	0.07143	0.07143	0.07143	0.07143	1.91999
165	2032	0.07143	58.64632	0.07143	0.07143	0.07143	3.50578	0.07143	0.07143	308.25955	2.87407	0.07143	0.07143	0.07143	0.07143
166	2485	0.07143	0.07143	0.07143	0.07143	367.40396	0.07143	2.90998	0.07143	0.07143	0.07143	0.07143	0.07143	0.07143	2.90035
167	2395	0.07143	2.03485	0.07143	2.29196	364.65447	0.07143	2.07365	0.07143	0.07143	2.30221	0.07143	0.07143	0.07143	0.07143
168	2339	0.07143	0.07143	0.07143	10.51759	362.62418	0.07143	0.07251	0.07143	0.07143	0.07143	0.07143	0.07143	0.07143	0.07143
169	1989	0.07143	0.07143	0.07143	4.48011	368.66274	0.07144	0.07143	0.07143	0.07143	0.07143	0.07143	0.07143	0.07143	0.07143
170	2243	0.07143	0.07143	0.07143	0.07143	0.07143	373.07143	0.07143	0.07143	0.07143	0.07143	0.07143	0.07143	0.07143	0.07143
171	2434	0.07143	223.32597	0.07143	0.07143	0.07143	149.81689	0.07143	0.07143	0.07143	0.07143	0.07143	0.07143	0.07143	0.07143
172	2126	0.07143	0.07143	0.07143	0.07143	0.07143	0.07143	0.07143	0.07143	0.07143	0.07143	373.07143	0.07143	0.07143	0.07143
173	2408	0.07143	0.07143	0.07143	0.07143	373.06254	0.07143	0.08032	0.07143	0.07143	0.07143	0.07143	0.07143	0.07143	0.07143
174	2121	0.07143	0.07143	0.07143	2.51774	368.29032	2.40593	0.07172	0.07143	0.07143	0.07143	0.07143	0.07143	0.07143	0.07143
175	2453	0.07143	0.07143	0.07143	0.07143	0.07143	29.93242	0.07143	0.07143	0.07143	343.21044	0.07143	0.07143	0.07143	0.07143
176	2214	0.07143	0.07143	0.07143	0.07143	0.07143	0.07143	0.07143	0.07143	0.07143	373.07143	0.07143	0.07143	0.07143	0.07143
177	2633	0.07143	0.07143	0.07143	0.07143	0.07143	0.07143	0.07143	373.07143	0.07143	0.07143	0.07143	0.07143	0.07143	0.07143
178	2526	0.07143	0.07143	0.07143	29.65334	334.65477	0.07143	1.05466	0.07143	5.81144	0.07143	0.07143	0.07143	0.07143	2.18293
179	2430	0.07143	0.07143	0.07143	10.75379	360.05224	0.07143	2.40825	0.07143	0.07143	0.07143	0.07143	0.07143	0.07143	0.07143
180	1964	0.07143	0.07143	0.07143	0.07143	0.07143	0.07143	0.07143	0.07143	100.19302	199.30348	73.71779	0.07143	0.07143	0.07143
181	2064	0.07143	0.07143	0.07143	2.12754	371.01209	0.07143	0.07466	0.07143	0.07143	0.07143	0.07143	0.07143	0.07143	0.07143
182	2407	0.07143	0.07143	0.07143	0.07143	368.69220	0.07143	0.15797	0.07143	0.07143	0.07143	0.07143	0.07143	0.07143	4.36411
183	2317	0.07143	0.07143	0.07143	0.07143	0.07143	0.07143	0.07143	0.07143	0.07143	0.07143	373.07143	0.07143	0.07143	0.07143
184	2412	0.07143	0.07143	0.07143	0.07143	0.07143	0.07143	0.07143	0.07143	0.07143	0.07143	373.07143	0.07143	0.07143	0.07143
185	2406	0.07143	0.07143	0.07143	0.07143	0.07143	0.07143	0.07143	0.07143	0.07143	373.07143	0.07143	0.07143	0.07143	0.07143
186	2112	0.07143	0.07143	0.07143	7.20750	365.93522	0.07143	0.07157	0.07143	0.07143	0.07143	0.07143	0.07143	0.07143	0.07143
187	2404	0.07143	0.07143	0.07143	11.92663	359.47312	0.07143	1.81454	0.07143	0.07143	0.07143	0.07143	0.07143	0.07143	0.07143
188	2135	0.07143	0.07158	0.07143	0.07143	0.07143	0.07143	0.07143	0.07143	364.20650	0.07143	0.07143	8.93620	0.07143	0.07143
189	2498	0.07143	85.38027	0.07143	0.07143	0.07143	0.07143	0.07143	0.07143	248.92582	38.90819	0.07143	0.07143	0.07143	0.07143
190	2302	0.07143	20.54221	0.07143	0.07143	0.07143	0.07143	0.07143	0.07143	309.23027	3.89027	0.07143	39.62296	0.07143	0.07143
191	2629	0.07143	45.28678	0.07143	0.07143	0.07143	0.07143	0.07143	0.07143	309.10571	0.07143	0.07143	15.76765	3.12557	0.07143
192	2351	0.07143	41.06909	0.07143	0.07143	0.07143	6.53045	0.07143	0.07143	310.65215	0.07143	0.07143	4.47834	10.62710	0.07143
193	2212	0.07143	0.07143	0.07143	0.07143	373.07143	0.07143	0.07143	0.07143	0.07143	0.07143	0.07143	0.07143	0.07143	0.07143
194	2123	0.07143	0.07143	0.07143	5.89883	365.55695	0.07143	1.75851	0.07143	0.07143	0.07143	0.07143	0.07143	0.07143	0.07143
195	2053	0.07143	25.05093	0.07143	0.07143	0.07143	52.51986	0.07143	0.07143	281.78330	0.07143	0.07143	13.93163	0.07143	0.07143
196	2254	0.07143	27.90694	0.07143	0.07143	0.07143	8.85039	0.07143	0.07143	316.89519	11.05800	0.07143	8.64663	0.07143	0.07143
197	2271	0.07143	0.07143	0.07143	4.29522	368.84764	0.07143	0.07143	0.07143	0.07143	0.07143	0.07143	0.07143	0.07143	0.07143
198	2199	0.07143	49.44437	0.07143	0.07143	0.07143	48.69372	0.07143	0.07143	255.47770	2.86453	6.30384	10.64441	0.07143	0.07143
199	2054	0.07143	58.96038	0.07143	0.07143	0.07143	58.22656	0.07143	0.07143	253.62295	0.07143	0.07143	2.47582	0.07143	0.07143
200	2018	0.07143	0.07143	0.07143	0.07143	0.07143	0.07143	0.07143	373.07143	0.07143	0.07143	0.07143	0.07143	0.07143	0.07143
201	2636	0.07143	0.07143	0.07143	0.07143	0.07143	0.07143	0.07143	373.07143	0.07143	0.07143	0.07143	0.07143	0.07143	0.07143
202	2371	0.07143	0.07143	0.07143	0.07143	0.07143	0.07143	0.07143	0.07143	0.07143	0.07143	373.07143	0.07143	0.07143	0.07143
203	2166	0.07143	0.07143	0.07143	0.07143	0.07143	0.07143	0.07143	0.07143	0.07143	30.87927	342.26358	0.07143	0.07143	0.07143
204	2033	0.07143	0.07143	0.07143	0.07143	373.07142	0.07143	0.07144	0.07143	0.07143	0.07143	0.07143	0.07143	0.07143	0.07143
205	2608	0.07143	47.82257	0.07143	0.07143	0.07143	12.99229	0.07143	0.07143	287.52485	8.33783	0.07143	16.67960	0.07143	0.07143
206	2567	0.07143	26.46077	0.07143	0.07143	0.07144	0.07143	0.07143	0.07143	322.97385	0.07143	0.07143	20.38420	3.46688	0.07143
207	2338	0.07143	24.98314	0.07143	0.07143	0.07143	0.07143	0.07143	0.07143	337.17565	0.07143	0.07143	7.42237	3.70456	0.07143
208	1954	0.07143	70.97993	0.07143	0.07143	0.07143	0.07143	0.07143	94.67446	207.55989	0.07143	0.07143	0.07143	0.07143	0.07143
209	2555	0.07143	60.15923	0.07143	0.07143	0.07143	0.07143	0.07143	0.07143	307.09778	0.07143	0.07143	3.09889	2.92981	0.07143
210	2138	0.07143	28.82760	0.07143	0.07143	0.07143	0.07143	0.07143	0.07143	329.66882	3.23299	0.07143	11.55630	0.07143	0.07143
211	2357	0.07143	0.07143	0.07143	0.07143	0.07143	0.07143	0.07143	0.07143	0.07143	0.07143	373.07143	0.07143	0.07143	0.07143
212	2152	0.07143	0.07143	0.07143	0.07143	0.07143	0.07143	0.07143	0.07143	0.07143	0.07143	373.07143	0.07143	0.07143	0.07143
213	2372	0.07143	20.74845	0.07143	0.07143	0.07143	0.07143	0.07143	0.07143	337.27441	0.07143	0.07143	15.19143	0.07143	0.07143
214	2189	0.07143	0.07143	0.07143	81.06357	0.07144	0.07143	0.07143	0.07143	292.07928	0.07143	0.07143	0.07143	0.07143	0.07143
215	2590	0.07143	0.07143	0.07143	5.90791	367.23476	0.07143	0.07162	0.07143	0.07143	0.07143	0.07143	0.07143	0.07143	0.07143
216	2359	0.07143	0.07143	0.07143	0.07143	373.06561	0.07143	0.07725	0.07143	0.07143	0.07143	0.07143	0.07143	0.07143	0.07143
217	2020	0.07143	0.07143	0.07143	0.07143	373.07143	0.07143	0.07143	0.07143	0.07143	0.07143	0.07143	0.07143	0.07143	0.07143
218	2467	0.07143	0.07143	0.07143	0.07143	373.07143	0.07143	0.07143	0.07143	0.07143	0.07143	0.07143	0.07143	0.07143	0.07143
219	2266	0.07143	0.07143	0.07143	30.93695	329.22191	2.76320	0.91478	0.07143	9.52030	0.07143	0.07143	0.07143	0.07143	0.07143
220	2558	64.10966	0.07143	0.07143	0.07143	0.07143	0.07143	0.07143	0.07143	0.07143	0.07143	309.03320	0.07143	0.07143	0.07143
221	2375	0.07143	0.07143	0.07143	0.07143	0.07143	0.07143	0.07143	0.07143	0.07143	0.07143	373.07143	0.07143	0.07143	0.07143
222	1947	0.07143	261.07824	0.07143	0.07143	0.07143	108.76583	0.07143	0.07143	0.07143	0.07143	0.07143	0.07143	3.37021	0.07143
223	2432	0.07143	0.07143	0.07143	0.07143	0.07143	373.07143	0.07143	0.07143	0.07143	0.07143	0.07143	0.07143	0.07143	0.07143
224	2660	0.07143	0.07143	0.07143	0.07143	0.07143	0.07143	0.07143	373.07143	0.07143	0.07143	0.07143	0.07143	0.07143	0.07143
225	2640	0.07143	0.07143	0.07143	0.07143	0.07143	0.07143	0.07143	373.07143	0.07143	0.07143	0.07143	0.07143	0.07143	0.07143
226	2601	0.07143	0.07143	0.07143	4.06739	367.09878	0.07143	0.07270	0.07143	0.07143	0.07143	0.07143	0.07143	0.07143	2.04684
227	2069	0.07143	0.07143	0.07143	16.69283	352.74476	3.77669	0.07143	0.07143	0.07143	0.07143	0.07143	0.07143	0.07143	0.07143
228	2327	0.07143	31.92585	0.07143	0.07143	0.07143	63.58454	0.07143	0.07143	271.29257	6.48275	0.07143	0.07143	0.07143	0.07143
229	1928	0.07143	0.07143	0.07143	0.07143	0.07143	0.07143	0.07143	373.07143	0.07143	0.07143	0.07143	0.07143	0.07143	0.07143
230	2360	0.07143	0.07143	0.07143	0.07143	0.07143	0.07143	0.07143	0.07143	0.07143	0.07143	373.07143	0.07143	0.07143	0.07143
231	2156	0.07143	0.07143	0.07143	0.07143	0.07143	0.07143	0.07143	0.07143	0.07143	0.07143	373.07143	0.07143	0.07143	0.07143
232	2101	0.07143	6.09314	0.07143	0.07143	0.07143	149.75996	0.07143	0.07143	217.36119	0.07143	0.07143	0.07143	0.07143	0.07143
233	2095	0.07143	0.07143	0.07143	0.07143	368.15407	0.07143	2.53360	0.07143	0.07143	0.07143	0.07143	0.07143	2.52661	0.07143
234	2125	0.07143	89.80544	0.07143	0.07143	0.07143	14.90569	0.07143	0.07143	268.50315	0.07143	0.07143	0.07143	0.07143	0.07143
235	2124	0.07143	0.07143	0.07143	4.81114	366.22383	0.07143	2.17931	0.07143	0.07143	0.07143	0.07143	0.07143	0.07143	0.07143
236	2538	0.07143	0.07143	0.07143	0.07143	0.07143	0.07143	0.07143	373.07143	0.07143	0.07143	0.07143	0.07143	0.07143	0.07143
237	2447	0.07143	0.07143	0.07143	0.07143	0.07143	0.07143	0.07143	373.07143	0.07143	0.07143	0.07143	0.07143	0.07143	0.07143
238	2297	0.07143	0.07143	0.07143	0.07143	0.07143	0.07143	0.07143	373.07143	0.07143	0.07143	0.07143	0.07143	0.07143	0.07143
239	2659	0.07143	0.07143	0.07143	0.07143	0.07143	0.07143	0.07143	274.42530	0.07143	0.07143	98.71755	0.07143	0.07143	0.07143
240	2142	0.07143	5.20834	0.07143	23.40429	333.66764	3.75076	1.01101	0.07143	6.38652	0.07143	0.07143	0.07143	0.07143	0.07143
241	2414	0.07143	0.07143	0.07143	6.29017	364.80029	0.07143	0.07232	0.07143	0.07143	0.07143	0.07143	0.07143	0.07143	2.12293
242	2324	0.07143	5.18379	0.07143	0.07143	355.89568	0.07143	1.98556	0.07143	0.07143	0.07143	0.07143	10.22068	0.07143	0.07143
243	2334	0.07143	2.77959	0.07143	22.67525	345.60587	0.07143	2.22500	0.07143	0.07143	0.07143	0.07143	0.07143	0.07143	0.07143
244	2397	0.07143	0.07143	0.07143	0.07143	0.07143	0.07143	0.07143	0.07143	0.07143	0.07143	373.07143	0.07143	0.07143	0.07143
245	1978	0.07143	0.07143	0.07143	0.07143	0.07143	0.07143	0.07143	0.07143	0.07143	0.07143	373.07143	0.07143	0.07143	0.07143
246	2429	0.07143	0.07143	0.07143	49.64994	299.91147	0.07143	0.22366	0.07143	23.50064	0.07143	0.07143	0.07143	0.07143	0.07143
247	2300	0.07143	0.07143	0.07143	41.12143	332.02141	0.07143	0.07144	0.07143	0.07143	0.07143	0.07143	0.07143	0.07143	0.07143
248	2606	0.07143	0.07143	0.07143	0.07143	373.07143	0.07143	0.07143	0.07143	0.07143	0.07143	0.07143	0.07143	0.07143	0.07143
249	2276	0.07143	0.07143	0.07143	0.07143	368.15533	0.07143	2.53083	0.07143	0.07143	0.07143	0.07143	0.07143	0.07143	2.52813
250	2554	0.07143	0.07143	0.07143	0.07143	368.87502	0.07143	0.07143	0.07143	0.07143	0.07143	0.07143	0.07143	0.07143	4.26784
251	2258	0.07143	0.07143	0.07143	16.51639	349.45703	0.07143	7.24087	0.07143	0.07143	0.07143	0.07143	0.07143	0.07143	0.07143
252	2331	0.07143	0.07143	0.07143	4.09190	369.05094	0.07143	0.07144	0.07143	0.07143	0.07143	0.07143	0.07143	0.07143	0.07143
253	1942	0.07143	0.07143	0.07143	373.07143	0.07143	0.07143	0.07143	0.07143	0.07143	0.07143	0.07143	0.07143	0.07143	0.07143
254	2584	0.07143	0.07143	0.07143	373.07143	0.07143	0.07143	0.07143	0.07143	0.07143	0.07143	0.07143	0.07143	0.07143	0.07143
255	2517	0.07143	0.07143	0.07143	0.07143	0.07143	0.07143	0.07143	0.07143	0.07143	373.07143	0.07143	0.07143	0.07143	0.07143
256	2192	0.07143	0.07143	0.07143	0.07143	0.07143	0.07143	0.07143	373.07143	0.07143	0.07143	0.07143	0.07143	0.07143	0.07143
257	2090	0.07143	0.07143	0.07143	4.11311	369.02968	0.07143	0.07149	0.07143	0.07143	0.07143	0.07143	0.07143	0.07143	0.07143
258	2340	0.07143	0.07143	0.07143	4.02371	367.33933	0.07143	1.85124	0.07143	0.07143	0.07143	0.07143	0.07143	0.07143	0.07143
259	2127	0.07143	14.75211	0.07143	0.07143	0.07143	3.58401	0.07143	0.07143	326.78171	3.91523	0.07143	0.07143	24.32408	0.07143
260	1943	0.07143	0.07143	0.07143	10.14720	362.99541	0.07143	0.07167	0.07143	0.07143	0.07143	0.07143	0.07143	0.07143	0.07143
261	2586	0.07143	0.07143	0.07143	2.10926	371.03291	0.07143	0.07211	0.07143	0.07143	0.07143	0.07143	0.07143	0.07143	0.07143
262	2116	0.07143	0.07143	0.07143	0.07143	0.07143	0.07143	0.07143	290.06475	0.07143	10.21374	0.07143	0.07143	72.93579	0.07143
263	2365	0.07143	0.07143	0.07143	0.07143	0.07143	0.07143	0.07143	373.07143	0.07143	0.07143	0.07143	0.07143	0.07143	0.07143
264	2523	0.07143	0.07143	0.07143	0.07143	0.07143	0.07143	0.07143	0.07143	0.07143	58.36355	314.77931	0.07143	0.07143	0.07143
265	2158	0.07143	0.07143	0.07143	0.07143	0.07143	0.07143	0.07143	0.07143	0.07143	0.07143	373.07143	0.07143	0.07143	0.07143
266	1985	0.07143	0.07143	0.07143	11.51506	320.73361	0.07143	0.07264	0.07143	0.07144	0.07143	0.07143	39.28251	0.07143	1.75331
267	2279	0.07143	25.95555	0.07143	0.07143	0.07143	9.99782	0.07143	0.07143	330.63838	0.07143	0.07143	6.69397	0.07143	0.07143
268	1948	0.07143	56.87275	0.07143	0.07143	0.07143	0.07143	0.07143	0.07143	309.04852	0.07143	0.07143	7.29301	0.07143	0.07143
269	1957	0.07143	0.07143	0.07143	0.07143	0.07143	0.07143	0.07143	373.07143	0.07143	0.07143	0.07143	0.07143	0.07143	0.07143
270	2648	0.07143	0.07143	0.07143	0.07143	0.07143	0.07143	0.07143	373.07143	0.07143	0.07143	0.07143	0.07143	0.07143	0.07143
271	1946	0.07143	0.07143	0.07143	2.14603	369.07109	0.07143	1.99717	0.07143	0.07143	0.07143	0.07143	0.07143	0.07143	0.07143
272	2337	0.07143	0.07143	0.07143	0.07143	0.07143	0.07143	0.07143	373.07143	0.07143	0.07143	0.07143	0.07143	0.07143	0.07143
273	2225	0.07143	0.07143	0.07143	0.07143	0.07143	0.07143	0.07143	373.07143	0.07143	0.07143	0.07143	0.07143	0.07143	0.07143
274	2016	0.07143	0.07143	0.07143	0.07143	0.07143	0.07143	0.07143	373.07143	0.07143	0.07143	0.07143	0.07143	0.07143	0.07143
275	2244	0.07143	0.07143	0.07143	1.98634	369.25877	0.07143	0.07392	0.07143	0.07143	0.07143	0.07143	0.07143	0.07143	1.96669
276	2348	0.07143	0.07143	0.07143	2.60116	365.52535	0.07143	0.07143	0.07143	0.07143	0.07143	0.07143	2.58196	0.07143	2.57724
277	2600	0.07143	0.07143	0.07143	6.36557	366.77582	0.07143	0.07290	0.07143	0.07143	0.07143	0.07143	0.07143	0.07143	0.07143
278	2593	0.07143	0.07143	0.07143	0.07143	373.07142	0.07143	0.07144	0.07143	0.07143	0.07143	0.07143	0.07143	0.07143	0.07143
279	2056	0.07143	0.07143	0.07143	48.81609	322.59266	0.07143	1.80553	0.07143	0.07143	0.07143	0.07143	0.07143	0.07143	0.07143
280	2396	0.07143	0.07143	0.07143	0.07143	0.07143	365.15545	0.07143	0.07143	0.07143	7.98740	0.07143	0.07143	0.07143	0.07143
281	1952	0.07143	0.07143	0.07143	23.41542	0.07143	293.23797	0.07143	0.07143	0.07143	56.56088	0.07143	0.07143	0.07143	0.07143
282	2458	0.07143	34.60705	0.07143	0.07143	0.07143	51.62093	0.07143	0.07143	286.98631	0.07143	0.07143	0.07143	0.07143	0.07143
283	2489	0.07143	0.07143	0.07143	7.17270	361.93822	0.07143	4.10336	0.07143	0.07143	0.07143	0.07143	0.07143	0.07143	0.07143
284	1983	0.07143	0.07143	0.07143	24.93385	348.20839	0.07143	0.07204	0.07143	0.07143	0.07143	0.07143	0.07143	0.07143	0.07143
285	2328	0.07143	63.20387	0.07143	0.07143	0.07143	66.85632	0.07143	0.07143	232.96556	5.49477	0.07143	0.07143	4.83661	0.07143
286	2394	0.07143	0.07143	0.07143	0.07143	0.07143	111.22626	0.07143	0.07143	261.91660	0.07143	0.07143	0.07143	0.07143	0.07143
287	1718	0.07143	66.46219	0.07143	0.07143	0.07143	4.08847	0.07143	0.07143	295.30511	3.92183	0.07143	0.07143	3.57955	0.07143
288	2333	0.07143	35.10338	0.07143	0.07143	0.07143	74.31051	0.07143	0.07143	246.66457	0.07143	0.07143	14.76757	2.51111	0.07143
289	2446	0.07143	0.07143	0.07143	0.07143	370.70533	0.07143	2.43753	0.07143	0.07143	0.07143	0.07143	0.07143	0.07143	0.07143
290	1997	0.07143	0.07143	0.07143	0.07143	370.27815	0.07143	2.86470	0.07143	0.07143	0.07143	0.07143	0.07143	0.07143	0.07143
291	1955	0.07143	7.77377	0.07143	0.07143	0.07143	6.24504	0.07143	0.07143	359.19548	0.07143	0.07143	0.07143	0.07143	0.07143
292	1920	0.07143	32.50209	0.07143	0.07143	0.07143	10.79714	0.07143	0.07143	322.84458	0.07143	0.07143	7.14191	0.07143	0.07143
293	2074	0.07143	0.07143	0.07143	0.07143	373.06225	0.07143	0.08061	0.07143	0.07143	0.07143	0.07143	0.07143	0.07143	0.07143
294	1926	0.07143	25.62739	0.07143	0.07143	0.07143	5.79051	0.07143	0.07143	273.73589	68.13193	0.07143	0.07143	0.07143	0.07143
295	2570	0.07143	0.07143	0.07143	0.07143	0.07143	0.07143	0.07143	0.07143	0.07143	0.07143	373.07143	0.07143	0.07143	0.07143
296	2647	0.07143	0.07143	0.07143	0.07143	0.07143	0.07143	0.07143	373.07143	0.07143	0.07143	0.07143	0.07143	0.07143	0.07143
297	2435	0.07143	0.07143	0.07143	0.07143	0.07143	0.07143	0.07143	373.07143	0.07143	0.07143	0.07143	0.07143	0.07143	0.07143
298	2213	0.07143	0.07143	0.07143	0.07143	373.07143	0.07143	0.07143	0.07143	0.07143	0.07143	0.07143	0.07143	0.07143	0.07143
299	2464	0.07143	0.07143	0.07143	0.07143	371.19365	0.07143	0.07282	0.07143	0.07143	0.07143	0.07143	0.07143	0.07143	1.94781
300	2335	0.07143	0.07143	0.07143	0.07143	0.07143	0.07143	0.07143	0.07143	0.07143	0.07143	373.07143	0.07143	0.07143	0.07143
301	1960	0.07143	0.07143	0.07143	0.07143	0.07143	0.07143	0.07143	0.07143	0.07143	0.07143	373.07143	0.07143	0.07143	0.07143
302	2392	0.07143	0.07143	0.07143	4.27174	360.57489	8.36749	0.07160	0.07143	0.07143	0.07143	0.07143	0.07143	0.07143	0.07143
303	2549	0.07143	0.07143	0.07143	0.07143	373.07143	0.07143	0.07143	0.07143	0.07143	0.07143	0.07143	0.07143	0.07143	0.07143
304	2131	0.07143	0.07143	0.07143	8.06327	361.52659	0.07143	1.69997	0.07143	1.99589	0.07143	0.07143	0.07143	0.07143	0.07143
305	2309	0.07143	0.07143	0.07143	13.65814	359.48469	0.07143	0.07145	0.07143	0.07143	0.07143	0.07143	0.07143	0.07143	0.07143
306	2092	0.07143	0.07143	0.07143	373.07143	0.07143	0.07143	0.07143	0.07143	0.07143	0.07143	0.07143	0.07143	0.07143	0.07143
307	2165	0.07144	0.07143	0.07143	6.06629	367.07656	0.07143	0.07143	0.07143	0.07143	0.07143	0.07143	0.07143	0.07143	0.07143
308	2149	0.07143	71.71479	0.07143	0.07143	0.07143	0.07143	0.07143	0.07143	278.88590	10.38519	0.07143	9.27193	3.09933	0.07143
309	2007	0.07143	30.80817	0.07143	60.66138	0.07144	5.19577	0.07143	0.07143	274.13839	2.55239	0.07143	0.07245	0.07143	0.07143
310	2445	0.07143	0.07143	0.07143	0.07143	0.07143	0.07143	0.07143	0.07143	361.99142	0.07143	0.07143	11.15144	0.07143	0.07143
311	2306	0.07143	0.07143	0.07143	0.07143	373.07141	0.07143	0.07145	0.07143	0.07143	0.07143	0.07143	0.07143	0.07143	0.07143
312	2043	0.07143	0.07143	0.07143	2.25369	370.88453	0.07143	0.07606	0.07143	0.07143	0.07143	0.07143	0.07143	0.07143	0.07143
313	2535	0.07143	0.07143	295.56348	0.07143	0.07143	0.07143	0.07143	0.07143	0.07143	0.07143	77.57938	0.07143	0.07143	0.07143
314	2492	0.07143	0.07143	0.07143	2.21365	370.92782	0.07143	0.07281	0.07143	0.07143	0.07143	0.07143	0.07143	0.07143	0.07143
315	2361	0.07143	0.07143	0.07143	0.07143	0.07143	0.07143	0.07143	0.07143	0.07143	0.07143	373.07143	0.07143	0.07143	0.07143
316	2280	0.07143	114.20483	0.07143	0.07143	0.07143	258.93803	0.07143	0.07143	0.07143	0.07143	0.07143	0.07143	0.07143	0.07143
317	2619	0.07143	0.07143	0.07143	4.73282	368.41004	0.07143	0.07143	0.07143	0.07143	0.07143	0.07143	0.07143	0.07143	0.07143
318	2385	0.07143	0.07143	0.07143	0.07143	0.07143	0.07143	0.07143	0.07143	0.07143	0.07143	0.07143	373.07143	0.07143	0.07143
319	2530	0.07143	0.07143	0.07143	0.07143	0.07143	0.07143	0.07143	0.07143	0.07143	0.07143	0.07143	327.50684	45.63601	0.07143
320	1913	0.07143	0.07143	0.07143	0.07143	0.07143	0.07143	0.07143	0.07143	0.07143	0.07143	0.07143	0.07143	373.07143	0.07143
321	2542	0.07143	0.07143	0.07143	8.35489	353.62029	3.86499	0.07188	0.07143	7.44509	0.07143	0.07143	0.07143	0.07143	0.07143
322	2246	0.07143	354.62177	0.07143	0.07143	0.07143	5.35845	0.07143	0.07143	0.07143	4.74992	0.07143	0.07143	8.55557	0.07143
323	2002	0.07143	354.49835	0.07143	0.07143	0.07143	12.64579	0.07143	0.07143	0.07143	0.07143	0.07143	6.07011	0.07146	0.07143
324	1972	0.07143	0.07143	0.07143	0.07143	0.07143	0.07143	0.07143	356.76392	0.07143	0.07143	0.07143	16.37893	0.07143	0.07143
325	2242	0.07143	0.07143	0.07143	0.07143	0.07144	30.80769	0.07143	0.07143	0.07143	342.33515	0.07143	0.07143	0.07143	0.07143
326	2416	0.07143	0.07143	0.07143	0.07143	0.07143	0.07143	0.07143	0.07143	0.07143	373.07143	0.07143	0.07143	0.07143	0.07143
327	2071	0.07143	25.26962	0.07143	0.07143	0.07143	3.53168	0.07143	0.07143	341.25029	0.07143	0.07143	3.23412	0.07143	0.07143
328	2102	0.07143	53.23937	0.07143	0.07143	0.07143	0.07143	0.07143	0.07143	290.06832	4.80226	0.07143	8.89786	16.34933	0.07143
329	2616	0.07143	58.78636	0.07143	0.07143	0.07144	0.07143	0.07143	0.07143	270.66262	0.07143	0.07143	0.07143	43.76530	0.07143
330	2176	0.07143	268.58360	0.07143	0.07143	0.07143	0.07143	0.07143	0.07143	0.07143	104.51453	0.07143	0.07143	0.11615	0.07143
331	2267	0.07143	59.26527	0.07143	0.07143	0.07143	5.96057	0.07143	0.07143	298.58090	0.07143	0.07143	4.79558	4.75484	0.07143
332	2068	0.07143	47.76549	0.07143	0.07143	0.07143	0.07143	0.07143	0.07143	311.65767	0.07143	0.07143	13.79113	0.07143	0.07143
333	1577	0.07143	63.67209	0.07143	0.07143	0.07143	0.07143	0.07143	0.07143	292.54912	0.07143	0.07143	4.97354	12.09097	0.07143
334	2370	0.07143	0.07143	0.07143	0.07143	373.06205	0.07143	0.08081	0.07143	0.07143	0.07143	0.07143	0.07143	0.07143	0.07143
335	2237	3.12906	0.07143	0.07143	0.07143	370.00564	0.07143	0.07958	0.07143	0.07143	0.07143	0.07143	0.07143	0.07143	0.07143
336	2583	0.07143	0.07143	0.07143	0.07143	0.07143	0.07143	0.07143	373.07143	0.07143	0.07143	0.07143	0.07143	0.07143	0.07143
337	2378	0.07143	0.07143	0.07143	0.07143	0.07143	0.07143	0.07143	373.07143	0.07143	0.07143	0.07143	0.07143	0.07143	0.07143
338	2503	0.07143	0.07143	0.07143	0.07143	0.07143	0.07143	0.07143	0.07143	0.07143	0.07143	373.07143	0.07143	0.07143	0.07143
339	2114	0.07143	0.07143	0.07143	0.07143	0.07143	0.07143	0.07143	0.07143	0.07143	34.72001	338.42285	0.07143	0.07143	0.07143
340	2260	0.07143	0.07143	0.07143	0.07143	0.07143	0.07143	0.07143	0.07143	0.07143	0.07143	373.07143	0.07143	0.07143	0.07143
341	2307	0.07143	0.07143	0.07143	0.07143	373.07143	0.07143	0.07143	0.07143	0.07143	0.07143	0.07143	0.07143	0.07143	0.07143
342	2336	0.07143	40.33037	0.07143	0.07143	0.07143	10.12033	0.07143	0.07143	307.27164	0.07143	0.07143	15.56337	0.07143	0.07143
343	2120	0.07143	0.07143	0.07143	0.07143	0.07143	0.07143	0.07143	0.07143	0.07143	0.07143	373.07143	0.07143	0.07143	0.07143
344	2105	0.07143	0.07143	0.07143	0.07143	0.07143	0.07143	0.07143	0.07143	0.07143	0.07143	373.07143	0.07143	0.07143	0.07143
345	2161	0.07143	2.86033	0.07143	0.07143	0.07143	135.73786	0.07143	0.07143	234.61609	0.07143	0.07143	0.07143	0.07143	0.07143
346	2287	0.07143	0.07143	5.63923	0.07143	350.75910	0.07143	5.66908	0.07143	0.07143	0.07143	0.07143	0.07143	5.76768	5.52204
347	2529	0.07143	0.07143	0.07143	0.07143	0.07143	0.07143	0.07143	0.07143	0.07143	0.07143	0.07143	0.07143	373.07143	0.07143
348	1966	0.07143	0.07143	0.07143	24.40546	348.73739	0.07143	0.07143	0.07143	0.07143	0.07143	0.07143	0.07143	0.07143	0.07143
349	2285	0.07143	22.55175	0.07143	0.07143	0.07143	8.74897	0.07143	0.07143	327.62840	0.07143	0.07143	14.35659	0.07143	0.07143
350	2247	0.07143	95.62888	0.07143	0.07143	0.07143	7.15620	0.07143	0.07143	243.96496	13.51361	0.07143	0.07781	13.08711	0.07143
351	2261	0.07143	0.07143	0.07143	0.07143	373.07143	0.07143	0.07143	0.07143	0.07143	0.07143	0.07143	0.07143	0.07143	0.07143
352	2504	2.55852	0.07143	0.07143	0.07143	370.58369	0.07143	0.07208	0.07143	0.07143	0.07143	0.07143	0.07143	0.07143	0.07143
353	2495	0.07143	0.07143	0.07143	0.07143	373.07143	0.07143	0.07143	0.07143	0.07143	0.07143	0.07143	0.07143	0.07143	0.07143
354	2343	0.07143	357.13722	0.07143	0.07143	0.07144	0.07143	0.07143	0.07143	0.07143	0.07143	0.07143	0.07143	16.00562	0.07143
355	2487	0.07143	0.07143	373.07143	0.07143	0.07143	0.07143	0.07143	0.07143	0.07143	0.07143	0.07143	0.07143	0.07143	0.07143
356	2245	0.07143	0.07143	373.07143	0.07143	0.07143	0.07143	0.07143	0.07143	0.07143	0.07143	0.07143	0.07143	0.07143	0.07143
357	1988	0.07143	0.07143	0.07143	327.85119	0.07143	0.07143	0.07143	0.07143	45.29166	0.07143	0.07143	0.07143	0.07143	0.07143
358	2466	0.07143	26.81260	0.07143	346.33026	0.07143	0.07143	0.07143	0.07143	0.07143	0.07143	0.07143	0.07143	0.07143	0.07143
359	2223	0.07143	21.45048	0.07143	0.07143	0.07143	8.59843	0.07143	0.07143	336.33128	0.07143	0.07143	6.90552	0.07143	0.07143
360	2653	0.07143	0.07143	0.07143	0.07143	0.07143	0.07143	0.07143	0.07143	367.67849	0.07143	0.07143	5.46437	0.07143	0.07143
361	2164	0.07143	0.07143	0.07143	4.22232	368.92054	0.07143	0.07143	0.07143	0.07143	0.07143	0.07143	0.07143	0.07143	0.07143
362	2472	0.07143	0.07143	0.07143	0.07143	0.07143	0.07143	0.07143	64.99731	303.05163	0.07143	0.07143	5.16534	0.07143	0.07143
363	2241	0.07143	76.06361	0.07143	0.07143	0.07143	0.07143	0.07143	0.07143	297.07924	0.07143	0.07143	0.07143	0.07143	0.07143
364	136	0.07143	7.93005	0.07143	0.07143	0.07143	0.07143	0.07143	102.93255	258.66453	0.07143	0.07143	0.07143	3.75859	0.07143
365	2451	0.07143	0.43558	0.07143	0.07143	0.07143	75.53097	0.07143	0.07143	293.65045	0.07143	0.07143	3.66872	0.07143	0.07143
366	2050	0.07143	0.07143	0.07143	0.07143	0.07143	0.07143	0.07143	373.07143	0.07143	0.07143	0.07143	0.07143	0.07143	0.07143
367	2196	0.07143	46.76552	0.07143	0.07143	0.07143	0.07143	0.07143	0.07143	322.81449	0.07143	0.07143	3.63428	0.07143	0.07143
368	2075	0.07143	0.07143	0.07143	0.07143	0.07143	373.07143	0.07143	0.07143	0.07143	0.07143	0.07143	0.07143	0.07143	0.07143
369	2501	0.07143	0.07143	0.07143	29.99530	0.07146	323.15409	0.07143	0.07143	0.07143	0.07143	0.07143	20.06486	0.07143	0.07143
370	2423	0.07143	0.07143	0.07143	2.39715	370.74457	0.07143	0.07257	0.07143	0.07143	0.07143	0.07143	0.07143	0.07143	0.07143
371	2250	0.07143	62.48091	0.07143	0.07143	0.07143	0.07143	0.07143	0.07143	285.36795	0.07143	0.07143	0.07143	25.36543	0.07143
372	2180	0.07143	40.30603	0.07143	0.07143	0.07143	0.07143	0.07143	0.07143	329.42263	0.07143	0.07143	3.48563	0.07143	0.07143
373	2478	0.07143	0.07143	0.07143	373.07143	0.07143	0.07143	0.07143	0.07143	0.07143	0.07143	0.07143	0.07143	0.07143	0.07143
374	2058	0.07143	0.07143	0.07143	50.76640	322.37076	0.07143	0.07712	0.07143	0.07143	0.07143	0.07143	0.07143	0.07143	0.07143
375	2183	0.07143	53.72459	0.07143	0.07143	0.07143	0.07143	0.07143	0.07143	304.83184	0.07143	0.07143	11.78729	2.94199	0.07143
376	2533	0.07143	17.37874	0.07143	0.07143	0.07144	0.07143	0.07143	3.91349	347.60316	0.07143	0.07143	4.39031	0.07143	0.07143
377	2409	0.07143	0.07143	0.07143	6.71855	362.31285	0.07143	2.04924	0.07143	0.07143	0.07143	0.07143	0.07143	0.07143	2.20507
378	2582	0.07143	111.16271	0.07143	0.07143	0.07143	0.07143	0.07143	0.07143	258.13576	0.07143	0.07143	0.07143	3.91582	0.07143
379	2377	0.07143	291.51777	0.07143	0.07143	0.07143	81.62508	0.07143	0.07143	0.07143	0.07143	0.07143	0.07143	0.07143	0.07143
380	2215	0.07143	0.07143	0.07143	0.07143	0.07143	0.07143	0.07143	0.07143	311.17213	0.07143	0.07143	61.97073	0.07143	0.07143
381	2197	0.07143	0.07143	0.07143	0.07143	0.07143	0.07143	0.07143	0.07143	0.07143	0.07143	373.07143	0.07143	0.07143	0.07143
382	2236	0.07143	0.07143	0.07143	0.07143	0.07143	0.07143	0.07143	0.07143	0.07143	0.07143	373.07143	0.07143	0.07143	0.07143
383	2499	0.07143	0.07143	0.07143	37.65588	335.48698	0.07143	0.07143	0.07143	0.07143	0.07143	0.07143	0.07143	0.07143	0.07143
384	2322	0.07143	0.07143	0.07143	0.07143	0.07143	0.07143	0.07143	0.07143	0.07143	214.99662	158.14624	0.07143	0.07143	0.07143
385	2098	0.07143	0.07143	0.07143	0.07143	373.07143	0.07143	0.07143	0.07143	0.07143	0.07143	0.07143	0.07143	0.07143	0.07143
386	2418	0.07143	0.07143	0.07143	0.07143	373.04850	0.07143	0.09435	0.07143	0.07143	0.07143	0.07143	0.07143	0.07143	0.07143
387	2381	0.07143	0.07143	0.07143	0.07143	370.93413	0.07143	0.07478	0.07143	0.07143	0.07143	0.07143	0.07143	0.07143	2.20537
388	2603	0.07143	0.07143	0.07143	0.07143	0.07143	299.56541	0.07143	0.07143	0.07143	73.57744	0.07143	0.07143	0.07143	0.07143
389	2644	0.07143	0.07143	0.07143	0.07143	0.07143	0.07143	0.07143	0.07143	0.07143	0.07143	373.07143	0.07143	0.07143	0.07143
390	2417	0.07143	0.07143	0.07143	0.07143	0.07143	0.07143	0.07143	65.71196	307.43090	0.07143	0.07143	0.07143	0.07143	0.07143
391	1999	0.07143	0.07143	0.07143	0.07143	0.07143	0.07143	0.07143	373.07143	0.07143	0.07143	0.07143	0.07143	0.07143	0.07143
392	2220	0.07143	0.07143	0.07143	0.07143	371.12404	0.07143	2.01882	0.07143	0.07143	0.07143	0.07143	0.07143	0.07143	0.07143
393	2578	0.07143	0.07143	0.07143	2.39983	370.74301	0.07143	0.07144	0.07143	0.07143	0.07143	0.07143	0.07143	0.07143	0.07143
394	2045	0.07143	0.07143	0.07143	0.07143	373.07141	0.07143	0.07145	0.07143	0.07143	0.07143	0.07143	0.07143	0.07143	0.07143
395	1953	0.07143	0.07143	0.07143	0.07143	373.05993	0.07143	0.08293	0.07143	0.07143	0.07143	0.07143	0.07143	0.07143	0.07143
396	2028	0.07143	61.05986	0.07143	0.07143	0.07143	0.07143	0.07143	0.07143	308.35218	0.07143	0.07143	3.80224	0.07143	0.07143
397	2556	0.07143	0.07143	0.07143	5.97979	367.16307	0.07143	0.07143	0.07143	0.07143	0.07143	0.07143	0.07143	0.07143	0.07143
398	2191	0.07143	10.24543	0.07143	0.07143	0.07144	0.07143	0.07143	0.07143	349.62959	0.07143	0.07143	8.94460	4.46608	0.07143
399	2235	0.07143	0.07143	0.07143	0.07143	0.07143	328.72936	0.07143	0.07143	0.07143	44.41350	0.07143	0.07143	0.07143	0.07143
400	2288	0.07143	0.07143	0.07143	248.16756	0.07144	0.07143	0.07143	0.07143	0.07143	124.97529	0.07143	0.07143	0.07143	0.07143
401	1987	0.07143	24.47223	0.07143	0.07143	0.07143	0.07143	0.07143	0.07143	293.24812	0.07143	0.07143	55.49394	0.07143	0.07143
402	2475	0.07143	119.16152	0.07143	0.07143	0.07143	0.07143	0.07143	0.07143	253.98134	0.07143	0.07143	0.07143	0.07143	0.07143
403	2547	0.07143	0.07143	0.07143	0.07143	0.07143	23.13347	0.07143	0.07143	350.00938	0.07143	0.07143	0.07143	0.07143	0.07143
404	2319	0.07143	29.28755	0.07143	0.07143	0.07143	0.07143	0.07143	0.07143	318.70353	0.07143	0.07143	6.41660	18.87803	0.07143
405	2617	0.07143	17.13741	0.07143	0.07143	0.07143	74.03912	0.07143	0.07143	282.03775	0.07143	0.07143	0.07143	0.07143	0.07143
406	1914	0.07143	0.07143	0.07143	0.07143	0.07143	0.07143	0.07143	373.07143	0.07143	0.07143	0.07143	0.07143	0.07143	0.07143
407	2658	0.07143	0.07143	0.07143	0.07143	0.07143	0.07143	0.07143	373.07143	0.07143	0.07143	0.07143	0.07143	0.07143	0.07143
408	2163	0.07143	344.87905	0.07143	0.07143	0.07144	0.07143	0.07143	0.07143	0.07143	28.26379	0.07143	0.07143	0.07143	0.07143
409	2311	0.07143	0.07143	0.07143	50.43550	0.07148	0.07143	322.70730	0.07143	0.07143	0.07143	0.07143	0.07143	0.07143	0.07143
410	2052	0.07143	362.22940	0.07143	0.07143	0.07143	5.01948	0.07143	0.07143	5.07586	0.07143	0.07143	0.96093	0.07147	0.07143
411	2594	0.07143	39.85011	0.07143	9.56622	0.07143	19.62102	0.07143	0.07143	291.10070	9.39604	0.07143	0.07143	3.89447	0.07143
412	2273	0.07143	372.89846	0.07143	0.07143	0.07143	0.07143	0.07143	0.07143	0.07143	0.07143	0.07143	0.24434	0.07148	0.07143
413	2202	0.07143	0.07143	0.07143	0.07143	0.07143	0.07143	0.07143	373.07143	0.07143	0.07143	0.07143	0.07143	0.07143	0.07143
414	2222	0.07143	0.07143	0.07143	0.07143	0.07143	373.07143	0.07143	0.07143	0.07143	0.07143	0.07143	0.07143	0.07143	0.07143
415	1922	0.07143	0.07143	0.07143	0.07143	0.07143	0.07143	0.07143	0.07143	0.07143	0.07143	373.07143	0.07143	0.07143	0.07143
416	2341	0.07143	0.07143	0.07143	0.07143	0.07143	0.07143	0.07143	17.82411	0.07143	0.07143	355.31875	0.07143	0.07143	0.07143
417	2139	0.07143	0.07143	0.07143	0.07143	370.92510	0.07143	2.21776	0.07143	0.07143	0.07143	0.07143	0.07143	0.07143	0.07143
418	2462	0.07143	0.07143	0.07143	0.07143	345.20380	6.00072	4.04994	0.07143	0.07143	0.07143	0.07143	18.03125	0.07143	0.07143
419	2591	0.07143	0.07143	0.07143	0.07143	373.07143	0.07143	0.07143	0.07143	0.07143	0.07143	0.07143	0.07143	0.07143	0.07143
420	2628	0.07143	0.07143	0.07143	0.07143	0.07143	0.07143	0.07143	0.07143	0.07143	0.07143	373.07143	0.07143	0.07143	0.07143
421	2291	0.07143	0.07143	0.07143	0.07143	0.07143	0.07143	0.07143	0.07143	0.07143	373.07143	0.07143	0.07143	0.07143	0.07143
422	2643	0.07143	42.01673	0.07143	0.07143	0.07143	4.24676	0.07143	0.07143	326.95077	0.07143	0.07143	0.07145	0.07143	0.07143
423	2293	0.07143	0.07143	0.07143	0.07143	0.07143	0.07143	0.07143	0.07143	365.29345	0.07143	0.07143	7.84940	0.07143	0.07143
424	1975	0.07143	0.07143	0.07143	0.07143	0.07143	0.07143	0.07143	0.07143	0.07143	0.07143	373.07143	0.07143	0.07143	0.07143
425	1930	0.07143	0.07143	0.07143	0.07143	0.07143	0.07143	0.07143	0.07143	0.07143	0.07143	373.07143	0.07143	0.07143	0.07143
426	2516	0.07143	105.31132	0.07143	0.07143	0.07144	0.07143	0.07143	0.07143	263.39431	0.07143	0.07143	0.07143	4.50865	0.07143
427	2057	0.07143	0.07143	0.07143	0.07143	0.07143	0.07143	0.07143	0.07143	0.07143	0.07143	0.07143	373.07143	0.07143	0.07143
428	2623	0.07143	0.07143	0.07143	6.55736	361.29606	0.07143	0.08139	0.07143	5.35090	0.07143	0.07143	0.07143	0.07143	0.07143
429	2006	0.07143	0.07143	0.07143	0.07143	0.07143	0.07143	0.07143	373.07143	0.07143	0.07143	0.07143	0.07143	0.07143	0.07143
430	2366	0.07143	0.07143	0.07143	0.07143	0.07143	0.07143	0.07143	0.07143	0.07144	301.17713	36.77591	35.26124	0.07143	0.07143
431	2211	0.07143	0.07143	0.07143	0.07143	0.07143	0.07143	0.07143	0.07143	0.07143	373.07143	0.07143	0.07143	0.07143	0.07143
432	2352	0.07143	0.07143	0.07143	2.32813	370.81472	0.07143	0.07143	0.07143	0.07143	0.07143	0.07143	0.07143	0.07143	0.07143
433	2427	0.07143	0.07143	0.07143	308.13509	0.07145	0.07143	0.07143	0.07143	65.00775	0.07143	0.07143	0.07143	0.07143	0.07143
434	1934	0.07143	0.07143	0.07143	0.07143	0.07143	0.07143	0.07143	0.07143	0.07143	0.07143	373.07143	0.07143	0.07143	0.07143
435	2299	0.07143	0.07143	0.07143	0.07143	370.61511	0.07143	0.07143	0.07143	0.07143	0.07143	0.07143	0.07143	0.07143	2.52774
436	2226	0.07143	136.68383	0.07143	0.07143	0.07143	47.07116	0.07143	0.07143	0.07143	189.45928	0.07143	0.07143	0.07143	0.07143
437	2573	0.07143	0.07143	0.07143	5.07978	368.06308	0.07143	0.07143	0.07143	0.07143	0.07143	0.07143	0.07143	0.07143	0.07143
438	1923	0.07143	122.41520	0.07143	0.07143	0.07143	0.07143	0.07143	0.07143	0.07143	250.72766	0.07143	0.07143	0.07143	0.07143
439	2575	0.07143	0.07143	0.07143	2.78973	367.66207	0.07143	0.07144	0.07143	0.07143	0.07143	0.07143	2.76248	0.07143	0.07143
440	2559	0.07143	0.07143	0.07143	0.07143	373.07143	0.07143	0.07143	0.07143	0.07143	0.07143	0.07143	0.07143	0.07143	0.07143
441	2368	0.07143	355.70186	0.07143	0.07143	0.07143	12.57596	0.07143	0.07143	0.07143	0.07143	4.93540	0.07249	0.07143	0.07143
442	2642	0.07143	67.04251	0.07143	0.07143	0.07143	3.76688	0.07143	0.07143	209.66492	88.82700	0.07143	0.07143	4.05582	0.07143
443	2349	0.07143	0.07143	0.07143	373.07143	0.07143	0.07143	0.07143	0.07143	0.07143	0.07143	0.07143	0.07143	0.07143	0.07143
444	2384	0.07143	37.92956	0.07143	0.07143	0.07143	51.10722	0.07143	0.07143	248.04947	0.07143	0.07143	16.92665	19.34424	0.07143
445	2645	0.07143	0.07143	0.07143	0.07143	0.07143	0.07143	0.07143	373.07143	0.07143	0.07143	0.07143	0.07143	0.07143	0.07143
446	2210	0.07143	0.07143	0.07143	0.07143	349.44525	0.07143	0.07143	0.07143	0.07143	3.99821	0.07143	19.77082	0.07143	0.07143
447	2159	0.07143	0.07143	0.07143	0.07143	0.07143	0.07143	0.07143	373.07143	0.07143	0.07143	0.07143	0.07143	0.07143	0.07143
448	2424	0.07143	0.07143	0.07143	0.07143	0.07143	0.07143	0.07143	0.07143	0.07143	0.07143	373.07143	0.07143	0.07143	0.07143
449	2000	0.07143	0.07143	0.07143	0.07143	0.07143	0.07143	0.07143	373.07143	0.07143	0.07143	0.07143	0.07143	0.07143	0.07143
450	2157	0.07143	0.07143	0.07143	0.07143	0.07143	0.07143	0.07143	373.07143	0.07143	0.07143	0.07143	0.07143	0.07143	0.07143
451	2539	0.07143	0.07143	0.07143	0.07143	370.35895	0.07143	2.78391	0.07143	0.07143	0.07143	0.07143	0.07143	0.07143	0.07143
452	2657	0.07143	0.07143	0.07143	0.07143	0.07143	0.07143	0.07143	373.07143	0.07143	0.07143	0.07143	0.07143	0.07143	0.07143
453	1935	0.07143	0.07143	0.07143	0.07143	0.07143	0.07143	0.07143	373.07143	0.07143	0.07143	0.07143	0.07143	0.07143	0.07143
454	2313	21.02327	0.07143	0.07143	0.07143	0.07147	0.07143	0.07143	0.07143	0.07143	63.45519	288.73578	0.07143	0.07143	0.07143
455	2613	0.07143	0.07143	0.07143	0.07143	373.06279	0.07143	0.08006	0.07143	0.07143	0.07143	0.07143	0.07143	0.07143	0.07143
456	2356	0.07143	0.07143	0.07143	0.07143	373.07141	0.07143	0.07145	0.07143	0.07143	0.07143	0.07143	0.07143	0.07143	0.07143
457	2108	0.07143	0.07143	0.07143	0.07143	373.07143	0.07143	0.07143	0.07143	0.07143	0.07143	0.07143	0.07143	0.07143	0.07143
458	2155	0.07143	181.33598	0.07143	0.07143	0.07143	48.49218	0.07143	0.07143	0.07143	143.38612	0.07143	0.07143	0.07143	0.07143
459	2144	0.07143	0.07143	0.07143	0.07143	0.07143	0.07143	0.07143	0.07143	368.12147	0.07143	0.07143	5.02139	0.07143	0.07143
460	1921	0.07143	0.07143	0.07143	0.07143	0.07143	0.07143	0.07143	373.07143	0.07143	0.07143	0.07143	0.07143	0.07143	0.07143
461	2072	0.07143	24.73717	0.07143	0.07143	0.07143	81.55163	0.07143	0.07143	266.92548	0.07143	0.07143	0.07143	0.07143	0.07143
462	2461	0.07143	80.78726	0.07143	0.07143	0.07143	3.50655	0.07143	0.07143	282.26528	3.76685	0.07143	0.07210	3.03053	0.07143
463	2310	0.07143	0.07143	0.07143	0.07143	0.07143	0.07143	0.07143	0.07143	0.07143	373.07143	0.07143	0.07143	0.07143	0.07143
464	2465	0.07143	0.07143	0.07143	0.07143	0.07143	6.78079	0.07143	0.07143	359.70225	0.07143	0.07143	6.73125	0.07143	0.07143
465	2083	0.07143	0.07143	0.07143	5.24061	367.90225	0.07143	0.07143	0.07143	0.07143	0.07143	0.07143	0.07143	0.07143	0.07143
466	2232	0.07143	0.07143	0.07143	0.07143	0.07143	5.82088	0.07143	0.07143	274.95164	92.44177	0.07143	0.07143	0.07143	0.07143
467	1919	0.07143	0.07143	0.07143	0.07143	0.07143	0.07143	0.07143	373.07143	0.07143	0.07143	0.07143	0.07143	0.07143	0.07143
468	1951	0.07143	0.07143	0.07143	0.07143	0.07143	0.07143	0.07143	373.07143	0.07143	0.07143	0.07143	0.07143	0.07143	0.07143
469	2026	0.07143	22.43241	0.07143	0.07143	0.07151	10.82196	0.07143	0.07143	293.50730	0.07143	0.07143	0.07143	0.77568	45.81972
470	2270	0.07143	0.07143	0.07143	0.07143	0.07143	0.07143	0.07143	0.07143	0.07143	373.07143	0.07143	0.07143	0.07143	0.07143
471	2011	0.07143	0.07143	0.07143	0.07143	0.07143	0.07143	0.07143	373.07143	0.07143	0.07143	0.07143	0.07143	0.07143	0.07143
472	1995	0.07143	0.07143	0.07143	0.07143	0.07143	0.07143	0.07143	373.07143	0.07143	0.07143	0.07143	0.07143	0.07143	0.07143
473	2639	0.07143	0.07143	0.07143	0.07143	0.07143	0.07143	0.07143	373.07143	0.07143	0.07143	0.07143	0.07143	0.07143	0.07143
474	1965	0.07143	0.07143	0.07143	0.07143	0.07143	0.07143	0.07143	0.07143	0.07143	130.35747	242.78538	0.07143	0.07143	0.07143
475	1918	0.07143	0.07143	0.07143	0.07143	370.70791	0.07143	0.07143	0.07143	0.07143	0.07143	0.07143	0.07143	0.07143	2.43494
476	2208	0.07143	0.07143	0.07143	19.02480	0.07145	0.07143	0.07143	0.07143	0.07143	0.07143	0.07143	354.11804	0.07143	0.07143
477	2308	0.07143	0.07143	0.07143	2.55286	370.58534	0.07143	0.07609	0.07143	0.07143	0.07143	0.07143	0.07143	0.07143	0.07143
478	1931	0.07143	0.07143	0.07143	0.07143	0.07143	0.07143	0.07143	373.07143	0.07143	0.07143	0.07143	0.07143	0.07143	0.07143
479	2221	0.07143	0.07143	0.07143	0.07143	0.07143	361.93525	0.07143	0.07143	0.07143	11.20760	0.07143	0.07143	0.07143	0.07143
480	2027	0.07143	0.07143	0.07143	0.07143	0.07143	0.07143	0.07143	373.07143	0.07143	0.07143	0.07143	0.07143	0.07143	0.07143
481	2081	0.07143	40.89703	0.07143	0.07143	0.07143	58.98036	0.07143	0.07143	257.29050	0.07143	0.07143	16.11782	0.07143	0.07143
482	2609	0.07143	0.07143	0.07143	0.07143	0.07143	0.07143	0.07143	0.07143	0.07143	0.07143	0.07143	373.07143	0.07143	0.07143
483	2038	0.07143	15.82012	0.07143	0.07143	0.07143	0.07143	0.07143	0.07143	277.88286	79.51131	0.07143	0.07143	0.07143	0.07143
484	2048	0.07143	0.07143	70.00875	0.07143	0.07153	35.64913	0.07143	0.07143	0.07143	267.55629	0.07143	0.07143	0.07143	0.07143
485	2587	0.07143	0.07143	0.07143	0.07143	0.07143	0.07143	0.07143	0.07143	0.07143	0.07143	373.07143	0.07143	0.07143	0.07143
486	2067	0.07143	0.07143	0.07143	373.07143	0.07143	0.07143	0.07143	0.07143	0.07143	0.07143	0.07143	0.07143	0.07143	0.07143
487	1980	0.07143	0.07143	0.07143	0.07143	0.07143	0.07143	0.07143	373.07143	0.07143	0.07143	0.07143	0.07143	0.07143	0.07143
488	2185	0.07143	224.99443	0.07143	0.07143	0.07143	0.07143	0.07143	0.07143	0.07143	148.14842	0.07143	0.07143	0.07143	0.07143
489	2537	0.07143	23.56852	0.07143	0.07143	0.07143	116.90542	0.07143	0.07143	232.74035	0.07143	0.07143	0.07143	0.07143	0.07143
490	2004	0.07143	0.07143	0.07143	0.07143	0.07143	0.07143	0.07143	373.07143	0.07143	0.07143	0.07143	0.07143	0.07143	0.07143
491	2315	0.07143	0.07143	0.07143	0.07143	0.07143	0.07143	0.07143	0.07143	362.34244	0.07143	0.07143	10.80042	0.07143	0.07143
492	2249	0.07143	27.28120	0.07143	0.07143	0.07143	0.07143	0.07143	0.07143	301.97931	0.07143	43.95378	0.07143	0.07143	0.07143
493	2147	0.07143	0.07143	0.07143	373.07143	0.07143	0.07143	0.07143	0.07143	0.07143	0.07143	0.07143	0.07143	0.07143	0.07143
494	2502	0.07143	104.66072	0.07143	0.07143	0.07143	0.07143	0.07143	0.07143	230.90595	10.03496	0.07143	7.47660	20.27891	0.07143
495	2137	0.07143	0.07143	0.07143	33.22324	0.07146	0.07143	0.07143	0.07143	309.50999	0.07143	0.07143	30.48103	0.07143	0.07143
496	2362	0.07143	0.07143	0.07143	0.07143	0.07143	0.07143	0.07143	0.07143	0.07143	373.07143	0.07143	0.07143	0.07143	0.07143
497	2398	0.07143	7.11885	0.07143	0.07143	0.07143	11.91865	0.07143	0.07143	350.13469	0.07143	0.07143	4.11352	0.07143	0.07143
498	2589	0.07143	0.07145	0.07143	0.07143	0.07143	0.07143	0.07143	0.07143	368.24256	0.07145	0.07143	0.07143	4.90026	0.07143
499	2463	0.07143	67.66197	0.07143	0.07143	0.07143	0.07143	0.07143	0.07143	299.23852	3.26948	0.07143	0.07143	3.11575	0.07143
500	2170	0.07143	0.07143	0.07143	373.07143	0.07143	0.07143	0.07143	0.07143	0.07143	0.07143	0.07143	0.07143	0.07143	0.07143
501	2479	0.07143	0.07143	0.07143	0.07143	0.07143	373.07143	0.07143	0.07143	0.07143	0.07143	0.07143	0.07143	0.07143	0.07143
502	2134	0.07143	15.84993	0.07143	0.07143	0.07143	0.07143	0.07143	0.07143	347.98303	0.07143	0.07143	9.38132	0.07143	0.07143
503	2115	0.07143	0.07143	0.07143	0.07143	373.07143	0.07143	0.07143	0.07143	0.07143	0.07143	0.07143	0.07143	0.07143	0.07143
504	2088	0.07143	0.07143	0.07143	5.82960	367.31320	0.07143	0.07149	0.07143	0.07143	0.07143	0.07143	0.07143	0.07143	0.07143
505	2145	0.07143	0.07143	0.07143	0.07143	0.07143	0.07143	0.07143	0.07143	0.07143	301.87201	71.27084	0.07143	0.07143	0.07143
506	2174	0.07143	47.52445	0.07143	0.07143	0.07143	0.07143	0.07143	0.07143	296.52611	29.16373	0.07143	0.07143	0.07143	0.07143
507	2546	2.69867	0.07143	0.07143	0.07143	370.44160	0.07143	0.07401	0.07143	0.07143	0.07143	0.07143	0.07143	0.07143	0.07143
508	2344	0.07143	258.45573	0.07143	0.07143	0.07143	111.40439	0.07143	0.07143	0.07143	0.07143	0.07143	0.07143	3.35416	0.07143
509	2274	0.07143	0.07143	0.07143	0.07143	0.07143	373.07143	0.07143	0.07143	0.07143	0.07143	0.07143	0.07143	0.07143	0.07143
510	2415	0.07143	0.07143	0.07143	0.07143	0.07143	363.61049	0.07143	0.07143	0.07143	9.53237	0.07143	0.07143	0.07143	0.07143
511	2037	0.07143	0.07143	0.07143	26.58499	346.55640	0.07143	0.07290	0.07143	0.07143	0.07143	0.07143	0.07143	0.07143	0.07143
512	2136	0.07143	0.07143	0.07143	5.23569	367.79442	0.07143	0.18417	0.07143	0.07143	0.07143	0.07143	0.07143	0.07143	0.07143
513	1958	0.07143	0.07143	0.07143	0.07143	0.07143	0.07143	0.07143	373.07143	0.07143	0.07143	0.07143	0.07143	0.07143	0.07143
514	2486	0.07143	0.07143	0.07143	351.13025	0.07143	22.01261	0.07143	0.07143	0.07143	0.07143	0.07143	0.07143	0.07143	0.07143
515	2513	0.07143	0.07143	0.07143	373.07143	0.07143	0.07143	0.07143	0.07143	0.07143	0.07143	0.07143	0.07143	0.07143	0.07143
516	2471	0.07143	82.69286	0.07143	0.07143	0.07143	0.07143	0.07143	0.07143	290.45000	0.07143	0.07143	0.07143	0.07143	0.07143
517	2190	0.07143	0.07143	0.07143	0.07143	373.07143	0.07143	0.07143	0.07143	0.07143	0.07143	0.07143	0.07143	0.07143	0.07143
518	2041	0.07143	0.07143	0.07143	0.07143	0.07143	0.07143	0.07143	0.07143	0.07143	140.00673	233.13613	0.07143	0.07143	0.07143
519	2456	0.07143	0.07143	0.07143	0.07143	0.07143	0.07143	0.07143	0.07143	0.07143	0.07143	373.07143	0.07143	0.07143	0.07143
520	2610	0.07143	0.07143	0.07143	0.07143	0.07143	0.07143	0.07143	0.07143	0.07143	319.23224	0.07143	0.07143	53.91062	0.07143
521	2401	0.07143	0.07143	0.07143	300.15311	0.07143	0.07143	0.07143	0.07143	72.98974	0.07143	0.07143	0.07143	0.07143	0.07143
522	2540	0.07143	0.07143	0.07143	0.07143	0.07143	0.07143	0.07143	0.07143	0.07143	151.19000	221.95286	0.07143	0.07143	0.07143
523	2198	0.07143	373.07143	0.07143	0.07143	0.07143	0.07143	0.07143	0.07143	0.07143	0.07143	0.07143	0.07143	0.07143	0.07143
524	2039	0.07143	24.20540	0.07143	0.07143	0.07143	0.07143	0.07143	0.07143	338.51613	0.07143	0.07143	10.49276	0.07143	0.07143
525	1973	0.07143	0.07143	0.07143	0.07143	0.07143	0.07143	0.07143	349.54234	0.07143	0.07143	0.07143	0.07143	23.60051	0.07143
526	2525	0.07143	0.07143	0.07143	0.07143	0.07143	0.07143	0.07143	0.07143	0.07143	373.07143	0.07143	0.07143	0.07143	0.07143
527	2128	0.07143	284.31703	0.07143	0.07143	0.07144	23.03895	0.07143	0.07143	0.07143	13.10870	0.07143	17.45774	35.43469	0.07143
528	2474	0.07143	0.07143	0.07143	0.07143	0.07143	0.07143	0.07143	0.07143	0.07143	26.71965	346.42321	0.07143	0.07143	0.07143
529	2411	0.07143	0.07143	0.07143	0.07143	0.07143	0.07143	0.07143	0.07143	0.07143	0.07143	373.07143	0.07143	0.07143	0.07143
530	2476	0.07143	0.07143	0.07143	373.07143	0.07143	0.07143	0.07143	0.07143	0.07143	0.07143	0.07143	0.07143	0.07143	0.07143
531	2443	0.07143	0.07143	0.07143	310.23716	0.07144	0.07143	0.07143	0.07143	45.95115	0.07143	17.02597	0.07143	0.07143	0.07143
532	2545	0.07143	0.07143	0.07143	373.07143	0.07143	0.07143	0.07143	0.07143	0.07143	0.07143	0.07143	0.07143	0.07143	0.07143
533	2314	0.07143	0.07143	0.07143	0.07143	0.07143	0.07143	0.07143	0.07143	0.07143	0.07143	373.07143	0.07143	0.07143	0.07143
534	2576	0.07143	0.07143	0.07143	373.07143	0.07143	0.07143	0.07143	0.07143	0.07143	0.07143	0.07143	0.07143	0.07143	0.07143
535	2318	0.07143	0.07143	0.07143	0.07143	0.07143	0.07143	0.07143	0.07143	0.07143	373.07143	0.07143	0.07143	0.07143	0.07143
536	2618	0.07143	0.07143	0.07143	0.07143	0.07143	0.07143	0.07143	0.07143	0.07143	0.07143	373.07143	0.07143	0.07143	0.07143
537	2021	0.07143	0.07143	0.07143	0.07143	0.07143	0.07143	0.07143	0.07143	0.07143	0.07143	0.07143	0.07143	0.07143	373.07143
538	1933	0.07143	0.07143	0.07143	0.07143	0.07143	0.07143	0.07143	0.07143	0.07143	0.07143	373.07143	0.07143	0.07143	0.07143
539	2403	0.07143	0.07143	0.07143	0.07143	0.07143	0.07143	0.07143	0.07143	0.07143	0.07143	373.07143	0.07143	0.07143	0.07143
540	2179	0.07143	0.07143	0.07143	0.07143	365.02113	0.07143	4.10667	0.07143	0.07143	0.07143	0.07143	0.07143	0.07143	4.08648
541	2031	0.07143	0.07143	0.07143	0.07143	0.07143	0.07143	0.07143	0.07143	0.07143	373.07143	0.07143	0.07143	0.07143	0.07143
542	2216	2.89730	0.07143	0.07143	0.07143	370.23663	0.07143	0.08036	0.07143	0.07143	0.07143	0.07143	0.07143	0.07143	0.07143
543	2444	0.07143	0.07143	0.07143	373.07143	0.07143	0.07143	0.07143	0.07143	0.07143	0.07143	0.07143	0.07143	0.07143	0.07143
544	2473	0.07143	0.07143	0.07143	0.07143	0.07143	6.98645	0.07143	0.07143	268.08526	98.14257	0.07143	0.07143	0.07143	0.07143
545	2325	0.07143	156.78940	0.07143	0.07143	0.07143	0.07143	0.07143	0.07143	0.07147	211.34611	0.07143	0.07143	5.07873	0.07143
546	2119	0.07143	0.07143	0.07143	0.07143	0.07143	0.07143	0.07143	0.07143	0.07143	0.07143	373.07143	0.07143	0.07143	0.07143
547	2566	0.07143	0.07143	0.07143	0.07143	0.07143	0.07143	0.07143	0.07143	0.07143	373.07143	0.07143	0.07143	0.07143	0.07143
548	2205	0.07143	0.07143	0.07143	0.07143	0.07143	0.07143	0.07143	0.07143	0.07143	373.07143	0.07143	0.07143	0.07143	0.07143
549	2652	0.07143	0.07143	0.07143	0.07143	0.07143	373.07143	0.07143	0.07143	0.07143	0.07143	0.07143	0.07143	0.07143	0.07143
550	2330	0.07143	0.07143	0.07143	0.07143	0.07143	0.07143	0.07143	0.07143	373.07143	0.07143	0.07143	0.07143	0.07143	0.07143
551	2316	0.07143	0.07143	0.07143	0.07143	0.07143	0.07143	0.07143	0.07143	0.07143	0.07143	290.18254	82.96031	0.07143	0.07143
552	2178	0.07143	0.07143	0.07143	0.07143	0.07143	0.07143	0.07143	0.07143	0.07143	0.07143	0.07143	373.07143	0.07143	0.07143
553	2035	0.07143	0.07143	0.07143	0.07143	0.07143	0.07143	0.07143	0.07143	0.07143	0.07143	373.07143	0.07143	0.07143	0.07143
554	2049	0.07143	0.07143	0.07143	0.07143	0.07143	0.07143	0.07143	0.07143	0.07143	4.25437	368.88849	0.07143	0.07143	0.07143
555	2268	0.07143	12.99201	0.07143	0.07143	0.07143	0.07143	0.07143	65.89216	281.29311	3.23191	0.07143	9.94795	0.07143	0.07143
556	2332	0.07143	43.87564	0.07143	0.07143	0.07143	9.21856	0.07143	0.07143	305.11626	0.07143	0.07143	15.07526	0.07143	0.07143
557	2146	0.07143	0.07143	0.07143	0.07143	0.07143	0.07143	0.07143	0.07143	0.07143	0.07143	373.07143	0.07143	0.07143	0.07143
558	2383	81.15829	0.07143	0.07143	291.98447	0.07153	0.07143	0.07143	0.07143	0.07143	0.07143	0.07143	0.07143	0.07143	0.07143
559	2637	0.07143	84.67270	0.07143	0.07143	0.07143	0.07143	0.07143	0.07143	0.07143	288.47016	0.07143	0.07143	0.07143	0.07143
560	1970	0.07143	179.16815	0.07143	0.07143	0.07143	158.68986	0.07143	0.07143	0.07143	25.51697	0.07143	0.07143	9.91073	0.07143
561	2012	0.07143	0.07143	0.07143	0.07143	0.07143	0.07143	0.07143	373.07143	0.07143	0.07143	0.07143	0.07143	0.07143	0.07143
562	2171	0.07143	0.07143	0.07143	0.07143	0.07143	0.07143	0.07143	373.07143	0.07143	0.07143	0.07143	0.07143	0.07143	0.07143
563	2209	0.07143	0.07143	0.07143	0.07143	0.07143	0.07143	0.07143	0.07143	0.07143	373.07143	0.07143	0.07143	0.07143	0.07143
564	1963	0.07143	0.07143	0.07143	4.50440	368.63842	0.07143	0.07147	0.07143	0.07143	0.07143	0.07143	0.07143	0.07143	0.07143
565	2304	0.07143	233.90766	0.07143	0.07143	0.07143	120.70483	0.07143	0.07143	0.07143	6.92895	0.07143	0.07143	11.74427	0.07143
566	2355	0.07143	0.07143	0.07143	0.07143	0.07143	0.07143	0.07143	0.07143	0.07144	18.17410	0.07143	0.07143	354.96873	0.07143
567	2148	0.07143	14.43433	0.07143	0.07143	0.07143	0.07143	0.07143	0.07143	349.77443	0.07143	0.07143	9.00552	0.07143	0.07143
568	2259	0.07143	0.13936	0.07143	21.31647	0.07143	7.45706	0.07143	0.07143	344.37283	0.07143	0.07143	0.07143	0.07143	0.07143
569	2066	0.07143	0.07143	0.07143	0.07143	0.07143	0.07143	0.07143	0.07143	0.07143	373.07143	0.07143	0.07143	0.07143	0.07143
570	2151	0.07143	95.77057	0.07143	0.07143	0.07143	0.07143	0.07143	0.07143	277.37229	0.07143	0.07143	0.07143	0.07143	0.07143
571	2393	0.07143	0.07143	0.07143	373.07143	0.07143	0.07143	0.07143	0.07143	0.07143	0.07143	0.07143	0.07143	0.07143	0.07143
572	2438	0.07143	0.07143	0.07143	0.07143	0.07143	373.07143	0.07143	0.07143	0.07143	0.07143	0.07143	0.07143	0.07143	0.07143
573	2400	0.07143	0.07143	0.07143	0.07143	0.07143	0.07143	0.07143	0.07143	0.07143	0.07143	0.07143	0.07143	373.07143	0.07143
574	2454	0.07143	0.07143	0.07143	373.07143	0.07143	0.07143	0.07143	0.07143	0.07143	0.07143	0.07143	0.07143	0.07143	0.07143
575	2284	0.07143	0.07143	0.07143	0.07143	0.07143	0.07143	0.07143	373.07143	0.07143	0.07143	0.07143	0.07143	0.07143	0.07143
576	2298	0.07143	231.52045	0.07143	0.07143	0.07143	0.07143	0.07143	0.07143	0.07143	141.62240	0.07143	0.07143	0.07143	0.07143
577	2003	0.07143	0.07143	0.07143	0.07143	0.07143	373.07143	0.07143	0.07143	0.07143	0.07143	0.07143	0.07143	0.07143	0.07143
578	2295	0.07143	355.41024	0.07143	0.07143	0.07143	0.07143	0.07143	0.07143	0.07143	17.73262	0.07143	0.07143	0.07143	0.07143
579	1990	0.07143	0.07143	0.07143	0.07143	0.07143	0.07143	0.07143	0.07143	0.07143	0.07143	373.07143	0.07143	0.07143	0.07143
580	2544	0.07143	306.12597	0.07143	0.07143	0.07143	0.07143	0.07143	0.07143	0.07144	29.45871	0.07143	37.50930	0.19173	0.07143
581	2061	0.07143	0.07143	0.07143	0.07143	0.07143	0.07143	0.07143	373.07143	0.07143	0.07143	0.07143	0.07143	0.07143	0.07143
582	1976	0.07143	0.07143	0.07143	0.07143	0.07143	0.07143	0.07143	363.17853	0.07143	0.07143	0.07143	0.07143	9.96432	0.07143
583	1927	0.07143	0.07143	0.07143	0.07143	0.07143	0.07143	0.07143	373.07143	0.07143	0.07143	0.07143	0.07143	0.07143	0.07143
584	2055	0.07143	0.07143	0.07143	0.07143	367.87670	0.07143	0.07143	0.07143	0.07143	0.07143	0.07143	5.26615	0.07143	0.07143
585	2350	0.07143	0.07143	0.07143	86.49372	231.26315	14.06975	0.07143	0.07143	41.45909	0.07143	0.07143	0.07143	0.07143	0.07143
586	2588	0.07143	78.19557	0.07143	0.07143	0.07143	0.07143	0.07143	0.07143	285.78558	9.23314	0.07143	0.07143	0.07143	0.07143
587	2450	373.07143	0.07143	0.07143	0.07143	0.07143	0.07143	0.07143	0.07143	0.07143	0.07143	0.07143	0.07143	0.07143	0.07143
588	2320	0.07143	0.07143	0.07143	373.07143	0.07143	0.07143	0.07143	0.07143	0.07143	0.07143	0.07143	0.07143	0.07143	0.07143
589	1992	0.07143	0.07143	0.07143	373.07143	0.07143	0.07143	0.07143	0.07143	0.07143	0.07143	0.07143	0.07143	0.07143	0.07143
590	2571	0.07143	0.07143	0.07143	0.07143	0.07143	0.07143	0.07143	55.41700	317.72585	0.07143	0.07143	0.07143	0.07143	0.07143
591	2234	0.07143	0.07143	0.07143	373.07143	0.07143	0.07143	0.07143	0.07143	0.07143	0.07143	0.07143	0.07143	0.07143	0.07143
592	2387	0.07143	0.07143	0.07143	346.22942	0.07144	7.84810	0.07143	0.07143	19.13675	0.07143	0.07143	0.07143	0.07143	0.07143
593	1968	0.07143	0.07143	0.07143	0.07143	0.07143	0.07143	0.07143	373.07143	0.07143	0.07143	0.07143	0.07143	0.07143	0.07143
594	2585	0.07143	0.07143	0.07143	0.07143	0.07143	0.07143	0.07143	373.07143	0.07143	0.07143	0.07143	0.07143	0.07143	0.07143
595	2405	0.07143	0.07143	0.07143	0.07143	0.07143	0.07143	0.07143	0.07143	0.07143	0.07143	373.07143	0.07143	0.07143	0.07143
596	2162	0.07143	0.07143	0.07143	0.07143	0.07143	0.07143	0.07143	0.07143	0.07143	39.57963	333.56322	0.07143	0.07143	0.07143
597	2402	0.07143	0.07143	0.07143	0.07143	0.07143	0.07143	0.07143	0.07143	0.07143	0.07143	373.07143	0.07143	0.07143	0.07143
598	2238	0.07143	0.07143	0.07143	0.07143	0.07143	0.07143	0.07143	0.07143	0.07143	0.07143	373.07143	0.07143	0.07143	0.07143
599	2089	0.07143	0.07143	0.07143	0.07143	0.07143	0.07143	0.07143	0.07143	0.07143	0.07143	373.07143	0.07143	0.07143	0.07143
600	2044	0.07143	0.07143	0.07143	373.07143	0.07143	0.07143	0.07143	0.07143	0.07143	0.07143	0.07143	0.07143	0.07143	0.07143
601	2379	0.07143	0.07143	0.07143	0.07143	0.07143	12.35474	0.07143	0.07143	258.67767	102.18187	0.07143	0.07143	0.07143	0.07143
602	2651	0.07143	0.07143	0.07143	0.07143	0.07143	63.67816	0.07143	0.07143	0.07143	309.46470	0.07143	0.07143	0.07143	0.07143
603	2009	0.07143	0.07143	0.07143	0.07143	0.07143	0.07143	0.07143	373.07143	0.07143	0.07143	0.07143	0.07143	0.07143	0.07143
604	2177	0.07143	0.07143	0.07143	0.07143	0.07143	334.96175	0.07143	0.07143	0.07143	38.18110	0.07143	0.07143	0.07143	0.07143
605	2252	0.07143	0.07143	0.07143	0.07143	0.07143	373.07143	0.07143	0.07143	0.07143	0.07143	0.07143	0.07143	0.07143	0.07143
606	2231	0.07143	0.07143	0.07143	0.07143	0.07143	0.07143	0.07143	0.07143	0.07143	12.95446	360.18840	0.07143	0.07143	0.07143
607	2076	0.07143	0.07143	0.07143	349.59865	0.07143	0.07143	0.07143	0.07143	0.07143	23.54420	0.07143	0.07143	0.07143	0.07143
608	2367	0.07143	0.07143	0.07143	0.07143	0.07143	9.08220	0.07143	0.07143	252.39022	111.74186	0.07143	0.07143	0.07143	0.07143
609	2303	0.07143	0.07143	0.07143	373.07143	0.07143	0.07143	0.07143	0.07143	0.07143	0.07143	0.07143	0.07143	0.07143	0.07143
610	2455	0.07143	0.07143	0.07143	0.07143	0.07143	0.07143	0.07143	0.07143	0.07143	25.51888	347.62397	0.07143	0.07143	0.07143
611	2627	0.07143	0.07143	0.07143	0.07143	0.07143	0.07143	0.07143	373.07143	0.07143	0.07143	0.07143	0.07143	0.07143	0.07143
612	2534	0.07143	0.07143	0.07143	0.07143	0.07143	0.07143	0.07143	0.07143	0.07143	0.07143	373.07143	0.07143	0.07143	0.07143
613	2130	0.07143	0.07143	0.07143	0.07143	0.07143	0.07143	0.07143	0.07143	0.07143	0.07143	373.07143	0.07143	0.07143	0.07143
614	2480	0.07143	0.07143	0.07143	0.07143	0.07143	47.01397	0.07143	0.07143	0.07143	326.12889	0.07143	0.07143	0.07143	0.07143
615	2531	0.07143	0.07143	0.07143	0.07143	0.07143	0.07143	0.07143	31.52317	119.21686	25.56787	0.07143	0.07143	196.97782	0.07143
616	2389	0.07143	0.07143	0.07143	0.07143	0.07143	0.07143	0.07143	100.31391	0.07143	0.07143	0.07143	0.07143	272.82894	0.07143
617	2568	0.07143	0.07143	0.07143	0.07143	0.07143	373.07143	0.07143	0.07143	0.07143	0.07143	0.07143	0.07143	0.07143	0.07143
618	2014	0.07143	0.07143	0.07143	0.07143	0.07143	0.07143	0.07143	373.07143	0.07143	0.07143	0.07143	0.07143	0.07143	0.07143
619	1982	0.07143	0.07143	0.07143	164.84796	0.07143	66.88502	0.07143	0.07143	118.67038	22.88235	0.07143	0.07143	0.07143	0.07143
620	2452	0.07143	0.07143	0.07143	0.07143	0.07143	0.07143	0.07143	0.07143	0.07143	373.07143	0.07143	0.07143	0.07143	0.07143
621	2107	0.07143	0.07143	0.07143	0.07143	0.07143	0.07143	0.07143	0.07143	0.07143	22.51902	350.62384	0.07143	0.07143	0.07143
622	2239	0.07143	21.48922	0.07143	0.07143	0.07143	0.07143	0.07143	0.07143	324.67187	18.04813	0.07143	9.07649	0.07143	0.07143
623	2186	0.07143	0.07143	0.07143	0.07143	0.07143	0.07143	0.07143	0.07143	0.07143	373.07143	0.07143	0.07143	0.07143	0.07143
624	2621	0.07143	0.07143	0.07143	0.07143	0.07143	0.07143	0.07143	0.07143	0.07143	0.07143	373.07143	0.07143	0.07143	0.07143
625	2091	0.07143	0.07143	0.07143	0.07143	0.07143	0.07143	0.07143	0.07143	0.07143	0.07143	373.07143	0.07143	0.07143	0.07143
626	2256	0.07143	0.07143	0.07143	0.07143	0.07143	0.07143	0.07143	0.07143	0.07143	373.07143	0.07143	0.07143	0.07143	0.07143
627	2022	0.07143	0.07143	0.07143	0.07143	0.07143	0.07143	0.07143	373.07143	0.07143	0.07143	0.07143	0.07143	0.07143	0.07143
628	2508	0.07143	4.54742	0.07143	0.07143	0.07143	0.07143	0.07143	0.07143	364.65347	0.07143	0.07143	4.01340	0.07143	0.07143
629	1937	0.07143	0.07143	0.07143	0.07143	0.07143	0.07143	0.07143	0.07143	0.07143	0.07143	373.07143	0.07143	0.07143	0.07143
630	2632	105.70655	0.07143	0.07143	0.07143	0.07143	0.07143	0.07143	0.07143	0.07143	0.07143	267.43631	0.07143	0.07143	0.07143
631	2605	0.07143	300.91800	0.07143	23.47217	0.07144	0.07143	0.07143	0.07143	0.07143	48.82410	0.07143	0.07143	0.07143	0.07143
632	2572	0.07143	0.07143	0.07143	0.07143	0.07144	63.92999	0.07143	0.07143	0.07144	0.07143	0.07143	309.21285	0.07143	0.07143
633	2641	0.07143	0.07143	0.07143	0.07143	0.07143	0.07143	0.07143	0.07143	0.07143	373.07143	0.07143	0.07143	0.07143	0.07143
634	2522	0.07143	32.09336	0.07143	0.07143	0.07143	0.13873	0.07143	0.07143	340.98040	0.07143	0.07143	0.07143	0.07323	0.07143
635	2528	0.07143	0.07143	0.07143	0.07143	0.07143	0.07143	0.07143	0.07143	0.07143	0.07143	373.07143	0.07143	0.07143	0.07143
636	2439	130.12138	0.07143	0.07143	0.07143	0.07143	0.07143	0.07143	0.07143	0.07143	0.07143	243.02148	0.07143	0.07143	0.07143
637	2612	0.07143	0.07143	0.07143	0.07143	0.07143	0.07143	0.07143	0.07143	0.07143	362.43740	10.70546	0.07143	0.07143	0.07143
638	2448	0.07143	0.07143	0.07143	0.07143	0.07143	0.07143	0.07143	0.07143	0.07143	0.07143	373.07143	0.07143	0.07143	0.07143
639	1950	0.07143	0.07143	0.07143	0.07143	0.07143	0.07143	0.07143	373.07143	0.07143	0.07143	0.07143	0.07143	0.07143	0.07143
640	2493	0.07143	0.07143	0.07143	0.07143	0.07143	0.07143	0.07143	0.07143	0.07143	373.07143	0.07143	0.07143	0.07143	0.07143
641	2181	0.07143	0.07143	0.07143	0.07143	0.07143	0.07143	0.07143	0.07143	0.07143	0.07143	373.07143	0.07143	0.07143	0.07143
642	2024	0.07143	0.07143	0.07143	0.07143	0.07143	0.07143	0.07143	373.07143	0.07143	0.07143	0.07143	0.07143	0.07143	0.07143
643	2001	0.07143	0.07143	0.07143	0.07143	0.07143	0.07143	0.07143	373.07143	0.07143	0.07143	0.07143	0.07143	0.07143	0.07143
644	2217	116.23915	0.07143	0.07143	0.07143	0.07143	0.07143	0.07143	0.07143	0.07143	0.07143	256.90371	0.07143	0.07143	0.07143
645	1969	0.07143	0.07143	0.07143	0.07143	0.07143	0.07143	0.07143	0.07143	0.07143	0.07143	0.07143	373.07143	0.07143	0.07143
646	2497	0.07143	0.07143	0.07143	0.07143	0.07143	0.07143	0.07143	0.07143	0.07143	0.07143	373.07143	0.07143	0.07143	0.07143
647	2345	0.07143	0.07143	0.07143	20.18858	0.07144	17.09906	0.07143	0.07143	226.68107	109.31699	0.07143	0.07143	0.07143	0.07143
648	2017	0.07143	0.07143	0.07143	0.07143	0.07143	0.07143	0.07143	0.07143	0.07143	373.07143	0.07143	0.07143	0.07143	0.07143
649	2321	0.07143	0.07143	0.07143	0.07143	0.07143	0.07143	0.07143	0.07143	0.07143	142.38938	158.20680	72.61810	0.07143	0.07143
650	2459	0.07143	0.07143	0.07143	0.07143	0.07143	8.36032	0.07143	324.18701	0.07143	0.07143	0.07143	0.07143	40.66695	0.07143
651	2514	0.07143	0.07143	0.07143	0.07143	0.07143	0.07143	0.07143	0.07143	0.07143	373.07143	0.07143	0.07143	0.07143	0.07143
652	2562	0.07143	0.07143	0.07143	0.07143	0.07143	0.07143	0.07143	0.07143	0.07143	0.07143	373.07143	0.07143	0.07143	0.07143
653	2581	0.07143	0.07143	0.07143	16.28880	0.07144	0.07143	0.07143	0.07143	0.07143	280.99927	0.07143	75.92619	0.07143	0.07143
654	2019	0.07143	0.07143	0.07143	373.07143	0.07143	0.07143	0.07143	0.07143	0.07143	0.07143	0.07143	0.07143	0.07143	0.07143
655	2106	0.07143	0.07143	0.07143	0.07143	0.07143	0.07143	0.07143	373.07143	0.07143	0.07143	0.07143	0.07143	0.07143	0.07143
656	2421	0.07143	148.23658	0.07143	0.07143	0.07143	0.07143	0.07143	118.33484	0.07143	106.64286	0.07143	0.07143	0.07143	0.07143
657	2141	0.07143	0.07143	0.07143	0.07143	0.07143	0.07143	0.07143	0.07143	0.07143	373.07143	0.07143	0.07143	0.07143	0.07143
658	2449	0.07143	0.07143	0.07143	371.86166	0.07144	0.07143	0.07143	0.07143	1.28118	0.07143	0.07143	0.07143	0.07143	0.07143
659	2440	0.07143	0.07143	0.07143	0.07143	0.07143	0.07143	0.07143	0.07143	0.07143	20.54602	352.59683	0.07143	0.07143	0.07143
660	2129	0.07143	0.07143	0.07143	0.07143	0.07143	0.07143	0.07143	0.07143	0.07143	0.07143	373.07143	0.07143	0.07143	0.07143
661	2494	0.07143	0.07143	0.07143	0.07143	0.07143	0.07143	0.07143	373.07143	0.07143	0.07143	0.07143	0.07143	0.07143	0.07143
662	2013	0.07143	0.07143	0.07143	0.07143	0.07143	0.07143	0.07143	373.07143	0.07143	0.07143	0.07143	0.07143	0.07143	0.07143
663	2099	0.07143	180.02973	0.07143	0.07143	0.07143	0.07143	0.07143	24.93320	0.07143	0.07143	116.59834	51.71150	0.08438	0.07143
664	1977	0.07143	0.07143	0.07143	0.07143	0.07143	0.07143	0.07143	0.07143	0.07143	373.07143	0.07143	0.07143	0.07143	0.07143
665	2160	0.07143	0.07143	0.07143	0.07143	0.07143	0.07143	0.07143	0.07143	0.07143	0.07143	373.07143	0.07143	0.07143	0.07143
666	2251	0.07143	0.07143	0.07143	0.07143	0.07143	0.07143	0.07143	0.07143	0.07143	0.07143	373.07143	0.07143	0.07143	0.07143
667	2286	0.07143	0.07143	0.07143	0.07143	0.07143	0.07143	0.07143	0.07143	0.07143	0.07143	373.07143	0.07143	0.07143	0.07143
668	2577	0.07143	0.07143	0.07143	0.07143	0.07143	0.07143	0.07143	0.07143	0.07143	0.07143	373.07143	0.07143	0.07143	0.07143
669	2519	0.07143	373.07143	0.07143	0.07143	0.07143	0.07143	0.07143	0.07143	0.07143	0.07143	0.07143	0.07143	0.07143	0.07143
670	1936	0.07143	0.07143	0.07143	0.07143	0.07143	0.07143	0.07143	0.07143	0.07143	0.07143	373.07143	0.07143	0.07143	0.07143
671	2413	0.07143	0.07143	0.07143	0.07143	0.07143	0.07143	0.07143	0.07143	0.07143	0.07143	0.07143	0.07143	373.07143	0.07143
672	2065	0.07143	0.07143	0.07143	0.07143	0.07143	0.07143	0.07143	0.07143	0.07143	0.07143	0.07143	373.07143	0.07143	0.07143
673	2599	0.07143	0.07143	0.07143	0.07143	0.07143	0.07143	0.07143	0.07143	373.07143	0.07143	0.07143	0.07143	0.07143	0.07143
674	2490	0.07143	0.07143	0.07143	326.03834	0.07143	0.07143	0.07143	0.07143	47.10451	0.07143	0.07143	0.07143	0.07143	0.07143
675	2248	0.07143	0.07143	0.07143	0.07143	0.07143	0.07143	0.07143	0.07143	0.07143	0.07143	373.07143	0.07143	0.07143	0.07143
676	2342	15.06613	0.07143	0.07143	0.07143	0.07143	0.07143	0.07143	0.07143	0.07143	0.07143	358.07672	0.07143	0.07143	0.07143
677	1949	0.07143	0.07143	0.07143	0.07143	0.07143	0.07143	0.07143	0.07143	0.07143	0.07143	373.07143	0.07143	0.07143	0.07143
678	1956	0.07143	0.07143	264.75423	0.07143	0.07143	0.07143	0.07143	0.07143	0.07143	53.35714	55.10292	0.07143	0.07143	0.07143
679	2281	0.07143	0.07143	373.07143	0.07143	0.07143	0.07143	0.07143	0.07143	0.07143	0.07143	0.07143	0.07143	0.07143	0.07143
680	2070	0.07143	0.07143	0.07143	0.07143	0.07143	0.07143	0.07143	0.07143	0.07143	0.07143	373.07143	0.07143	0.07143	0.07143
681	2272	0.07143	0.07143	0.07143	0.07143	0.07143	29.43827	0.07143	0.07143	0.07143	343.70459	0.07143	0.07143	0.07143	0.07143
682	2080	0.07143	0.07143	0.07143	0.07143	0.07143	0.07143	0.07143	0.07143	0.07143	23.72849	349.41436	0.07143	0.07143	0.07143
683	2265	0.07143	0.07143	0.07143	0.07143	0.07143	0.07143	0.07143	0.07143	0.07143	373.07143	0.07143	0.07143	0.07143	0.07143
684	2167	0.07143	0.07143	373.07143	0.07143	0.07143	0.07143	0.07143	0.07143	0.07143	0.07143	0.07143	0.07143	0.07143	0.07143
685	2426	0.07143	0.07143	0.07143	350.09587	0.07144	0.07143	0.07143	0.07143	23.04698	0.07143	0.07143	0.07143	0.07143	0.07143
686	2255	0.07143	0.07143	0.07143	331.34205	0.07143	0.07143	0.07143	0.07143	0.07143	41.80080	0.07143	0.07143	0.07143	0.07143
687	2622	0.07143	0.07143	0.07143	373.07143	0.07143	0.07143	0.07143	0.07143	0.07143	0.07143	0.07143	0.07143	0.07143	0.07143
688	2524	0.07158	0.07143	0.07143	323.55144	0.07145	0.07143	0.07143	0.07143	0.07144	0.07143	0.07143	49.59124	0.07143	0.07143
689	2008	0.07143	0.07143	0.07143	0.07143	0.07143	0.07143	0.07143	0.07143	0.07143	65.71178	307.43108	0.07143	0.07143	0.07143
690	2173	0.07143	0.07143	0.07143	0.07143	0.07143	0.07143	0.07143	0.07143	0.07143	0.07143	373.07143	0.07143	0.07143	0.07143
691	1915	0.07143	0.07143	0.07143	0.07143	0.07143	0.07143	0.07143	0.07143	0.07143	0.07143	373.07143	0.07143	0.07143	0.07143
692	2614	56.81821	0.07143	0.07143	0.07143	0.07143	0.07143	0.07143	0.07143	0.07143	24.82214	291.57394	0.07143	0.07143	0.07143
693	2023	0.07143	0.07143	0.07143	0.07143	0.07143	0.07143	0.07143	0.07143	0.07143	0.07143	373.07143	0.07143	0.07143	0.07143
694	2193	0.07143	0.07143	0.07143	0.07143	0.07143	0.07143	0.07143	0.07143	0.07143	0.07143	373.07143	0.07143	0.07143	0.07143
695	2422	0.07143	0.07143	0.07143	0.07143	0.07143	0.07143	0.07143	0.07143	0.07143	0.07143	373.07143	0.07143	0.07143	0.07143
696	2441	0.07143	0.07143	0.07143	0.07143	0.07143	0.07143	0.07143	0.07143	0.07143	0.07143	373.07143	0.07143	0.07143	0.07143
697	1961	0.07143	0.07143	243.77016	0.07143	0.07143	0.07143	0.07143	0.07143	0.07143	0.07143	67.20603	0.07143	62.23809	0.07143
698	2505	0.07143	0.07143	0.07143	0.07143	0.07143	0.07143	0.07143	0.07143	0.07143	373.07143	0.07143	0.07143	0.07143	0.07143
699	2094	0.07143	0.07143	373.07143	0.07143	0.07143	0.07143	0.07143	0.07143	0.07143	0.07143	0.07143	0.07143	0.07143	0.07143
700	2036	0.07143	0.07143	0.07143	0.07143	0.07143	0.07143	0.07143	0.07143	0.07143	373.07143	0.07143	0.07143	0.07143	0.07143
701	2656	0.07143	0.07143	0.07143	0.07143	0.07143	0.07143	0.07143	0.07143	0.07143	50.75288	322.38997	0.07143	0.07143	0.07143
702	2100	254.96351	0.07143	0.07143	0.07143	0.07143	0.07143	0.07143	0.07143	0.07143	0.07143	118.17935	0.07143	0.07143	0.07143
703	2277	0.07143	0.07143	0.07143	0.07143	0.07143	0.07143	0.07143	0.07143	0.07143	77.19672	295.94614	0.07143	0.07143	0.07143
704	2580	0.07143	0.07143	0.07143	0.07143	0.07143	0.07143	0.07143	0.07143	0.07143	0.07143	373.07143	0.07143	0.07143	0.07143
705	1974	0.07143	62.23809	0.07143	0.07143	0.07143	0.07143	0.07143	0.07143	0.07143	310.90476	0.07143	0.07143	0.07143	0.07143
706	2380	0.07143	0.07143	0.07143	0.07143	0.07143	0.07143	0.07143	0.07143	0.07143	0.07143	373.07143	0.07143	0.07143	0.07143
707	2301	0.07143	0.07143	285.34007	0.07143	0.07143	0.07143	0.07143	0.07143	0.07143	0.07143	87.80279	0.07143	0.07143	0.07143
708	2182	0.07143	0.07143	0.07143	0.07143	0.07143	0.07143	0.07143	0.07143	0.07143	373.07143	0.07143	0.07143	0.07143	0.07143
709	2175	0.07143	0.07143	0.07143	0.07143	0.07143	0.07143	0.07143	0.07143	0.07143	254.73704	118.40581	0.07143	0.07143	0.07143
710	2481	0.07143	0.07143	373.07143	0.07143	0.07143	0.07143	0.07143	0.07143	0.07143	0.07143	0.07143	0.07143	0.07143	0.07143
711	2515	0.07143	0.07143	0.07143	373.07143	0.07143	0.07143	0.07143	0.07143	0.07143	0.07143	0.07143	0.07143	0.07143	0.07143
712	2488	0.07143	0.07143	0.07143	0.07143	0.07143	0.07143	0.07143	0.07143	0.07143	0.07143	373.07143	0.07143	0.07143	0.07143
713	2015	0.07143	0.07143	0.07143	0.07143	0.07143	0.07143	0.07143	0.07143	0.07143	0.07143	373.07143	0.07143	0.07143	0.07143
714	2312	0.07143	0.07143	0.07143	0.07143	0.07143	0.07143	0.07143	0.07143	0.07143	0.07143	0.07143	0.07143	373.07143	0.07143
715	2635	0.07143	0.07143	0.07143	0.07143	0.07143	21.22736	0.07143	0.07143	351.91549	0.07143	0.07143	0.07143	0.07143	0.07143
716	2051	131.56101	0.07143	0.07143	0.07143	0.07143	0.07143	0.07143	0.07143	0.07143	0.07143	241.58184	0.07143	0.07143	0.07143
717	2262	0.07143	0.07143	0.07143	373.07143	0.07143	0.07143	0.07143	0.07143	0.07143	0.07143	0.07143	0.07143	0.07143	0.07143
718	2305	0.07143	0.07143	0.07143	0.07143	0.07143	0.07143	0.07143	0.07143	0.07143	0.07143	0.07143	373.07143	0.07143	0.07143
719	2230	0.07143	0.07143	0.07143	0.07143	0.07143	0.07143	0.07143	0.07143	0.07143	0.07143	152.65832	220.48453	0.07143	0.07143
720	2034	0.07143	159.92857	0.07143	0.07143	0.07143	0.07143	0.07143	0.07143	0.07143	0.07143	213.21428	0.07143	0.07143	0.07143
721	2527	0.07143	0.07143	0.07143	124.40476	0.07143	0.07143	0.07143	248.73810	0.07143	0.07143	0.07143	0.07143	0.07143	0.07143
722	2227	0.07143	0.07143	0.07143	0.07143	0.07143	0.07143	0.07143	0.07143	0.07143	0.07143	373.07143	0.07143	0.07143	0.07143
723	2113	373.07143	0.07143	0.07143	0.07143	0.07143	0.07143	0.07143	0.07143	0.07143	0.07143	0.07143	0.07143	0.07143	0.07143
724	1996	0.07143	0.07143	0.07143	0.07143	0.07143	0.07143	0.07143	0.07143	0.07143	373.07143	0.07143	0.07143	0.07143	0.07143
725	2541	0.07143	0.07143	0.07143	0.07143	0.07143	0.07143	0.07143	0.07143	0.07143	0.07143	373.07143	0.07143	0.07143	0.07143
726	2358	0.07143	0.07143	0.07143	0.07143	0.07143	0.07143	0.07143	0.07143	0.07143	0.07143	215.25997	157.88289	0.07143	0.07143
727	2431	0.07143	0.07143	0.07143	0.07143	0.07143	0.07143	0.07143	0.07143	0.07143	0.07143	373.07143	0.07143	0.07143	0.07143
728	2373	0.07143	0.07143	0.07143	0.07143	0.07143	0.07143	0.07143	0.07143	0.07143	0.07143	373.07143	0.07143	0.07143	0.07143
729	2548	183.58917	0.07143	0.07143	0.07143	0.07143	0.07143	0.07143	0.07143	0.07143	0.07143	189.55369	0.07143	0.07143	0.07143
730	2085	0.07143	0.07143	0.07143	0.07143	0.07143	0.07143	0.07143	0.07143	0.07143	302.90209	70.24077	0.07143	0.07143	0.07143
731	2382	0.07143	0.07143	0.07143	0.07143	0.07143	0.07143	0.07143	0.07143	0.07143	0.07143	373.07143	0.07143	0.07143	0.07143
732	2263	0.07143	0.07143	0.07143	0.07143	0.07143	0.07143	0.07143	0.07143	0.07143	0.07143	373.07143	0.07143	0.07143	0.07143
733	2595	0.07143	0.07143	0.07143	0.07143	0.07143	0.07143	0.07143	373.07143	0.07143	0.07143	0.07143	0.07143	0.07143	0.07143
734	1924	0.07143	0.07143	0.07143	373.07143	0.07143	0.07143	0.07143	0.07143	0.07143	0.07143	0.07143	0.07143	0.07143	0.07143
735	2388	0.07143	0.07143	0.07143	0.07143	0.07143	0.07143	0.07143	0.07143	0.07143	0.07143	373.07143	0.07143	0.07143	0.07143
736	2565	0.07143	0.07143	0.07143	0.07143	0.07143	0.07143	0.07143	0.07143	0.07143	373.07143	0.07143	0.07143	0.07143	0.07143
737	563	0.07143	0.07143	0.07143	373.07143	0.07143	0.07143	0.07143	0.07143	0.07143	0.07143	0.07143	0.07143	0.07143	0.07143
738	1967	0.07143	0.07143	0.07143	373.07143	0.07143	0.07143	0.07143	0.07143	0.07143	0.07143	0.07143	0.07143	0.07143	0.07143
739	2483	0.07143	0.07143	0.07143	0.07143	0.07143	0.07143	0.07143	373.07143	0.07143	0.07143	0.07143	0.07143	0.07143	0.07143
740	2634	0.07143	0.07143	0.07143	0.07143	0.07143	0.07143	0.07143	0.07143	0.07143	373.07143	0.07143	0.07143	0.07143	0.07143
741	2204	0.07143	373.07143	0.07143	0.07143	0.07143	0.07143	0.07143	0.07143	0.07143	0.07143	0.07143	0.07143	0.07143	0.07143
742	2168	0.07143	0.07143	0.07143	0.07143	0.07143	0.07143	0.07143	373.07143	0.07143	0.07143	0.07143	0.07143	0.07143	0.07143
743	2219	0.07143	0.07143	0.07143	0.07143	0.07143	0.07143	0.07143	0.07143	0.07143	373.07143	0.07143	0.07143	0.07143	0.07143
744	2442	0.07143	0.07143	0.07143	373.07143	0.07143	0.07143	0.07143	0.07143	0.07143	0.07143	0.07143	0.07143	0.07143	0.07143
745	2437	0.07143	259.36045	0.07143	0.07143	0.07143	0.07143	0.07143	113.78241	0.07143	0.07143	0.07143	0.07143	0.07143	0.07143
746	428	0.07143	0.07143	0.07143	373.07143	0.07143	0.07143	0.07143	0.07143	0.07143	0.07143	0.07143	0.07143	0.07143	0.07143
