0	2290	0.06667	0.06667	0.06667	0.06667	0.06667	0.06667	0.06667	0.06667	0.06667	0.06667	0.06667	373.06667	0.06667	0.06667	0.06667
1	2363	0.06667	0.06667	0.06667	0.06667	0.06667	0.06667	0.06667	0.06667	0.06667	2.31462	0.06667	370.81871	0.06667	0.06667	0.06667
2	2346	0.06667	0.06667	0.06667	0.06667	0.06667	0.06667	0.06667	0.06667	0.06667	0.06667	0.06667	0.06667	373.06667	0.06667	0.06667
3	2025	0.06667	0.06667	0.06667	0.06667	0.06667	0.06667	0.06667	0.06667	0.06667	0.06667	0.06667	0.06667	373.06667	0.06667	0.06667
4	2140	0.06667	0.06667	0.06667	0.06667	0.06667	0.06667	0.06667	2.32059	0.06667	0.06667	0.06667	370.81274	0.06667	0.06667	0.06667
5	2428	0.06667	0.06667	0.06667	0.06667	0.06667	0.06667	0.06667	8.06978	0.06667	0.06667	0.06667	365.06355	0.06667	0.06667	0.06667
6	2201	0.06667	0.06667	0.06667	0.06667	0.06667	0.06667	0.06667	2.08113	0.06667	0.06667	0.06667	371.05220	0.06667	0.06667	0.06667
7	2506	0.06667	0.06667	0.06667	0.06667	0.06667	3.12873	0.06667	9.36877	0.06667	0.06692	0.06667	360.70224	0.06667	0.06667	0.06667
8	2425	0.06667	0.06667	0.06667	21.84464	0.06667	0.06667	351.28869	0.06667	0.06667	0.06667	0.06667	0.06667	0.06667	0.06667	0.06667
9	2557	0.06667	0.06667	0.06667	0.06667	0.06667	0.06667	373.06667	0.06667	0.06667	0.06667	0.06667	0.06667	0.06667	0.06667	0.06667
10	2532	0.06667	0.06667	0.06667	0.06667	0.06667	0.06667	0.06667	3.65199	0.06667	0.06667	0.06667	369.48134	0.06667	0.06667	0.06667
11	2073	0.06667	0.06667	0.06667	0.06667	0.06667	2.00136	0.06667	0.06667	0.06667	0.06667	0.06667	371.13198	0.06667	0.06667	0.06667
12	2278	2.53387	2.27147	0.06667	0.06667	0.06667	0.06667	0.06667	2.25624	8.43761	0.06667	0.06667	357.83414	0.06667	0.06667	0.06667
13	2551	4.83049	0.06667	0.06667	0.06667	0.06667	0.06667	0.06667	0.06667	0.06667	0.06667	0.06667	368.30284	0.06667	0.06667	0.06667
14	2077	0.06667	0.06667	0.06667	0.06667	0.06667	0.06667	0.06667	0.06667	0.06667	0.06667	0.06667	373.06667	0.06667	0.06667	0.06667
15	2369	0.06667	0.06667	0.06667	0.06667	0.06667	1.97187	0.06667	0.06667	0.06667	1.97047	0.06667	369.25766	0.06667	0.06667	0.06667
16	1465	8.72198	0.06667	0.06667	0.06667	0.06667	0.06667	0.06667	0.06667	21.40723	0.06667	0.06667	0.06667	0.06667	343.07079	0.06667
17	2592	26.65752	0.06667	0.06667	0.06667	0.06667	0.06667	0.06667	0.06667	46.14429	0.06667	0.06667	0.06667	0.06667	300.39819	0.06667
18	2046	0.06667	0.06667	0.06667	0.06667	0.06667	0.06667	0.06667	0.06667	0.06667	0.06667	0.06667	373.06667	0.06667	0.06667	0.06667
19	1941	14.18909	0.06667	0.06667	0.06667	0.06667	0.06667	0.06667	0.06667	7.67746	0.06667	0.06667	179.96991	0.06667	171.43020	0.06667
20	2518	0.06667	15.94514	0.06667	0.06667	0.06667	0.06667	31.24719	0.06667	326.00763	0.06667	0.06667	0.06670	0.06667	0.06667	0.06667
21	2132	0.06667	0.06667	0.06667	0.06667	0.06667	0.06667	9.57041	0.06667	363.56292	0.06667	0.06667	0.06667	0.06667	0.06667	0.06667
22	2650	0.06667	0.06667	0.06667	373.06667	0.06667	0.06667	0.06667	0.06667	0.06667	0.06667	0.06667	0.06667	0.06667	0.06667	0.06667
23	2207	0.06667	0.06667	0.06667	373.06667	0.06667	0.06667	0.06667	0.06667	0.06667	0.06667	0.06667	0.06667	0.06667	0.06667	0.06667
24	2553	0.06667	0.06667	0.06667	0.06667	0.06667	0.06667	0.06667	0.06667	0.06667	2.24903	0.06667	370.88430	0.06667	0.06667	0.06667
25	2078	0.06667	0.06667	0.06667	0.06667	0.06667	1.90609	0.06667	3.79005	0.06667	0.06667	0.06667	367.50386	0.06667	0.06667	0.06667
26	2203	0.06667	0.06667	0.06667	0.06667	0.06667	0.06667	7.87237	0.06667	0.06667	0.06667	0.06667	0.06667	0.06667	365.26096	0.06667
27	2143	3.84972	0.06667	0.06667	0.06667	0.06667	0.06667	0.06667	0.06667	0.06667	0.06667	0.06667	0.06667	58.66782	310.68246	0.06667
28	2224	3.20718	0.06667	0.06667	3.01641	0.06667	0.06667	0.06667	0.06667	12.73547	0.06667	0.06667	0.06667	0.06667	354.30761	0.06667
29	2510	3.10969	0.06667	0.06667	5.61026	0.06667	0.06667	0.06667	0.06667	36.58227	0.06667	0.06667	0.06667	0.06667	327.96444	0.06667
30	2240	0.06667	0.06667	0.06667	0.06667	0.06667	0.06667	0.06667	5.75443	0.06667	0.06667	0.06667	367.37890	0.06667	0.06667	0.06667
31	2563	0.06667	0.06667	0.06667	0.06667	0.06667	0.06667	0.06667	0.06667	0.06667	0.06667	0.06667	373.06667	0.06667	0.06667	0.06667
32	2122	0.06667	0.06667	0.06667	0.06667	0.06667	0.06667	0.06667	0.06667	0.06667	0.06667	0.06667	373.06667	0.06667	0.06667	0.06667
33	2118	0.06667	0.06667	0.06667	0.06667	0.06667	0.06667	0.06667	2.09573	0.06667	0.06667	0.06667	371.03760	0.06667	0.06667	0.06667
34	1944	0.06667	0.06667	0.06667	0.06667	0.06667	0.06667	373.06667	0.06667	0.06667	0.06667	0.06667	0.06667	0.06667	0.06667	0.06667
35	2117	10.62521	0.06667	0.06667	0.06667	13.49348	0.06667	59.42828	0.06667	12.38682	0.06667	0.06667	0.06667	0.06667	277.39954	0.06667
36	2611	0.06667	2.57901	0.06667	0.06667	0.06667	1.19582	0.06667	22.22196	0.06667	0.06667	0.06667	347.26987	0.06667	0.06667	0.06667
37	2184	0.06667	0.06667	0.06667	0.06667	0.06667	0.06667	0.06667	8.36816	0.06667	0.06667	0.06667	364.76517	0.06667	0.06667	0.06667
38	2354	0.06667	0.06667	0.06667	0.06667	0.06667	0.06667	0.06667	0.06667	0.06667	0.06667	0.06667	373.06667	0.06667	0.06667	0.06667
39	2169	3.84337	0.06667	0.06667	0.06667	0.06667	0.06667	0.06667	0.06667	15.26626	0.06667	0.06667	0.06667	0.06667	354.09037	0.06667
40	2283	5.16912	0.06667	0.06667	0.06667	10.16743	0.06667	5.36446	0.06667	50.82913	0.06667	0.06667	0.06667	0.06667	301.80320	0.06667
41	2620	0.06667	0.06667	0.06667	0.06667	0.06667	0.06667	0.06667	0.06667	0.06667	0.06667	0.06667	0.06667	373.06667	0.06667	0.06667
42	1998	0.06667	0.06667	0.06667	0.06667	0.06667	0.06667	0.06667	0.06667	0.06667	0.06667	0.06667	0.06667	373.06667	0.06667	0.06667
43	2654	0.06667	0.06667	0.06667	0.06667	0.06667	0.06667	0.06667	0.06667	0.06667	0.06667	0.06667	373.06667	0.06667	0.06667	0.06667
44	2646	0.06667	2.89357	0.06667	0.06667	0.06667	0.06667	0.06667	5.80606	0.06667	0.06667	0.06667	364.50036	0.06667	0.06668	0.06667
45	2228	0.06667	0.06667	0.06667	0.06667	373.06667	0.06667	0.06667	0.06667	0.06667	0.06667	0.06667	0.06667	0.06667	0.06667	0.06667
46	2082	0.06667	0.06667	0.06667	0.06667	373.06667	0.06667	0.06667	0.06667	0.06667	0.06667	0.06667	0.06667	0.06667	0.06667	0.06667
47	1979	0.06667	0.06667	0.06667	0.06667	0.06667	0.06667	0.06667	0.06667	0.06667	2.22363	0.06667	370.90970	0.06667	0.06667	0.06667
48	2484	0.06667	0.06667	0.06667	0.06667	0.06667	0.06667	0.06667	0.06667	0.06667	0.06667	0.06667	373.06667	0.06667	0.06667	0.06667
49	2257	0.06667	0.06667	0.06667	0.06667	0.06667	0.06667	0.06667	0.06667	0.06667	2.50594	0.06667	370.62739	0.06667	0.06667	0.06667
50	2005	0.06667	0.06667	0.06667	0.06667	0.06667	0.06667	0.06667	0.06667	0.06667	0.06667	0.06667	373.06667	0.06667	0.06667	0.06667
51	2560	0.06667	1.93262	7.52892	0.06667	0.06667	3.80022	0.06667	5.72365	0.06667	0.06667	0.06667	354.34791	0.06667	0.06668	0.06667
52	1962	0.06667	0.06667	0.06667	0.06667	0.06667	0.06667	0.06667	0.06667	0.06667	2.07308	0.06667	371.06025	0.06667	0.06667	0.06667
53	2206	0.06667	0.06667	0.06667	0.06667	0.06667	0.06667	0.06667	3.70057	0.06667	0.06667	0.06667	369.43276	0.06667	0.06667	0.06667
54	2520	0.06667	0.06667	0.06667	0.06667	0.06667	0.06667	0.06667	6.97031	0.06667	0.06667	0.06667	366.16302	0.06667	0.06667	0.06667
55	2104	0.06667	0.06667	0.06667	0.06667	0.06667	0.06667	0.06667	0.06667	0.06667	0.06667	0.06667	373.06667	0.06667	0.06667	0.06667
56	2602	0.06667	1.98058	0.06667	0.06667	0.06667	0.06667	0.06667	9.73624	0.06667	0.06667	0.06667	361.48318	0.06667	0.06667	0.06667
57	2521	0.06667	0.06667	2.73196	0.06667	0.06667	0.06667	0.06667	0.06667	0.06667	0.06667	0.06667	370.40137	0.06667	0.06667	0.06667
58	2233	0.06667	0.06667	0.06667	0.06667	0.06667	0.06667	3.65990	0.06667	0.06667	0.06667	0.06667	347.28063	0.06667	22.25947	0.06667
59	2200	0.06667	0.06667	0.06667	0.06667	0.06667	0.06667	0.06667	4.45285	0.06667	0.06667	0.06667	368.68048	0.06667	0.06667	0.06667
60	2294	0.06667	0.06667	0.06667	0.06667	0.06667	0.06667	6.79628	0.06667	79.49191	0.06667	0.06667	0.06667	0.06667	286.91181	0.06667
61	1981	0.06667	0.06667	0.06667	0.06667	0.06667	0.06667	14.49868	0.06667	358.63466	0.06667	0.06667	0.06667	0.06667	0.06667	0.06667
62	2187	3.09128	0.06667	0.06667	0.06667	0.06667	0.06667	0.06667	0.06667	7.98269	0.06667	0.06667	0.06667	0.06667	362.12603	0.06667
63	1916	0.06667	0.06667	0.06667	0.06667	0.06667	0.06667	10.62366	0.06667	42.57798	0.06667	0.06667	0.06667	0.06667	319.99836	0.06667
64	1945	11.72529	0.06667	0.06667	5.55493	0.06667	0.06667	0.06667	0.06667	30.69510	0.06667	0.06667	0.06667	0.06667	325.29135	0.06667
65	1959	23.26505	0.06667	0.06667	0.06667	0.06667	0.06667	3.62011	0.06667	79.40703	0.06667	0.06667	0.06667	0.06667	266.97447	0.06667
66	1971	0.06667	0.06667	0.06667	0.06667	0.06667	0.06667	0.06667	2.24329	0.06667	0.06667	0.06667	370.89004	0.06667	0.06667	0.06667
67	2436	0.06667	0.06667	0.06667	0.06667	0.06667	0.06667	0.06667	0.06667	4.52248	0.06667	0.06667	0.06667	0.06667	368.61085	0.06667
68	2042	12.40664	0.06667	0.06667	0.06667	0.06667	0.06667	0.06667	0.06667	4.38375	0.06667	0.06667	0.06667	0.06667	356.40961	0.06667
69	2084	0.06667	0.06667	0.06667	0.06667	0.06667	0.06667	0.06667	30.09870	0.06667	0.06667	0.06667	343.03463	0.06667	0.06667	0.06667
70	2624	0.06667	0.06667	4.05682	0.06667	0.06667	0.06667	0.06667	0.06667	0.06667	0.06667	0.06667	369.07651	0.06667	0.06667	0.06667
71	2364	0.06667	0.06667	0.06667	0.06667	0.06667	0.06667	0.06667	0.06667	0.06667	0.06667	0.06667	0.06667	373.06667	0.06667	0.06667
72	1991	0.06667	0.06667	0.06667	0.06667	0.06667	0.06667	0.06667	0.06667	0.06667	0.06667	0.06667	0.06667	373.06667	0.06667	0.06667
73	2110	0.06667	0.06667	0.06667	0.06667	0.06667	0.06667	9.71715	0.06667	363.41618	0.06667	0.06667	0.06667	0.06667	0.06667	0.06667
74	2029	0.06667	0.06667	0.06667	0.06667	0.06667	0.06667	373.06667	0.06667	0.06667	0.06667	0.06667	0.06667	0.06667	0.06667	0.06667
75	2607	0.06667	0.06667	0.06667	0.06667	0.06667	2.00095	0.06667	2.02039	0.06667	0.06667	0.06667	369.17865	0.06667	0.06667	0.06667
76	2649	10.85210	0.06667	0.06667	0.06667	0.06667	0.06667	0.06667	0.06667	22.53039	0.06667	0.06667	0.06667	0.06667	339.81751	0.06667
77	2087	27.15626	0.06667	0.06667	0.06667	0.06667	0.06667	0.06667	0.06667	13.65339	0.06667	0.06667	0.06667	0.06667	332.39035	0.06667
78	2188	0.06667	0.06667	0.06667	0.06667	0.06667	0.06667	0.06667	3.97438	0.06667	0.07253	0.06667	369.15309	0.06667	0.06667	0.06667
79	2477	0.06667	0.06667	0.06667	0.06667	0.06667	0.06667	0.06667	0.06667	0.06667	0.06667	0.06667	373.06667	0.06667	0.06667	0.06667
80	2386	0.06667	0.06667	0.06667	0.06667	0.06667	0.06667	0.06667	2.79249	0.06667	0.06667	0.06667	370.34085	0.06667	0.06667	0.06667
81	2543	8.71281	0.06667	0.06667	0.06667	0.06667	0.06667	0.06667	0.06667	13.18898	0.06667	0.06667	201.41722	0.06667	149.94765	0.06667
82	2604	0.06667	0.06667	0.06667	0.06667	0.06667	1.98130	0.06667	3.93069	0.06667	0.06667	0.06667	367.28801	0.06667	0.06667	0.06667
83	2561	0.06667	0.06667	0.06667	0.06667	0.06667	2.50703	0.06667	7.48810	0.06667	0.06667	0.06667	363.20486	0.06667	0.06667	0.06667
84	2433	0.06667	0.06667	0.06667	0.06667	2.62150	0.06667	0.06667	0.06667	0.06667	0.06667	0.06667	370.51184	0.06667	0.06667	0.06667
85	2496	0.06667	0.06667	0.06667	0.06667	0.06667	0.06667	0.06667	0.06667	0.06667	0.06667	0.06667	0.06667	0.06667	373.06667	0.06667
86	2153	6.28697	0.06667	0.06667	0.06667	0.06667	0.06667	0.06667	0.06667	17.32526	0.06667	0.06667	0.06667	0.06667	349.58778	0.06667
87	2536	0.06667	0.06667	0.06667	0.06667	0.06667	6.18857	0.06667	0.06667	12.32346	6.18483	0.06667	348.56980	0.06667	0.06667	0.06667
88	2482	0.06667	0.06667	0.06667	0.06667	0.06667	0.06667	0.06667	2.45996	0.06667	0.06667	0.06667	370.67337	0.06667	0.06667	0.06667
89	2512	0.06667	0.06667	0.06667	0.06667	0.06667	0.06667	7.90054	56.74190	12.91084	0.06667	0.06667	0.06667	0.06667	295.71338	0.06667
90	2010	0.06667	0.06667	0.06667	0.06667	0.06667	0.06667	0.06667	0.06667	0.06667	0.06667	0.06667	0.06667	0.06667	373.06667	0.06667
91	2103	0.06667	0.06667	0.06667	0.06667	0.06667	2.10655	0.06667	4.19266	0.06667	0.06667	0.06667	366.90079	0.06667	0.06667	0.06667
92	2253	0.06667	0.06667	0.06667	0.06667	0.06667	0.06667	0.06667	2.47756	0.06667	0.06667	0.06667	370.65577	0.06667	0.06667	0.06667
93	2500	0.06667	0.06667	0.06667	0.06667	0.06667	0.06667	0.06667	0.06667	0.06667	0.06667	0.06667	373.06667	0.06667	0.06667	0.06667
94	2063	3.00072	0.06667	0.06667	0.06667	0.06667	0.06667	0.06667	5.30528	0.06667	0.06667	0.06667	364.89400	0.06667	0.06667	0.06667
95	2509	0.06667	0.06667	0.06667	0.06667	0.06667	0.06667	3.14530	0.06667	94.66962	0.06667	0.06667	0.06667	0.06667	275.38508	0.06667
96	2399	0.06667	0.06667	0.06667	15.04627	0.06667	0.06667	10.64626	0.06667	58.72736	0.06667	0.06667	0.06667	0.06667	288.84677	0.06667
97	2150	0.06667	2.04126	0.06667	0.06667	0.06667	2.04207	0.06667	0.06667	0.06667	2.04104	0.06667	367.14229	0.06667	0.06667	0.06667
98	2030	0.06667	0.06667	0.06667	0.06667	0.06667	0.06667	0.06667	2.08832	0.06667	0.06667	0.06667	371.04501	0.06667	0.06667	0.06667
99	2374	0.06667	0.06667	0.06667	0.06667	0.06667	0.06667	0.06667	0.06667	0.06667	0.06667	0.06667	373.06667	0.06667	0.06667	0.06667
100	1986	0.06667	0.06667	0.06667	0.06667	0.06667	0.06667	0.06667	7.58267	0.06667	0.06667	0.06667	365.55067	0.06667	0.06667	0.06667
101	2630	0.06667	0.06667	0.06667	0.06667	0.06667	0.06667	0.06667	0.06667	0.06667	2.23620	0.06667	370.89714	0.06667	0.06667	0.06667
102	2376	0.06667	0.06667	0.06667	0.06667	2.17404	0.06667	0.06667	6.46452	0.06667	0.06667	0.06667	364.56143	0.06667	0.06667	0.06667
103	2326	0.06667	0.06667	0.06667	0.06667	0.06667	0.06667	0.06667	0.06667	0.06667	0.06667	0.06667	373.06667	0.06667	0.06667	0.06667
104	2172	0.06667	0.06667	0.06667	0.06667	0.06667	0.06667	0.06667	4.00217	0.06667	0.06670	0.06667	369.13113	0.06667	0.06667	0.06667
105	2133	3.50715	0.06667	4.96155	0.06667	8.31305	0.06667	80.74831	0.06667	7.55367	0.06667	0.06667	0.06667	0.06667	268.31626	0.06667
106	2296	0.06667	0.06667	0.06667	0.06667	0.06667	0.06667	373.06667	0.06667	0.06667	0.06667	0.06667	0.06667	0.06667	0.06667	0.06667
107	2626	0.06667	0.06667	0.06667	0.06667	0.06667	0.06667	0.06667	0.06667	0.06667	0.06667	0.06667	0.06667	373.06667	0.06667	0.06667
108	2097	0.06667	0.06667	0.06667	0.06667	0.06667	0.06667	0.06667	0.06667	0.06667	0.06667	0.06667	0.06667	373.06667	0.06667	0.06667
109	2093	0.06667	0.06667	0.06667	2.18627	0.06667	0.06667	0.06667	0.06667	0.06667	0.06667	0.06667	370.94707	0.06667	0.06667	0.06667
110	2391	0.06667	0.06667	0.06667	0.06667	0.06667	0.06667	0.06667	72.09711	0.06667	0.06667	0.06667	301.03622	0.06667	0.06667	0.06667
111	2275	0.06667	0.06667	0.06667	0.06667	0.06667	0.06667	0.06667	0.06667	0.06667	0.06667	0.06667	373.06667	0.06667	0.06667	0.06667
112	1984	0.06667	0.06667	0.06667	0.06667	0.06667	0.06667	0.06667	6.48569	0.06667	0.06667	0.06667	366.64764	0.06667	0.06667	0.06667
113	2347	2.84205	0.06667	0.06667	0.06667	0.06667	0.06667	0.06667	2.59371	2.92636	0.06667	0.06667	227.02692	0.06667	137.94429	0.06667
114	2550	0.06667	0.06667	0.06667	4.55502	0.06667	2.53236	0.06667	2.41094	0.06667	0.06667	0.06667	363.76834	0.06667	0.06667	0.06667
115	2047	24.48723	0.06667	0.06667	0.06667	56.23586	0.06667	73.00540	0.06667	0.06667	0.06667	0.06667	0.06667	0.06667	219.53818	0.06667
116	1932	0.06667	0.06667	0.06667	0.06667	0.06667	0.06667	0.06667	0.06667	0.06667	0.06667	0.06667	0.06667	0.06667	373.06667	0.06667
117	2655	0.06667	0.06667	0.06667	0.06667	0.06667	0.06667	0.06667	2.32066	0.06667	0.06667	0.06667	370.81267	0.06667	0.06667	0.06667
118	1994	12.45920	0.06667	0.06667	0.06667	0.06667	0.06667	0.06667	0.06667	0.06667	0.06667	0.06667	0.06667	0.06667	360.67414	0.06667
119	2292	23.80571	0.06667	2.73915	0.06667	0.06667	0.06667	5.58035	0.06667	21.64627	0.06667	0.06667	0.06668	0.06667	319.56184	0.06667
120	2109	0.06667	0.06667	0.06667	0.06667	0.06667	0.06667	0.06667	0.06667	0.06667	0.06667	0.06667	373.06667	0.06667	0.06667	0.06667
121	2040	0.06667	2.53857	5.00887	0.06667	0.06667	5.01193	0.06667	2.56160	0.06667	0.06667	0.06667	358.21234	0.06667	0.06668	0.06667
122	2086	0.06667	0.06667	0.06667	0.06667	0.06667	0.06667	0.06667	2.89125	0.06667	0.06667	0.06667	370.24208	0.06667	0.06667	0.06667
123	2460	0.06667	0.06667	0.06667	0.06667	0.06667	0.06667	0.06667	4.55160	0.06667	0.07390	0.06667	368.57450	0.06667	0.06667	0.06667
124	2597	22.18998	0.06667	0.06667	0.06667	0.06667	0.06667	0.06667	0.06667	16.24962	0.06667	0.06667	0.06667	0.06667	334.76039	0.06667
125	2282	0.06667	0.06667	0.06667	0.06667	0.06667	0.06667	8.02656	0.06667	77.72950	0.06667	0.06667	0.06667	0.06667	287.44394	0.06667
126	2511	2.93293	0.06667	0.06667	0.06667	0.06667	0.06667	5.74147	0.06667	90.46807	0.06667	0.06667	0.06667	0.06667	274.12420	0.06667
127	2598	12.77248	0.06667	0.06667	2.47113	0.06667	0.06667	0.06667	0.06667	42.89768	0.06667	0.06667	0.06667	0.06667	315.12538	0.06667
128	2638	0.06667	0.06667	0.06667	0.06667	0.06667	0.06667	0.06667	0.06667	0.06667	0.06667	0.06667	373.06667	0.06667	0.06667	0.06667
129	2390	0.06667	0.06667	0.06667	0.06667	0.06667	0.06667	8.19829	0.06667	364.93504	0.06667	0.06667	0.06667	0.06667	0.06667	0.06667
130	2096	0.06667	0.06667	0.06667	0.06667	0.06667	0.06667	41.86107	0.06667	331.27226	0.06667	0.06667	0.06667	0.06667	0.06667	0.06667
131	2218	0.06667	0.06667	0.06667	0.06667	0.06667	0.06667	0.06667	11.29632	0.06667	0.06667	0.06667	361.83701	0.06667	0.06667	0.06667
132	1917	0.06667	0.06667	0.06667	0.06667	0.06667	0.06667	0.06667	0.06667	0.06667	2.04104	0.06667	371.09229	0.06667	0.06667	0.06667
133	2353	0.06667	0.06667	0.06667	0.06667	0.06667	0.06667	0.06667	4.55536	0.06667	0.06667	0.06667	368.57798	0.06667	0.06667	0.06667
134	2625	0.06667	0.06667	0.06667	0.06667	0.06667	0.06667	0.06667	0.06667	0.06667	0.06667	0.06667	373.06667	0.06667	0.06667	0.06667
135	2194	12.59294	0.06667	0.06667	0.06667	0.06667	0.06667	0.06667	0.06667	17.57684	0.06667	0.06667	0.06667	0.06667	343.03022	0.06667
136	2289	0.06667	0.06667	2.49268	0.06667	12.69094	0.06667	79.14131	0.06667	6.08703	0.06667	0.06667	0.06667	0.06667	272.92138	0.06667
137	2323	0.06667	0.06667	0.06667	0.06667	0.06667	0.06667	0.06667	0.06667	0.06667	0.06667	0.06667	373.06667	0.06667	0.06667	0.06667
138	2410	0.06667	0.06667	0.06667	0.06667	0.06667	0.06667	0.06667	14.80591	0.06667	0.06667	0.06667	358.32742	0.06667	0.06667	0.06667
139	2631	0.06667	0.06667	0.06667	0.06667	0.06667	0.06667	0.06667	13.21796	0.06667	0.06667	0.06667	359.91538	0.06667	0.06667	0.06667
140	2111	17.18274	0.06667	0.06667	0.06667	0.06667	0.06667	2.48444	0.06667	64.77786	0.06667	0.06667	0.06667	0.06667	288.82162	0.06667
141	2062	17.95633	20.51940	0.06667	0.06667	0.06667	0.06667	15.05303	0.06667	319.73788	0.06667	0.06667	0.06669	0.06667	0.06667	0.06667
142	2059	0.06667	0.06667	0.06667	0.06667	0.06667	0.06667	0.06667	0.06667	0.06667	0.06667	0.06667	373.06667	0.06667	0.06667	0.06667
143	1938	0.06667	0.06667	0.06667	0.06667	0.06667	0.06667	0.06667	4.10239	0.06667	0.06667	0.06667	369.03094	0.06667	0.06667	0.06667
144	2060	0.06667	0.06667	0.06667	0.06667	0.06667	0.06667	21.38261	3.66137	0.06667	0.06667	0.06667	348.15602	0.06667	0.06667	0.06667
145	1939	0.06667	0.06667	0.06667	0.06667	0.06667	0.06667	0.06667	0.06667	373.06667	0.06667	0.06667	0.06667	0.06667	0.06667	0.06667
146	2264	22.10831	0.06667	0.06667	0.06667	0.06667	0.06667	0.06667	0.06667	50.63850	0.06667	0.06667	0.06667	0.06667	300.45319	0.06667
147	2574	0.06667	0.06667	0.06667	0.06667	0.06667	0.06667	0.06667	0.06667	0.06667	0.06667	0.06667	373.06667	0.06667	0.06667	0.06667
148	2579	0.06667	0.06667	0.06667	0.06667	0.06667	0.06667	0.06667	0.06667	0.06667	0.06667	0.06667	373.06667	0.06667	0.06667	0.06667
149	2419	0.06667	0.06667	0.06667	0.06667	0.06667	0.06667	69.48170	0.06667	20.32143	0.06667	0.06667	0.06667	0.06667	283.39687	0.06667
150	2491	13.95135	0.06667	0.06667	6.61022	0.06667	0.06667	0.06667	0.06667	36.97527	0.06667	0.06667	0.06667	0.06667	315.72983	0.06667
151	2468	10.83816	0.06667	0.06667	0.06667	0.06667	0.06667	8.16858	0.06667	55.93562	0.06667	0.06667	298.32431	0.06667	0.06667	0.06667
152	2615	0.06667	0.06667	0.06667	0.06667	0.06667	0.06667	0.06667	4.17922	0.06667	0.06679	0.06667	368.95398	0.06667	0.06667	0.06667
153	2507	0.06667	0.06667	0.06667	0.06667	0.06667	0.06667	0.06667	5.76791	0.06667	0.06667	0.06667	367.36543	0.06667	0.06667	0.06667
154	2564	0.06667	0.06667	0.06667	0.06667	0.06667	0.06667	0.06667	2.09534	0.06667	0.06667	0.06667	371.03800	0.06667	0.06667	0.06667
155	2420	16.34427	0.06667	0.06667	0.06667	0.06667	0.06667	0.06667	0.06667	8.55860	0.06667	0.06667	0.06667	0.06667	348.29713	0.06667
156	1929	0.06667	0.06667	0.06667	0.06667	0.06667	0.06667	0.06667	0.06667	0.06667	0.06667	0.06667	373.06667	0.06667	0.06667	0.06667
157	2154	0.06667	0.06667	0.06667	0.06667	0.06667	2.41430	0.06667	2.44306	0.06667	0.06667	0.06667	368.34264	0.06667	0.06667	0.06667
158	1925	0.06667	0.06667	0.06667	0.06667	0.06667	0.06667	0.06667	3.13701	6.14504	0.06667	0.06667	363.91795	0.06667	0.06667	0.06667
159	1940	0.06667	0.06667	0.06667	0.06667	0.06667	0.06667	0.06667	0.06667	0.06667	0.06667	0.06667	0.06667	0.06667	373.06667	0.06667
160	2329	0.06667	0.06667	0.06667	0.06667	0.06667	0.06667	0.06667	0.06667	0.06667	0.06667	0.06667	370.00335	0.06667	3.12998	0.06667
161	2469	0.06667	0.06667	0.06667	0.06667	0.06667	0.06667	0.06667	0.06667	0.06667	0.06667	0.06667	373.06667	0.06667	0.06667	0.06667
162	2229	0.06667	6.20106	0.06667	0.06667	0.06667	3.11787	0.06667	7.29040	0.06667	0.06667	0.06667	356.65734	0.06667	0.06667	0.06667
163	2552	0.06667	0.06667	0.06667	0.06667	0.06667	0.06667	0.06667	3.47322	0.06667	0.06667	0.06667	369.66012	0.06667	0.06667	0.06667
164	1993	0.06667	0.06667	0.06667	0.06667	0.06667	1.91520	0.06667	1.93143	0.06667	0.06667	0.06667	369.35337	0.06667	0.06667	0.06667
165	2032	8.85811	0.06667	0.06667	0.06667	0.06667	0.06667	8.12835	0.06667	30.50296	0.06667	0.06667	0.06667	0.06667	325.77724	0.06667
166	2485	0.06667	0.06667	0.06667	0.06667	0.06667	0.06667	0.06667	0.06667	0.06667	0.06667	0.06667	373.06667	0.06667	0.06667	0.06667
167	2395	0.06667	4.25957	0.06667	0.06667	0.06667	0.06667	0.06667	2.18657	0.06667	0.06667	0.06667	366.75386	0.06667	0.06667	0.06667
168	2339	0.06667	0.06667	0.06667	0.06667	0.06667	0.06667	0.06667	8.42142	0.06667	0.06667	0.06667	364.71192	0.06667	0.06667	0.06667
169	1989	0.06667	4.40617	0.06667	0.06667	0.06667	0.06667	0.06667	0.06667	0.06667	0.06667	0.06667	368.72716	0.06667	0.06667	0.06667
170	2243	0.06667	0.06667	0.06667	0.06667	0.06667	0.06667	6.74485	6.79006	359.66509	0.06667	0.06667	0.06667	0.06667	0.06667	0.06667
171	2434	0.06667	0.06667	0.06667	0.06667	0.06667	0.06667	14.78314	0.06667	358.35020	0.06667	0.06667	0.06667	0.06667	0.06667	0.06667
172	2126	0.06667	0.06667	0.06667	0.06667	373.06667	0.06667	0.06667	0.06667	0.06667	0.06667	0.06667	0.06667	0.06667	0.06667	0.06667
173	2408	0.06667	0.06667	0.06667	0.06667	0.06667	0.06667	0.06667	0.06667	0.06667	0.06667	0.06667	373.06667	0.06667	0.06667	0.06667
174	2121	0.06667	2.44372	0.06667	0.06667	0.06667	0.06667	0.06667	2.46530	0.06667	0.06667	0.06667	368.29097	0.06667	0.06667	0.06667
175	2453	0.06667	0.06667	112.59824	31.78172	0.06667	0.06667	228.82004	0.06667	0.06667	0.06667	0.06667	0.06667	0.06667	0.06667	0.06667
176	2214	0.06667	0.06667	126.36929	0.06667	18.56823	0.06667	228.26247	0.06667	0.06667	0.06667	0.06667	0.06667	0.06667	0.06667	0.06667
177	2633	0.06667	0.06667	0.06667	0.06667	0.06667	0.06667	0.06667	0.06667	0.06667	0.06667	0.06667	0.06667	373.06667	0.06667	0.06667
178	2526	0.06667	0.06667	0.06667	6.10996	0.06667	4.06077	0.06667	22.28500	0.06667	0.06667	0.06667	340.81093	0.06667	0.06667	0.06667
179	2430	0.06667	0.06667	0.06667	0.06667	0.06667	0.06667	0.06667	7.88257	0.06667	0.06667	0.06667	365.25076	0.06667	0.06667	0.06667
180	1964	4.54062	0.06667	29.58927	0.06667	78.24983	0.06667	166.03071	0.06667	0.06667	0.06667	0.06667	0.06667	0.06667	94.92291	0.06667
181	2064	0.06667	0.06667	0.06667	0.06667	0.06667	0.06667	0.06667	4.17163	0.06667	0.06672	0.06667	368.96165	0.06667	0.06667	0.06667
182	2407	0.06667	0.06667	0.06667	0.06667	0.06667	0.06667	0.06667	0.06667	0.06667	0.06667	0.06667	373.06667	0.06667	0.06667	0.06667
183	2317	0.06667	0.06667	0.06667	0.06667	373.06667	0.06667	0.06667	0.06667	0.06667	0.06667	0.06667	0.06667	0.06667	0.06667	0.06667
184	2412	0.06667	0.06667	0.06667	0.06667	373.06667	0.06667	0.06667	0.06667	0.06667	0.06667	0.06667	0.06667	0.06667	0.06667	0.06667
185	2406	0.06667	0.06667	34.69212	11.24216	0.06667	0.06667	327.26570	0.06667	0.06667	0.06667	0.06667	0.06667	0.06667	0.06669	0.06667
186	2112	0.06667	0.06667	0.06667	0.06667	0.06667	0.06667	0.06667	0.06667	0.06667	2.41352	0.06667	370.71982	0.06667	0.06667	0.06667
187	2404	0.06667	0.06667	0.06667	0.06667	0.06667	0.06667	0.06667	13.64923	0.06667	0.06687	0.06667	359.48390	0.06667	0.06667	0.06667
188	2135	0.06667	0.06667	0.06667	0.06667	0.06667	0.06667	0.06667	0.06667	0.06667	0.06667	0.06667	0.06667	0.06667	373.06667	0.06667
189	2498	0.06667	0.06667	0.06667	0.06667	0.06667	0.06667	42.86752	0.06667	0.06667	0.06667	0.06667	0.06667	0.06667	330.26581	0.06667
190	2302	23.97239	0.06667	6.93243	0.06667	0.06667	0.06667	0.06667	0.06667	8.42178	0.06667	0.06667	0.06668	3.22535	330.78137	0.06667
191	2629	7.16668	0.06667	0.06667	0.06667	0.06667	0.06667	0.06667	0.06667	12.14243	0.06667	0.06667	0.06667	3.07783	350.87973	0.06667
192	2351	0.06667	0.06667	0.06667	0.06667	0.06667	0.06667	0.06667	0.06667	7.53313	0.06667	0.06667	0.06667	0.06667	365.60021	0.06667
193	2212	0.06667	0.06667	0.06667	0.06667	0.06667	0.06667	0.06667	0.06667	0.06667	0.06667	0.06667	373.06667	0.06667	0.06667	0.06667
194	2123	0.06667	0.06667	0.06667	0.06667	0.06667	0.06667	0.06667	3.82289	0.06667	0.06965	0.06667	369.30746	0.06667	0.06667	0.06667
195	2053	14.56675	0.06667	0.06667	0.06667	0.06667	0.06667	0.06667	0.06667	74.92368	0.06667	0.06667	0.06667	0.06667	283.70956	0.06667
196	2254	14.81126	0.06667	0.06667	12.95206	0.06667	0.06667	0.06667	0.06667	16.76428	0.06667	0.06667	0.06667	0.06667	328.73907	0.06667
197	2271	0.06667	0.06667	0.06667	0.06667	0.06667	0.06667	0.06667	6.38399	0.06667	0.06667	0.06667	366.74934	0.06667	0.06667	0.06667
198	2199	12.97868	0.06667	0.06667	0.06667	5.90054	0.06667	8.67966	0.06667	70.60351	0.06667	0.06667	0.06667	0.06667	275.17094	0.06667
199	2054	0.06667	0.06667	0.06667	0.06667	0.06667	0.06667	5.02152	0.06667	77.27611	0.06667	0.06667	0.06667	0.06667	290.90237	0.06667
200	2018	0.06667	0.06667	0.06667	0.06667	0.06667	0.06667	0.06667	0.06667	0.06667	0.06667	0.06667	0.06667	373.06667	0.06667	0.06667
201	2636	0.06667	0.06667	0.06667	0.06667	0.06667	0.06667	0.06667	0.06667	0.06667	0.06667	0.06667	0.06667	373.06667	0.06667	0.06667
202	2371	0.06667	0.06667	0.06667	0.06667	373.06667	0.06667	0.06667	0.06667	0.06667	0.06667	0.06667	0.06667	0.06667	0.06667	0.06667
203	2166	0.06667	0.06667	0.06667	0.06667	373.06667	0.06667	0.06667	0.06667	0.06667	0.06667	0.06667	0.06667	0.06667	0.06667	0.06667
204	2033	0.06667	0.06667	0.06667	0.06667	0.06667	0.06667	0.06667	0.06667	0.06667	0.06667	0.06667	373.06667	0.06667	0.06667	0.06667
205	2608	85.91103	0.06667	0.06667	4.07796	0.06667	0.06667	0.06667	0.06667	283.21100	0.06667	0.06667	0.06667	0.06667	0.06667	0.06667
206	2567	11.52429	0.06667	6.56846	0.06667	0.06667	0.06667	0.06667	0.06667	2.11999	0.06667	0.06667	0.06668	0.06667	353.05392	0.06667
207	2338	0.06667	0.06667	0.06667	0.06667	0.06667	0.06667	0.06667	0.06667	19.70785	0.06667	0.06667	0.06667	0.06667	353.42548	0.06667
208	1954	0.06667	0.06667	0.06667	0.06667	0.06667	0.06667	0.06667	0.06667	4.57726	0.06667	0.06667	0.06667	91.53114	277.09160	0.06667
209	2555	0.06667	0.06667	0.06667	2.91099	0.06667	0.06667	0.06667	0.06667	21.92526	0.06667	0.06667	0.06667	0.06667	348.36375	0.06667
210	2138	24.95129	0.06667	0.06667	2.93881	0.06667	0.06667	0.06667	0.06667	6.88137	0.06667	0.06667	0.06667	0.06667	338.49520	0.06667
211	2357	0.06667	0.06667	0.06667	0.06667	373.06667	0.06667	0.06667	0.06667	0.06667	0.06667	0.06667	0.06667	0.06667	0.06667	0.06667
212	2152	0.06667	0.06667	0.06667	0.06667	373.06667	0.06667	0.06667	0.06667	0.06667	0.06667	0.06667	0.06667	0.06667	0.06667	0.06667
213	2372	26.07262	0.06667	0.06667	0.06667	0.06667	0.06667	0.06667	0.06667	12.08783	0.06667	0.06667	0.06667	0.06667	335.03955	0.06667
214	2189	4.51655	0.06667	0.06667	0.06667	0.06667	0.06667	0.06667	93.11857	10.15401	0.06667	0.06667	0.06667	0.06667	265.47753	0.06667
215	2590	0.06667	0.06667	0.06667	0.06667	0.06667	0.06667	0.06667	5.89368	0.06667	0.06667	0.06667	367.23965	0.06667	0.06667	0.06667
216	2359	0.06667	0.06667	0.06667	0.06667	0.06667	0.06667	0.06667	0.06667	0.06667	0.06667	0.06667	373.06667	0.06667	0.06667	0.06667
217	2020	0.06667	0.06667	0.06667	0.06667	0.06667	0.06667	0.06667	0.06667	0.06667	0.06667	0.06667	373.06667	0.06667	0.06667	0.06667
218	2467	0.06667	0.06667	0.06667	0.06667	0.06667	0.06667	0.06667	0.06667	0.06667	0.06667	0.06667	373.06667	0.06667	0.06667	0.06667
219	2266	0.06667	0.06667	0.06667	0.06667	0.06667	0.06667	0.06667	30.65537	11.58767	0.06667	0.06667	330.95696	0.06667	0.06667	0.06667
220	2558	0.06667	0.06667	0.06667	0.06667	373.06667	0.06667	0.06667	0.06667	0.06667	0.06667	0.06667	0.06667	0.06667	0.06667	0.06667
221	2375	0.06667	0.06667	0.06667	0.06667	373.06667	0.06667	0.06667	0.06667	0.06667	0.06667	0.06667	0.06667	0.06667	0.06667	0.06667
222	1947	0.06667	0.06667	0.06667	0.06667	0.06667	0.06667	6.76455	0.06667	113.12626	0.06667	0.06667	0.06667	0.06667	253.30919	0.06667
223	2432	0.06667	0.06667	0.06667	13.88148	0.06667	0.06667	29.34677	0.06667	329.97175	0.06667	0.06667	0.06667	0.06667	0.06667	0.06667
224	2660	0.06667	0.06667	0.06667	0.06667	0.06667	0.06667	0.06667	0.06667	0.06667	0.06667	0.06667	0.06667	373.06667	0.06667	0.06667
225	2640	0.06667	0.06667	0.06667	0.06667	0.06667	0.06667	0.06667	0.06667	0.06667	0.06667	0.06667	0.06667	373.06667	0.06667	0.06667
226	2601	0.06667	0.06667	0.06667	0.06667	0.06667	0.06667	0.06667	2.06166	0.06667	0.06667	0.06667	371.07167	0.06667	0.06667	0.06667
227	2069	0.06667	6.88199	0.06667	0.06667	0.06667	0.06667	0.06667	11.27497	0.06667	0.06667	0.06667	355.04304	0.06667	0.06667	0.06667
228	2327	9.84711	0.06667	0.06667	0.06673	0.06667	0.06667	19.32134	0.06667	85.80313	0.06667	0.06667	0.06667	0.06667	258.29503	0.06667
229	1928	0.06667	0.06667	0.06667	0.06667	0.06667	0.06667	0.06667	0.06667	0.06667	0.06667	0.06667	0.06667	373.06667	0.06667	0.06667
230	2360	0.06667	0.06667	0.06667	0.06667	373.06667	0.06667	0.06667	0.06667	0.06667	0.06667	0.06667	0.06667	0.06667	0.06667	0.06667
231	2156	0.06667	0.06667	0.06667	0.06667	373.06667	0.06667	0.06667	0.06667	0.06667	0.06667	0.06667	0.06667	0.06667	0.06667	0.06667
232	2101	12.56389	0.06667	0.06667	0.06667	0.06667	0.06667	24.20027	0.06667	336.43584	0.06667	0.06667	0.06667	0.06667	0.06667	0.06667
233	2095	0.06667	0.06667	0.06667	0.06667	0.06667	0.06667	0.06667	0.06667	0.06667	0.06667	0.06667	370.58040	0.06667	2.55294	0.06667
234	2125	3.33417	0.06667	0.06667	0.06667	0.06667	0.06667	0.06667	0.06667	41.71515	0.06667	0.06667	0.06667	0.06667	328.15068	0.06667
235	2124	0.06667	0.06667	0.06667	0.06667	0.06667	0.06667	0.06667	2.35112	0.06667	0.06667	0.06667	370.78222	0.06667	0.06667	0.06667
236	2538	0.06667	0.06667	0.06667	0.06667	0.06667	0.06667	0.06667	0.06667	0.06667	0.06667	0.06667	0.06667	373.06667	0.06667	0.06667
237	2447	0.06667	0.06667	0.06667	0.06667	0.06667	0.06667	0.06667	0.06667	0.06667	0.06667	0.06667	0.06667	373.06667	0.06667	0.06667
238	2297	0.06667	0.06667	0.06667	0.06667	0.06667	0.06667	0.06667	0.06667	0.06667	0.06667	0.06667	0.06667	373.06667	0.06667	0.06667
239	2659	0.06667	0.06667	0.06667	0.06667	98.69533	0.06667	0.06667	0.06667	0.06667	0.06667	0.06667	0.06667	274.43800	0.06667	0.06667
240	2142	0.06667	0.06667	0.06667	0.06667	0.06667	0.06667	0.06667	22.04894	14.04186	0.06667	0.06667	337.10920	0.06667	0.06667	0.06667
241	2414	0.06667	0.06667	0.06667	0.06667	0.06667	2.11803	0.06667	4.21095	0.06667	0.06667	0.06667	366.87102	0.06667	0.06667	0.06667
242	2324	0.06667	0.06667	2.30961	0.06667	0.06667	5.78236	0.06667	0.06667	7.35464	0.06667	0.06667	357.82005	0.06667	0.06667	0.06667
243	2334	0.06667	0.06667	0.06667	0.06667	0.06667	0.06667	0.06667	19.31995	2.81339	0.06667	0.06667	351.06666	0.06667	0.06667	0.06667
244	2397	0.06667	0.06667	0.06667	0.06667	373.06667	0.06667	0.06667	0.06667	0.06667	0.06667	0.06667	0.06667	0.06667	0.06667	0.06667
245	1978	0.06667	0.06667	0.06667	0.06667	373.06667	0.06667	0.06667	0.06667	0.06667	0.06667	0.06667	0.06667	0.06667	0.06667	0.06667
246	2429	0.06667	0.06667	0.06667	0.06667	0.06667	0.06667	0.06667	54.80500	8.92718	0.06667	0.06667	309.46782	0.06667	0.06667	0.06667
247	2300	0.06667	0.06667	0.06667	0.06667	0.06667	0.06667	0.06667	37.96964	0.06667	0.06667	0.06667	335.16369	0.06667	0.06667	0.06667
248	2606	0.06667	0.06667	0.06667	0.06667	0.06667	0.06667	0.06667	0.06667	0.06667	0.06667	0.06667	373.06667	0.06667	0.06667	0.06667
249	2276	0.06667	0.06667	0.06667	0.06667	0.06667	0.06667	0.06667	0.06667	0.06667	0.06667	0.06667	373.06667	0.06667	0.06667	0.06667
250	2554	0.06667	0.06667	0.06667	0.06667	0.06667	4.26030	0.06667	0.06667	0.06667	0.06667	0.06667	368.87303	0.06667	0.06667	0.06667
251	2258	0.06667	0.06667	0.06667	0.06667	0.06667	0.06667	0.06667	8.00160	0.06667	0.06667	0.06667	365.13173	0.06667	0.06667	0.06667
252	2331	0.06667	2.05167	0.06667	0.06667	0.06667	0.06667	0.06667	2.07210	0.06667	0.06667	0.06667	369.07622	0.06667	0.06667	0.06667
253	1942	0.06667	0.06667	0.06667	0.06667	0.06667	0.06667	0.06667	373.06667	0.06667	0.06667	0.06667	0.06667	0.06667	0.06667	0.06667
254	2584	0.06667	0.06667	0.06667	0.06667	0.06667	0.06667	0.06667	373.06667	0.06667	0.06667	0.06667	0.06667	0.06667	0.06667	0.06667
255	2517	0.06667	0.06667	0.06667	0.06667	0.06667	0.06667	373.06667	0.06667	0.06667	0.06667	0.06667	0.06667	0.06667	0.06667	0.06667
256	2192	0.06667	0.06667	0.06667	0.06667	0.06667	0.06667	0.06667	0.06667	0.06667	0.06667	0.06667	0.06667	373.06667	0.06667	0.06667
257	2090	0.06667	0.06667	0.06667	0.06667	0.06667	0.06667	0.06667	0.06667	0.06667	2.06204	0.06667	371.07130	0.06667	0.06667	0.06667
258	2340	0.06667	0.06667	0.06667	0.06667	0.06667	0.06667	0.06667	0.06667	0.06667	0.06667	0.06667	373.06667	0.06667	0.06667	0.06667
259	2127	0.86821	0.06667	0.06667	0.06667	0.06667	0.06667	13.74093	0.06667	18.04556	0.06667	0.06667	0.06667	0.06667	340.61197	0.06667
260	1943	0.06667	0.06667	0.06667	0.06667	0.06667	0.06667	0.06667	10.12116	0.06667	0.06752	0.06667	363.01132	0.06667	0.06667	0.06667
261	2586	0.06667	0.06667	0.06667	0.06667	0.06667	0.06667	0.06667	0.06667	0.06667	0.06667	0.06667	373.06667	0.06667	0.06667	0.06667
262	2116	0.06667	0.06667	0.06667	0.06667	0.06667	0.06667	14.03544	0.06667	0.06667	0.06667	0.06667	0.06667	282.61667	76.54789	0.06667
263	2365	0.06667	0.06667	0.06667	0.06667	0.06667	0.06667	0.06667	0.06667	0.06667	0.06667	0.06667	0.06667	373.06667	0.06667	0.06667
264	2523	0.06667	0.06667	0.06667	0.06667	373.06667	0.06667	0.06667	0.06667	0.06667	0.06667	0.06667	0.06667	0.06667	0.06667	0.06667
265	2158	0.06667	0.06667	0.06667	0.06667	373.06667	0.06667	0.06667	0.06667	0.06667	0.06667	0.06667	0.06667	0.06667	0.06667	0.06667
266	1985	39.51803	0.06667	0.06667	0.06667	0.06667	1.88922	0.06667	9.38178	0.06667	0.06667	0.06667	322.47763	0.06667	0.06667	0.06667
267	2279	9.94358	0.06667	0.06667	2.99106	0.06667	0.06667	0.06667	0.06667	28.39029	0.06667	0.06667	0.06667	0.06667	331.94173	0.06667
268	1948	0.06667	0.06667	0.06667	0.06667	0.06667	0.06667	0.06667	0.06667	15.63973	0.06667	0.06667	0.06667	0.06667	357.49360	0.06667
269	1957	0.06667	0.06667	0.06667	0.06667	0.06667	0.06667	0.06667	0.06667	0.06667	0.06667	0.06667	0.06667	373.06667	0.06667	0.06667
270	2648	0.06667	0.06667	0.06667	0.06667	0.06667	0.06667	0.06667	0.06667	0.06667	0.06667	0.06667	0.06667	373.06667	0.06667	0.06667
271	1946	0.06667	0.06667	0.06667	0.06667	0.06667	0.06667	0.06667	2.06859	0.06667	0.06667	0.06667	371.06474	0.06667	0.06667	0.06667
272	2337	0.06667	0.06667	0.06667	0.06667	0.06667	0.06667	0.06667	0.06667	0.06667	0.06667	0.06667	0.06667	373.06667	0.06667	0.06667
273	2225	0.06667	0.06667	0.06667	0.06667	0.06667	0.06667	0.06667	0.06667	0.06667	0.06667	0.06667	0.06667	373.06667	0.06667	0.06667
274	2016	0.06667	0.06667	0.06667	0.06667	0.06667	0.06667	0.06667	0.06667	0.06667	0.06667	0.06667	0.06667	373.06667	0.06667	0.06667
275	2244	0.06667	0.06667	0.06667	0.06667	0.06667	0.06667	0.06667	0.06667	0.06667	1.96078	0.06667	371.17255	0.06667	0.06667	0.06667
276	2348	2.57610	0.06667	0.06667	0.06667	0.06667	0.06667	0.06667	0.06667	0.06667	0.06667	0.06667	370.55724	0.06667	0.06667	0.06667
277	2600	0.06667	0.06667	0.06667	0.06667	0.06667	0.06667	0.06667	6.35212	0.06667	0.06667	0.06667	366.78121	0.06667	0.06667	0.06667
278	2593	0.06667	0.06667	0.06667	0.06667	0.06667	0.06667	0.06667	0.06667	0.06667	0.06667	0.06667	373.06667	0.06667	0.06667	0.06667
279	2056	0.06667	0.06667	0.06667	0.06667	0.06667	0.06667	0.06667	47.18230	0.06667	0.06667	0.06667	325.95103	0.06667	0.06667	0.06667
280	2396	0.06667	0.06667	0.06667	0.06667	0.06667	0.06667	29.49166	0.06667	343.64167	0.06667	0.06667	0.06667	0.06667	0.06667	0.06667
281	1952	0.06667	0.06667	0.06667	0.06667	0.06667	0.06667	80.41132	23.37916	269.40952	0.06667	0.06667	0.06667	0.06667	0.06667	0.06667
282	2458	0.06667	0.06667	0.06667	0.06667	0.06667	0.06667	0.06667	0.06667	87.90387	0.06667	0.06667	0.06667	0.06667	285.22947	0.06667
283	2489	0.06667	0.06667	0.06667	0.06667	0.06667	0.06667	0.06667	7.11507	0.06667	0.06667	0.06667	366.01826	0.06667	0.06667	0.06667
284	1983	0.06667	0.06667	0.06667	0.06667	0.06667	0.06667	0.06667	23.01898	0.06667	0.06667	0.06667	350.11435	0.06667	0.06667	0.06667
285	2328	0.06667	0.06667	0.06667	0.06667	0.06667	0.06667	14.88142	0.06667	97.04342	0.06667	0.06667	0.06667	0.06667	261.27515	0.06667
286	2394	52.34601	0.06667	0.06667	0.06667	0.06667	0.06667	11.25308	0.06667	309.60090	0.06667	0.06667	0.06667	0.06667	0.06667	0.06667
287	1718	0.06667	0.06667	0.06667	6.99535	0.06667	0.06667	0.06667	0.06667	11.62717	0.06667	0.06667	0.06667	0.06667	354.57747	0.06667
288	2333	19.83074	0.06667	0.06667	0.06667	0.06667	0.06667	5.24206	0.06667	88.48107	0.06667	0.06667	0.06667	0.06667	259.71280	0.06667
289	2446	0.06667	0.06667	0.06667	0.06667	0.06667	0.06667	0.06667	0.06667	0.06667	0.06667	0.06667	373.06667	0.06667	0.06667	0.06667
290	1997	0.06667	0.06667	0.06667	0.06667	0.06667	0.06667	0.06667	0.06667	0.06667	0.06667	0.06667	373.06667	0.06667	0.06667	0.06667
291	1955	0.06667	0.06667	0.06667	4.23419	0.06667	0.06667	0.06667	0.06667	32.75278	0.06667	0.06667	0.06667	0.06667	336.21302	0.06667
292	1920	10.45213	0.06667	0.06667	0.06667	0.06667	0.06667	0.06667	0.06667	26.82146	0.06667	0.06667	0.06667	0.06667	335.92641	0.06667
293	2074	0.06667	0.06667	0.06667	0.06667	0.06667	0.06667	0.06667	0.06667	0.06667	0.06667	0.06667	373.06667	0.06667	0.06667	0.06667
294	1926	4.79911	0.06667	3.09239	0.06667	3.42101	0.06667	71.19145	0.06667	33.34978	0.06667	0.06667	0.06667	0.06667	257.54626	0.06667
295	2570	0.06667	0.06667	0.06667	0.06667	373.06667	0.06667	0.06667	0.06667	0.06667	0.06667	0.06667	0.06667	0.06667	0.06667	0.06667
296	2647	0.06667	0.06667	0.06667	0.06667	0.06667	0.06667	0.06667	0.06667	0.06667	0.06667	0.06667	0.06667	373.06667	0.06667	0.06667
297	2435	0.06667	0.06667	0.06667	0.06667	0.06667	0.06667	0.06667	0.06667	0.06667	0.06667	0.06667	0.06667	373.06667	0.06667	0.06667
298	2213	0.06667	0.06667	0.06667	0.06667	0.06667	0.06667	0.06667	0.06667	0.06667	0.06667	0.06667	373.06667	0.06667	0.06667	0.06667
299	2464	0.06667	0.06667	0.06667	0.06667	0.06667	0.06667	0.06667	0.06667	0.06667	0.06667	0.06667	373.06667	0.06667	0.06667	0.06667
300	2335	0.06667	0.06667	0.06667	0.06667	373.06667	0.06667	0.06667	0.06667	0.06667	0.06667	0.06667	0.06667	0.06667	0.06667	0.06667
301	1960	0.06667	0.06667	0.06667	0.06667	373.06667	0.06667	0.06667	0.06667	0.06667	0.06667	0.06667	0.06667	0.06667	0.06667	0.06667
302	2392	0.06667	0.06667	0.06667	0.06667	0.06667	0.06667	0.06667	0.06667	8.39524	0.06667	0.06667	364.73809	0.06667	0.06667	0.06667
303	2549	0.06667	0.06667	0.06667	0.06667	0.06667	0.06667	0.06667	0.06667	0.06667	0.06667	0.06667	373.06667	0.06667	0.06667	0.06667
304	2131	0.06667	0.06667	1.97021	0.06667	0.06667	0.06667	0.06667	5.84614	0.06667	0.06667	0.06667	365.38364	0.06667	0.06668	0.06667
305	2309	0.06667	0.06667	1.98000	0.06667	0.06667	1.98150	0.06667	7.82979	0.06667	0.06667	0.06667	361.47538	0.06667	0.06667	0.06667
306	2092	0.06667	0.06667	0.06667	0.06667	0.06667	0.06667	0.06667	373.06667	0.06667	0.06667	0.06667	0.06667	0.06667	0.06667	0.06667
307	2165	0.06667	0.06667	0.06667	0.06667	0.06667	3.03177	0.06667	3.05875	0.06667	0.06667	0.06667	367.10948	0.06667	0.06667	0.06667
308	2149	12.79811	0.06667	0.06667	0.06667	0.06667	0.06667	8.24299	0.06667	14.06471	0.06667	0.06667	0.06667	0.06667	338.16086	0.06667
309	2007	10.96212	0.06667	0.06667	4.68068	0.06667	0.06667	0.06667	63.17659	16.60626	0.06667	0.06667	0.06667	0.06667	277.90767	0.06667
310	2445	33.69198	0.06667	0.06667	5.63679	0.06667	0.06667	0.06667	0.06667	0.06667	0.06667	0.06667	0.06668	0.06667	333.87121	0.06667
311	2306	0.06667	0.06667	0.06667	0.06667	0.06667	0.06667	0.06667	0.06667	0.06667	0.06667	0.06667	373.06667	0.06667	0.06667	0.06667
312	2043	0.06667	0.06667	0.06667	0.06667	0.06667	0.06667	0.06667	2.24564	0.06667	0.06667	0.06667	370.88770	0.06667	0.06667	0.06667
313	2535	0.06667	0.06667	0.06667	0.06667	77.66549	0.06667	0.06667	0.06667	0.06667	0.06667	0.06667	0.06667	295.46785	0.06667	0.06667
314	2492	0.06667	0.06667	0.06667	0.06667	0.06667	0.06667	0.06667	2.20528	0.06667	0.06667	0.06667	370.92806	0.06667	0.06667	0.06667
315	2361	0.06667	0.06667	0.06667	0.06667	373.06667	0.06667	0.06667	0.06667	0.06667	0.06667	0.06667	0.06667	0.06667	0.06667	0.06667
316	2280	47.01428	0.06667	0.06667	14.13667	0.06667	0.06667	0.06667	0.06667	312.04905	0.06667	0.06667	0.06667	0.06667	0.06667	0.06667
317	2619	0.06667	0.06667	0.06667	0.06667	0.06667	0.06667	0.06667	2.39495	0.06667	0.06667	0.06667	370.73838	0.06667	0.06667	0.06667
318	2385	373.06667	0.06667	0.06667	0.06667	0.06667	0.06667	0.06667	0.06667	0.06667	0.06667	0.06667	0.06667	0.06667	0.06667	0.06667
319	2530	84.42019	0.06667	40.11661	0.06667	0.06667	0.06667	0.06667	0.06667	0.06667	0.06667	0.06667	0.06669	0.06667	248.66317	0.06667
320	1913	0.06667	0.06667	0.06667	0.06667	0.06667	0.06667	44.86598	0.06667	0.06667	0.06667	0.06667	0.06667	0.06667	328.26736	0.06667
321	2542	0.06667	0.06667	0.06667	0.06667	0.06667	0.06667	0.06667	11.57229	9.86843	0.06667	0.06667	351.75928	0.06667	0.06667	0.06667
322	2246	0.06667	0.06667	0.06667	0.06667	0.06667	0.06667	9.76707	0.06667	30.12736	0.06667	0.06667	0.06667	0.06667	333.30557	0.06667
323	2002	0.06667	0.06667	0.06667	0.06667	0.06667	0.06667	10.73141	0.06667	44.91240	0.06667	0.06667	0.06667	0.06667	317.55619	0.06667
324	1972	0.06667	0.06667	0.06667	0.06667	0.06667	0.06667	0.06667	0.06667	0.06667	0.06667	0.06667	0.06667	373.06667	0.06667	0.06667
325	2242	0.06667	21.42195	0.06667	0.06667	0.06667	0.06667	351.71136	0.06667	0.06667	0.06667	0.06667	0.06669	0.06667	0.06667	0.06667
326	2416	0.06667	0.06667	0.06667	0.06667	0.06667	0.06667	373.06667	0.06667	0.06667	0.06667	0.06667	0.06667	0.06667	0.06667	0.06667
327	2071	0.06667	0.06667	0.06667	0.06667	0.06667	0.06667	0.06667	5.93885	3.81875	0.06667	0.06667	0.06667	0.06667	363.44240	0.06667
328	2102	17.79945	0.06667	0.06667	0.06667	0.06667	0.06667	11.99032	0.06667	0.06667	0.06667	0.06667	0.06667	0.06667	343.41023	0.06667
329	2616	0.06667	0.06667	0.06667	0.06667	0.06667	0.06667	12.10863	0.06667	3.86451	0.06667	0.06667	0.06667	0.06667	357.22686	0.06667
330	2176	0.06667	0.06667	0.06667	0.06667	0.06667	0.06667	98.87758	0.06667	16.62176	0.06667	0.06667	0.06667	0.06667	257.70066	0.06667
331	2267	19.88070	0.06667	0.06667	0.06667	0.06667	0.06667	0.06667	0.06667	29.35307	0.06667	0.06667	0.06667	0.06667	323.96623	0.06667
332	2068	32.24557	0.06667	0.06667	2.78056	0.06667	0.06667	0.06667	0.06667	21.58883	0.06667	0.06667	0.06667	0.06667	316.65171	0.06667
333	1577	2.76099	0.06667	0.06667	0.06667	0.06667	0.06667	0.06667	0.06667	20.66538	0.06667	0.06667	0.06667	0.06667	349.77363	0.06667
334	2370	0.06667	0.06667	0.06667	0.06667	0.06667	0.06667	0.06667	0.06667	0.06667	0.06667	0.06667	373.06667	0.06667	0.06667	0.06667
335	2237	0.06667	0.06667	0.06667	0.06667	0.06667	0.06667	0.06667	0.06667	0.06667	0.06667	0.06667	373.06667	0.06667	0.06667	0.06667
336	2583	0.06667	0.06667	0.06667	0.06667	0.06667	0.06667	0.06667	0.06667	0.06667	0.06667	0.06667	0.06667	373.06667	0.06667	0.06667
337	2378	0.06667	0.06667	0.06667	0.06667	0.06667	0.06667	0.06667	0.06667	0.06667	0.06667	0.06667	0.06667	373.06667	0.06667	0.06667
338	2503	0.06667	0.06667	0.06667	0.06667	373.06667	0.06667	0.06667	0.06667	0.06667	0.06667	0.06667	0.06667	0.06667	0.06667	0.06667
339	2114	0.06667	0.06667	0.06667	0.06667	340.34237	0.06667	32.79097	0.06667	0.06667	0.06667	0.06667	0.06667	0.06667	0.06667	0.06667
340	2260	0.06667	0.06667	0.06667	0.06667	373.06667	0.06667	0.06667	0.06667	0.06667	0.06667	0.06667	0.06667	0.06667	0.06667	0.06667
341	2307	0.06667	0.06667	0.06667	0.06667	0.06667	0.06667	0.06667	0.06667	0.06667	0.06667	0.06667	373.06667	0.06667	0.06667	0.06667
342	2336	26.99310	0.06667	0.06667	0.06667	0.06667	0.06667	0.06667	0.06667	29.31107	0.06667	0.06667	0.06667	0.06667	316.89583	0.06667
343	2120	0.06667	0.06667	0.06667	0.06667	373.06667	0.06667	0.06667	0.06667	0.06667	0.06667	0.06667	0.06667	0.06667	0.06667	0.06667
344	2105	0.06667	0.06667	0.06667	0.06667	373.06667	0.06667	0.06667	0.06667	0.06667	0.06667	0.06667	0.06667	0.06667	0.06667	0.06667
345	2161	33.72074	0.06667	0.06667	0.06667	0.06667	0.06667	6.77511	0.06667	332.70415	0.06667	0.06667	0.06667	0.06667	0.06667	0.06667
346	2287	0.06667	0.06667	0.06667	0.06667	0.06667	0.06667	0.06667	0.06667	16.80911	0.06667	0.06667	356.32422	0.06667	0.06667	0.06667
347	2529	0.06667	0.06667	0.06667	0.06667	0.06667	0.06667	44.69347	0.06667	0.06667	0.06667	0.06667	0.06667	0.06667	328.43986	0.06667
348	1966	0.06667	2.24922	0.06667	0.06667	0.06667	2.25078	0.06667	17.76860	0.06667	0.06667	0.06667	350.99805	0.06667	0.06667	0.06667
349	2285	16.28428	0.06667	0.06667	0.06667	0.06667	0.06667	0.06667	0.06667	21.19902	0.06667	0.06667	0.06667	0.06667	335.71670	0.06667
350	2247	0.06667	0.06667	0.06667	0.06667	0.06667	0.06667	16.87913	0.06667	37.70685	0.06667	0.06667	0.06667	0.06667	318.61402	0.06667
351	2261	0.06667	0.06667	0.06667	0.06667	0.06667	0.06667	0.06667	0.06667	0.06667	0.06667	0.06667	373.06667	0.06667	0.06667	0.06667
352	2504	0.06667	0.06667	0.06667	0.06667	0.06667	0.06667	0.06667	0.06667	0.06667	0.06667	0.06667	373.06667	0.06667	0.06667	0.06667
353	2495	0.06667	0.06667	0.06667	0.06667	0.06667	0.06667	0.06667	0.06667	0.06667	0.06667	0.06667	373.06667	0.06667	0.06667	0.06667
354	2343	0.06667	0.06667	0.06667	0.06667	0.06667	0.06667	0.06667	0.06667	10.75983	0.06667	0.06667	0.06667	0.06667	362.37350	0.06667
355	2487	0.06667	0.06667	0.06667	0.06667	0.06667	0.06667	0.06667	0.06667	0.06667	0.06667	0.06667	0.06667	373.06667	0.06667	0.06667
356	2245	0.06667	0.06667	0.06667	0.06667	0.06667	0.06667	0.06667	0.06667	0.06667	0.06667	0.06667	0.06667	373.06667	0.06667	0.06667
357	1988	0.06667	0.06667	0.06667	373.06667	0.06667	0.06667	0.06667	0.06667	0.06667	0.06667	0.06667	0.06667	0.06667	0.06667	0.06667
358	2466	0.06667	0.06667	0.06667	373.06667	0.06667	0.06667	0.06667	0.06667	0.06667	0.06667	0.06667	0.06667	0.06667	0.06667	0.06667
359	2223	25.97728	0.06667	0.06667	3.42856	0.06667	0.06667	0.06667	0.06667	30.05652	0.06667	0.06667	0.06667	0.06667	313.80431	0.06667
360	2653	0.06667	0.06667	0.06667	0.06667	0.06667	0.06667	0.06667	0.06667	0.06667	0.06667	0.06667	0.06667	0.06667	373.06667	0.06667
361	2164	0.06667	0.06667	0.06667	0.06667	0.06667	0.06667	0.06667	4.21322	0.06667	0.06667	0.06667	368.92011	0.06667	0.06667	0.06667
362	2472	0.06667	0.06667	0.06667	0.06667	0.06667	0.06667	0.06667	0.06667	0.06667	0.06667	0.06667	0.06667	64.91565	308.21769	0.06667
363	2241	3.60709	0.06667	0.06667	3.30880	0.06667	0.06667	0.06667	0.06667	20.85646	0.06667	0.06667	0.06667	0.06667	345.49431	0.06667
364	136	0.06667	0.06667	0.06667	0.06667	0.06667	0.06667	0.06667	0.06667	3.77308	0.06667	0.06667	0.06667	100.89160	268.53532	0.06667
365	2451	7.55377	0.06667	0.06667	0.06667	0.06667	0.06667	0.06667	0.06667	83.80762	0.06667	0.06667	0.06667	0.06667	281.83861	0.06667
366	2050	0.06667	0.06667	0.06667	0.06667	0.06667	0.06667	0.06667	0.06667	0.06667	0.06667	0.06667	0.06667	373.06667	0.06667	0.06667
367	2196	3.61250	0.06667	0.06667	0.06667	0.06667	0.06667	0.06667	0.06667	3.82830	0.06667	0.06667	0.06667	0.06667	365.75920	0.06667
368	2075	0.06667	0.06667	0.06667	0.06667	0.06667	0.06667	25.00966	0.06667	348.12368	0.06667	0.06667	0.06667	0.06667	0.06667	0.06667
369	2501	5.59087	35.96493	0.06667	0.06667	0.06667	0.06667	26.50507	0.06667	305.20577	0.06667	0.06667	0.06669	0.06667	0.06667	0.06667
370	2423	0.06667	0.06667	0.06667	0.06667	0.06667	0.06667	0.06667	2.38920	0.06667	0.06667	0.06667	370.74414	0.06667	0.06667	0.06667
371	2250	0.06667	0.06667	0.06667	0.06667	0.06667	0.06667	10.80521	0.06667	0.06667	0.06667	0.06667	0.06667	0.06667	362.32812	0.06667
372	2180	6.93456	0.06667	0.06667	0.06667	0.06667	0.06667	0.06667	0.06667	11.21498	0.06667	0.06667	0.06667	0.06667	355.05045	0.06667
373	2478	0.06667	4.18604	0.06667	4.26145	0.06667	0.06667	0.06667	80.05686	0.06667	0.06667	0.06667	284.76231	0.06667	0.06667	0.06667
374	2058	0.06667	0.06667	0.06667	0.06667	0.06667	0.06667	0.06667	40.84734	0.06667	0.06667	0.06667	332.28599	0.06667	0.06667	0.06667
375	2183	12.65996	0.06667	0.06667	2.91472	0.06667	0.06667	0.06667	0.06667	40.23322	0.06667	0.06667	0.06667	0.06667	317.45876	0.06667
376	2533	0.06667	0.06667	0.06667	0.06667	0.06667	0.06667	0.06667	0.06667	8.43314	0.06667	0.06667	0.06667	3.90644	360.86042	0.06667
377	2409	0.06667	0.06667	0.06667	0.06667	0.06667	0.06667	0.06667	4.38022	0.06667	0.06667	0.06667	368.75312	0.06667	0.06667	0.06667
378	2582	0.06667	0.06667	0.06667	0.06667	0.06667	0.06667	0.06667	0.06667	12.54775	0.06667	0.06667	0.06667	0.06667	360.58558	0.06667
379	2377	0.06667	0.06667	0.06667	0.06667	0.06667	0.06667	0.06667	0.06667	92.55705	0.06667	0.06667	0.06667	0.06667	280.57629	0.06667
380	2215	373.06667	0.06667	0.06667	0.06667	0.06667	0.06667	0.06667	0.06667	0.06667	0.06667	0.06667	0.06667	0.06667	0.06667	0.06667
381	2197	0.06667	0.06667	0.06667	0.06667	373.06667	0.06667	0.06667	0.06667	0.06667	0.06667	0.06667	0.06667	0.06667	0.06667	0.06667
382	2236	0.06667	0.06667	0.06667	0.06667	373.06667	0.06667	0.06667	0.06667	0.06667	0.06667	0.06667	0.06667	0.06667	0.06667	0.06667
383	2499	0.06667	0.06667	0.06667	0.06667	0.06667	4.17271	0.06667	33.41865	0.06667	0.06667	0.06667	335.60864	0.06667	0.06667	0.06667
384	2322	0.06667	0.06667	0.06667	0.06667	166.81090	0.06667	206.32243	0.06667	0.06667	0.06667	0.06667	0.06667	0.06667	0.06667	0.06667
385	2098	0.06667	0.06667	0.06667	0.06667	0.06667	0.06667	0.06667	0.06667	0.06667	0.06667	0.06667	373.06667	0.06667	0.06667	0.06667
386	2418	0.06667	0.06667	0.06667	0.06667	0.06667	0.06667	0.06667	0.06667	0.06667	0.06667	0.06667	373.06667	0.06667	0.06667	0.06667
387	2381	0.06667	0.06667	0.06667	0.06667	0.06667	2.20026	0.06667	0.06667	0.06667	0.06667	0.06667	370.93307	0.06667	0.06667	0.06667
388	2603	0.06667	0.06667	0.06667	0.06667	0.06667	0.06667	69.51814	0.06667	303.61519	0.06667	0.06667	0.06667	0.06667	0.06667	0.06667
389	2644	0.06667	0.06667	0.06667	0.06667	373.06667	0.06667	0.06667	0.06667	0.06667	0.06667	0.06667	0.06667	0.06667	0.06667	0.06667
390	2417	51.69227	0.06667	0.06667	0.06667	0.06667	0.06667	0.06667	0.06667	0.06667	0.06667	0.06667	0.06667	65.93043	255.57730	0.06667
391	1999	0.06667	0.06667	0.06667	0.06667	0.06667	0.06667	0.06667	0.06667	0.06667	0.06667	0.06667	0.06667	373.06667	0.06667	0.06667
392	2220	0.06667	0.06667	0.06667	0.06667	0.06667	0.06667	0.06667	0.06667	0.06667	0.06667	0.06667	373.06667	0.06667	0.06667	0.06667
393	2578	0.06667	0.06667	0.06667	0.06667	0.06667	0.06667	0.06667	0.06667	0.06667	2.37002	0.06667	370.76331	0.06667	0.06667	0.06667
394	2045	0.06667	0.06667	0.06667	0.06667	0.06667	0.06667	0.06667	0.06667	0.06667	0.06667	0.06667	373.06667	0.06667	0.06667	0.06667
395	1953	0.06667	0.06667	0.06667	0.06667	0.06667	0.06667	0.06667	0.06667	0.06667	0.06667	0.06667	373.06667	0.06667	0.06667	0.06667
396	2028	0.06667	0.06667	0.06667	0.06667	0.06667	0.06667	0.06667	0.06667	7.87449	0.06667	0.06667	0.06667	0.06667	365.25884	0.06667
397	2556	0.06667	0.06667	0.06667	0.06667	0.06667	0.06667	0.06667	3.02038	0.06667	0.06667	0.06667	370.11295	0.06667	0.06667	0.06667
398	2191	4.49992	0.06667	0.06667	0.06667	0.06667	0.06667	0.06667	0.06667	0.06667	0.06667	0.06667	0.06667	0.06667	368.63341	0.06667
399	2235	0.06667	0.06667	5.59654	0.06667	0.06667	0.06667	43.53114	0.06667	324.07232	0.06667	0.06667	0.06667	0.06667	0.06667	0.06667
400	2288	0.06667	0.06667	0.06667	0.06667	0.06667	0.06667	131.05801	242.07532	0.06667	0.06667	0.06667	0.06667	0.06667	0.06667	0.06667
401	1987	79.10462	0.06667	0.06667	0.06667	0.06667	0.06667	0.06667	0.06667	0.06667	0.06667	0.06667	0.06667	0.06667	294.02871	0.06667
402	2475	0.06667	0.06667	0.06667	7.93783	0.06667	0.06667	0.06667	0.06667	21.92235	0.06667	0.06667	0.06667	0.06667	343.33981	0.06667
403	2547	23.87158	0.06667	7.10923	0.06667	0.06667	0.06667	0.06667	0.06667	30.22217	0.06667	0.06667	0.06671	0.06667	312.06364	0.06667
404	2319	3.50845	0.06667	0.06667	0.06667	0.06667	0.06667	3.26393	0.06667	16.72524	0.06667	0.06667	0.06667	0.06667	349.76904	0.06667
405	2617	7.16233	0.06667	0.06667	3.39493	0.06667	0.06667	0.06667	0.06667	94.12152	0.06667	0.06667	0.06667	0.06667	268.58789	0.06667
406	1914	0.06667	0.06667	0.06667	0.06667	0.06667	0.06667	0.06667	0.06667	0.06667	0.06667	0.06667	0.06667	373.06667	0.06667	0.06667
407	2658	0.06667	0.06667	0.06667	0.06667	0.06667	0.06667	0.06667	0.06667	0.06667	0.06667	0.06667	0.06667	373.06667	0.06667	0.06667
408	2163	0.06667	13.30075	0.06667	0.06667	0.06667	0.06667	40.80123	0.06667	319.09800	0.06667	0.06667	0.06668	0.06667	0.06667	0.06667
409	2311	0.06667	0.06667	0.06667	0.06667	0.06667	0.06667	0.06667	15.24142	0.06667	0.06667	0.06667	357.89191	0.06667	0.06667	0.06667
410	2052	0.06667	0.06667	0.06667	0.06667	0.06667	0.06667	0.06667	0.06667	24.01155	0.06667	0.06667	0.06667	0.06667	349.12179	0.06667
411	2594	66.40329	0.06667	0.06667	27.73691	0.06667	0.06667	0.06667	10.67947	268.44699	0.06667	0.06667	0.06667	0.06667	0.06667	0.06667
412	2273	0.06667	0.06667	0.06667	4.27625	0.06667	0.06667	0.06667	0.06667	18.92870	0.06667	0.06667	0.06667	0.06667	349.99504	0.06667
413	2202	0.06667	0.06667	0.06667	0.06667	0.06667	0.06667	0.06667	0.06667	0.06667	0.06667	0.06667	0.06667	373.06667	0.06667	0.06667
414	2222	0.06667	0.06667	0.06667	0.06667	0.06667	0.06667	45.26713	0.06667	327.86621	0.06667	0.06667	0.06667	0.06667	0.06667	0.06667
415	1922	0.06667	0.06667	0.06667	0.06667	373.06667	0.06667	0.06667	0.06667	0.06667	0.06667	0.06667	0.06667	0.06667	0.06667	0.06667
416	2341	0.06667	0.06667	0.06667	0.06667	355.27487	0.06667	0.06667	0.06667	0.06667	0.06667	0.06667	0.06667	17.85846	0.06667	0.06667
417	2139	0.06667	0.06667	0.06667	0.06667	0.06667	0.06667	0.06667	0.06667	0.06667	0.06667	0.06667	373.06667	0.06667	0.06667	0.06667
418	2462	0.06667	0.06667	0.06667	0.06667	0.06667	11.98833	0.06667	0.06667	12.00485	0.06667	0.06667	349.20681	0.06667	0.06667	0.06667
419	2591	0.06667	0.06667	0.06667	0.06667	0.06667	0.06667	0.06667	0.06667	0.06667	0.06667	0.06667	373.06667	0.06667	0.06667	0.06667
420	2628	0.06667	0.06667	0.06667	0.06667	373.06667	0.06667	0.06667	0.06667	0.06667	0.06667	0.06667	0.06667	0.06667	0.06667	0.06667
421	2291	0.06667	0.06667	373.06667	0.06667	0.06667	0.06667	0.06667	0.06667	0.06667	0.06667	0.06667	0.06667	0.06667	0.06667	0.06667
422	2643	3.93508	0.06667	0.06667	0.06667	0.06667	0.06667	0.06667	0.06667	12.38582	0.06667	0.06667	0.06667	0.06667	356.87909	0.06667
423	2293	14.78263	0.06667	7.11089	0.06667	0.06667	0.06667	0.06667	0.06667	0.06667	0.06667	0.06667	0.06668	0.06667	351.30647	0.06667
424	1975	0.06667	0.06667	0.06667	0.06667	373.06667	0.06667	0.06667	0.06667	0.06667	0.06667	0.06667	0.06667	0.06667	0.06667	0.06667
425	1930	0.06667	0.06667	0.06667	0.06667	373.06667	0.06667	0.06667	0.06667	0.06667	0.06667	0.06667	0.06667	0.06667	0.06667	0.06667
426	2516	0.06667	0.06667	0.06667	0.06667	0.06667	0.06667	0.06667	0.06667	24.39147	0.06667	0.06667	0.06667	0.06667	348.74186	0.06667
427	2057	373.06667	0.06667	0.06667	0.06667	0.06667	0.06667	0.06667	0.06667	0.06667	0.06667	0.06667	0.06667	0.06667	0.06667	0.06667
428	2623	0.06667	0.06667	0.06667	0.06667	0.06667	0.06667	0.06667	3.40693	0.06667	0.06667	0.06667	364.24497	0.06667	5.54810	0.06667
429	2006	0.06667	0.06667	0.06667	0.06667	0.06667	0.06667	0.06667	0.06667	0.06667	0.06667	0.06667	0.06667	373.06667	0.06667	0.06667
430	2366	53.00508	0.06667	0.06667	0.06667	38.11261	0.06667	282.08231	0.06667	0.06667	0.06667	0.06667	0.06667	0.06667	0.06667	0.06667
431	2211	0.06667	0.06667	15.01320	22.24089	8.14667	0.06667	327.86590	0.06667	0.06667	0.06667	0.06667	0.06667	0.06667	0.06667	0.06667
432	2352	0.06667	0.06667	0.06667	0.06667	0.06667	0.06667	0.06667	2.32018	0.06667	0.06667	0.06667	370.81315	0.06667	0.06667	0.06667
433	2427	0.06667	0.06667	0.06667	0.06667	0.06667	0.06667	0.06667	355.07689	18.05643	0.06667	0.06667	0.06667	0.06667	0.06667	0.06667
434	1934	0.06667	0.06667	0.06667	0.06667	373.06667	0.06667	0.06667	0.06667	0.06667	0.06667	0.06667	0.06667	0.06667	0.06667	0.06667
435	2299	0.06667	0.06667	0.06667	0.06667	0.06667	2.52364	0.06667	0.06667	0.06667	0.06667	0.06667	370.60969	0.06667	0.06667	0.06667
436	2226	0.06667	0.06667	0.06667	0.06667	0.06667	0.06667	231.11363	0.06667	142.01970	0.06667	0.06667	0.06667	0.06667	0.06667	0.06667
437	2573	0.06667	0.06667	0.06667	0.06667	0.06667	2.53985	0.06667	0.06667	0.06667	2.53789	0.06667	368.12225	0.06667	0.06667	0.06667
438	1923	0.06667	0.06667	0.06667	41.25739	0.06667	0.06667	331.87593	0.06667	0.06667	0.06667	0.06667	0.06667	0.06667	0.06668	0.06667
439	2575	2.75596	0.06667	0.06667	0.06667	0.06667	0.06667	0.06667	2.78061	0.06667	0.06667	0.06667	367.66344	0.06667	0.06667	0.06667
440	2559	0.06667	0.06667	0.06667	0.06667	0.06667	0.06667	0.06667	0.06667	0.06667	0.06667	0.06667	373.06667	0.06667	0.06667	0.06667
441	2368	0.06667	0.06667	0.06667	0.06667	4.91757	0.06667	0.06667	0.06667	72.13796	0.06667	0.06667	0.06667	0.06667	296.14447	0.06667
442	2642	0.06667	0.06667	0.06667	0.06667	0.06667	0.06667	93.00470	0.06667	14.05292	0.06667	0.06667	0.06667	0.06667	266.14238	0.06667
443	2349	0.06667	0.06667	0.06667	373.06667	0.06667	0.06667	0.06667	0.06667	0.06667	0.06667	0.06667	0.06667	0.06667	0.06667	0.06667
444	2384	21.05946	0.06667	0.06667	0.06667	0.06667	0.06667	7.06277	0.06667	63.82107	0.06667	0.06667	0.06667	2.38005	279.00997	0.06667
445	2645	0.06667	0.06667	0.06667	0.06667	0.06667	0.06667	0.06667	0.06667	0.06667	0.06667	0.06667	0.06667	373.06667	0.06667	0.06667
446	2210	23.68188	0.06667	0.06667	0.06667	0.06667	0.06667	0.06667	0.06667	0.06667	0.06667	0.06667	349.45145	0.06667	0.06667	0.06667
447	2159	0.06667	0.06667	0.06667	0.06667	0.06667	0.06667	0.06667	0.06667	0.06667	0.06667	0.06667	0.06667	373.06667	0.06667	0.06667
448	2424	0.06667	0.06667	0.06667	0.06667	373.06667	0.06667	0.06667	0.06667	0.06667	0.06667	0.06667	0.06667	0.06667	0.06667	0.06667
449	2000	0.06667	0.06667	0.06667	0.06667	0.06667	0.06667	0.06667	0.06667	0.06667	0.06667	0.06667	0.06667	373.06667	0.06667	0.06667
450	2157	0.06667	0.06667	0.06667	0.06667	0.06667	0.06667	0.06667	0.06667	0.06667	0.06667	0.06667	0.06667	373.06667	0.06667	0.06667
451	2539	0.06667	0.06667	0.06667	0.06667	0.06667	0.06667	0.06667	0.06667	0.06667	0.06667	0.06667	373.06667	0.06667	0.06667	0.06667
452	2657	0.06667	0.06667	0.06667	0.06667	0.06667	0.06667	0.06667	0.06667	0.06667	0.06667	0.06667	0.06667	373.06667	0.06667	0.06667
453	1935	0.06667	0.06667	0.06667	0.06667	0.06667	0.06667	0.06667	0.06667	0.06667	0.06667	0.06667	0.06667	373.06667	0.06667	0.06667
454	2313	0.06667	0.06667	0.06667	0.06667	316.39908	0.06667	56.73425	0.06667	0.06667	0.06667	0.06667	0.06667	0.06667	0.06667	0.06667
455	2613	0.06667	0.06667	0.06667	0.06667	0.06667	0.06667	0.06667	0.06667	0.06667	0.06667	0.06667	373.06667	0.06667	0.06667	0.06667
456	2356	0.06667	0.06667	0.06667	0.06667	0.06667	0.06667	0.06667	0.06667	0.06667	0.06667	0.06667	373.06667	0.06667	0.06667	0.06667
457	2108	0.06667	0.06667	0.06667	0.06667	0.06667	0.06667	0.06667	0.06667	0.06667	0.06667	0.06667	373.06667	0.06667	0.06667	0.06667
458	2155	0.06667	0.06667	0.06667	0.06667	0.06667	0.06667	151.90162	0.06667	56.60770	0.06667	0.06667	0.06667	0.06667	164.69068	0.06667
459	2144	1.93980	0.06667	0.06667	7.96619	0.06667	0.06667	0.06667	0.06667	0.06667	0.06667	0.06667	0.06667	0.06667	363.29401	0.06667
460	1921	0.06667	0.06667	0.06667	0.06667	0.06667	0.06667	0.06667	0.06667	0.06667	0.06667	0.06667	0.06667	373.06667	0.06667	0.06667
461	2072	0.91018	0.06667	0.06667	0.06667	0.06667	0.06667	5.38958	0.06667	105.70318	0.06667	0.06667	0.06667	0.06667	261.26373	0.06667
462	2461	0.06667	0.06667	0.06667	0.06667	0.06667	0.06667	10.55568	0.06667	36.35790	0.06667	0.06667	0.06667	0.06667	326.28642	0.06667
463	2310	0.06667	0.06667	0.06667	0.06667	0.06667	0.06667	373.06667	0.06667	0.06667	0.06667	0.06667	0.06667	0.06667	0.06667	0.06667
464	2465	0.06667	0.06667	0.06667	0.06667	0.06667	0.06667	0.06667	0.06667	7.06844	0.06667	0.06667	0.06667	0.06667	366.06489	0.06667
465	2083	0.06667	0.06667	0.06667	0.06667	0.06667	0.06667	0.06667	2.65003	0.06667	0.06667	0.06667	370.48331	0.06667	0.06667	0.06667
466	2232	234.90324	0.06667	0.06667	0.06667	18.99244	0.06667	119.30431	0.06667	0.06667	0.06667	0.06667	0.06667	0.06667	0.06667	0.06667
467	1919	0.06667	0.06667	0.06667	0.06667	0.06667	0.06667	0.06667	0.06667	0.06667	0.06667	0.06667	0.06667	373.06667	0.06667	0.06667
468	1951	0.06667	0.06667	0.06667	0.06667	0.06667	0.06667	0.06667	0.06667	0.06667	0.06667	0.06667	0.06667	373.06667	0.06667	0.06667
469	2026	0.06667	0.06667	0.06667	0.06667	0.06667	39.32977	8.32571	0.06667	48.73295	0.06667	0.06667	0.06670	0.06667	276.87821	0.06667
470	2270	0.06667	0.06667	0.06667	0.06667	0.06667	0.06667	373.06667	0.06667	0.06667	0.06667	0.06667	0.06667	0.06667	0.06667	0.06667
471	2011	0.06667	0.06667	0.06667	0.06667	0.06667	0.06667	0.06667	0.06667	0.06667	0.06667	0.06667	0.06667	373.06667	0.06667	0.06667
472	1995	0.06667	0.06667	0.06667	0.06667	0.06667	0.06667	0.06667	0.06667	0.06667	0.06667	0.06667	0.06667	373.06667	0.06667	0.06667
473	2639	0.06667	0.06667	0.06667	0.06667	0.06667	0.06667	0.06667	0.06667	0.06667	0.06667	0.06667	0.06667	373.06667	0.06667	0.06667
474	1965	0.06667	0.06667	0.06667	0.06667	256.97423	0.06667	116.15910	0.06667	0.06667	0.06667	0.06667	0.06667	0.06667	0.06667	0.06667
475	1918	0.06667	0.06667	0.06667	0.06667	0.06667	2.42951	0.06667	0.06667	0.06667	0.06667	0.06667	370.70382	0.06667	0.06667	0.06667
476	2208	282.30111	0.06667	0.06667	0.06667	0.06667	90.83221	0.06667	0.06667	0.06667	0.06667	0.06667	0.06668	0.06667	0.06667	0.06667
477	2308	0.06667	0.06667	0.06667	0.06667	0.06667	0.06667	0.06667	0.06667	0.06667	0.06667	0.06667	373.06667	0.06667	0.06667	0.06667
478	1931	0.06667	0.06667	0.06667	0.06667	0.06667	0.06667	0.06667	0.06667	0.06667	0.06667	0.06667	0.06667	373.06667	0.06667	0.06667
479	2221	0.06667	0.06667	0.06667	0.06667	0.06667	0.06667	373.06667	0.06667	0.06667	0.06667	0.06667	0.06667	0.06667	0.06667	0.06667
480	2027	0.06667	0.06667	0.06667	0.06667	0.06667	0.06667	0.06667	0.06667	0.06667	0.06667	0.06667	0.06667	373.06667	0.06667	0.06667
481	2081	13.87326	0.06667	0.06667	0.06667	0.06667	0.06667	2.68168	0.06667	82.46100	0.06667	0.06667	0.06667	0.06667	274.25074	0.06667
482	2609	0.06667	0.06667	0.06667	0.06667	0.06667	0.06667	0.06667	0.06667	0.06667	0.06667	0.06667	0.06667	0.06667	373.06667	0.06667
483	2038	15.92232	0.06667	0.06667	3.66442	0.06667	0.06667	86.01371	0.06667	0.06667	0.06667	0.06667	0.06667	0.06667	267.66622	0.06667
484	2048	0.06667	23.68571	0.06667	0.06667	0.06667	0.06667	254.54343	0.06667	94.97081	0.06667	0.06667	0.06671	0.06667	0.06667	0.06667
485	2587	0.06667	0.06667	0.06667	0.06667	373.06667	0.06667	0.06667	0.06667	0.06667	0.06667	0.06667	0.06667	0.06667	0.06667	0.06667
486	2067	0.06667	0.06667	0.06667	0.06667	0.06667	0.06667	0.06667	373.06667	0.06667	0.06667	0.06667	0.06667	0.06667	0.06667	0.06667
487	1980	0.06667	0.06667	0.06667	0.06667	0.06667	0.06667	0.06667	0.06667	0.06667	0.06667	0.06667	0.06667	373.06667	0.06667	0.06667
488	2185	0.06667	0.06667	0.06667	51.36920	0.06667	0.06667	321.76412	0.06667	0.06667	0.06667	0.06667	0.06667	0.06667	0.06668	0.06667
489	2537	32.31958	0.06667	0.06667	0.06667	0.06667	0.06667	11.75976	0.06667	329.12066	0.06667	0.06667	0.06667	0.06667	0.06667	0.06667
490	2004	0.06667	0.06667	0.06667	0.06667	0.06667	0.06667	0.06667	0.06667	0.06667	0.06667	0.06667	0.06667	373.06667	0.06667	0.06667
491	2315	5.46225	0.06667	0.06667	0.06667	0.06667	0.06667	0.06667	0.06667	0.06667	0.06667	0.06667	0.06667	0.06667	367.67108	0.06667
492	2249	0.06667	0.06667	0.06667	0.06667	43.94902	0.06667	0.06667	0.06667	24.13482	0.06667	0.06667	0.06667	0.06667	305.11616	0.06667
493	2147	0.06667	0.06667	0.06667	0.06667	0.06667	0.06667	0.06667	373.06667	0.06667	0.06667	0.06667	0.06667	0.06667	0.06667	0.06667
494	2502	0.06667	0.06667	0.06667	0.06667	0.06667	0.06667	10.38339	0.06667	8.54679	0.06667	0.06667	0.06667	0.06667	354.26982	0.06667
495	2137	19.18935	0.06667	0.06667	0.06667	0.06667	31.61184	0.06667	0.06667	31.11062	0.06667	0.06667	0.06670	0.06667	291.35483	0.06667
496	2362	0.06667	0.06667	0.06667	0.06667	0.06667	0.06667	373.06667	0.06667	0.06667	0.06667	0.06667	0.06667	0.06667	0.06667	0.06667
497	2398	7.07570	0.06667	0.06667	11.56915	0.06667	0.06667	0.06667	0.06667	34.49373	0.06667	0.06667	0.06667	0.06667	320.12809	0.06667
498	2589	29.67077	0.06667	0.06667	0.06667	0.06667	0.06667	0.06667	0.06667	0.06667	0.06667	0.06667	0.06667	0.06667	343.46257	0.06667
499	2463	0.06667	0.06667	0.06667	3.05966	0.06667	0.06667	0.06667	0.06667	0.06667	0.06667	0.06667	0.06667	0.06667	370.07367	0.06667
500	2170	0.06667	0.06667	0.06667	373.06667	0.06667	0.06667	0.06667	0.06667	0.06667	0.06667	0.06667	0.06667	0.06667	0.06667	0.06667
501	2479	0.06667	0.06667	0.06667	0.06667	0.06667	0.06667	8.75102	0.06667	364.38231	0.06667	0.06667	0.06667	0.06667	0.06667	0.06667
502	2134	14.38484	0.06667	0.06667	4.57490	0.06667	0.06667	0.06667	0.06667	9.62616	0.06667	0.06667	0.06667	0.06667	344.68076	0.06667
503	2115	0.06667	0.06667	0.06667	0.06667	0.06667	0.06667	0.06667	0.06667	0.06667	2.85127	0.06667	370.28206	0.06667	0.06667	0.06667
504	2088	0.06667	0.06667	0.06667	0.06667	0.06667	0.06667	0.06667	5.81634	0.06667	0.06667	0.06667	367.31699	0.06667	0.06667	0.06667
505	2145	0.06667	0.06667	0.06667	0.06667	89.84730	0.06667	283.28603	0.06667	0.06667	0.06667	0.06667	0.06667	0.06667	0.06667	0.06667
506	2174	0.06667	0.06667	0.06667	0.06667	0.06667	0.06667	30.01529	0.06667	13.62040	0.06667	0.06667	0.06667	0.06667	329.56430	0.06667
507	2546	0.06667	0.06667	0.06667	0.06667	0.06667	0.06667	0.06667	0.06667	0.06667	0.06667	0.06667	373.06667	0.06667	0.06667	0.06667
508	2344	0.06667	0.06667	0.06667	0.06667	0.06667	0.06667	13.64803	0.06667	107.23462	0.06667	0.06667	0.06667	0.06667	252.31735	0.06667
509	2274	0.06667	0.06667	0.06667	0.06667	0.06667	0.06667	11.56525	0.06667	361.56808	0.06667	0.06667	0.06667	0.06667	0.06667	0.06667
510	2415	0.06667	0.06667	0.06667	0.06667	0.06667	0.06667	19.65253	0.06667	353.48081	0.06667	0.06667	0.06667	0.06667	0.06667	0.06667
511	2037	0.06667	0.06667	0.06667	0.06667	0.06667	0.06667	0.06667	24.37082	0.06667	0.06667	0.06667	348.76251	0.06667	0.06667	0.06667
512	2136	0.06667	0.06667	0.06667	0.06667	0.06667	0.06667	0.06667	0.06667	0.06667	5.17805	0.06667	367.95529	0.06667	0.06667	0.06667
513	1958	0.06667	0.06667	0.06667	0.06667	0.06667	0.06667	0.06667	0.06667	0.06667	0.06667	0.06667	0.06667	373.06667	0.06667	0.06667
514	2486	0.06667	0.06667	0.06667	373.06667	0.06667	0.06667	0.06667	0.06667	0.06667	0.06667	0.06667	0.06667	0.06667	0.06667	0.06667
515	2513	0.06667	0.06667	0.06667	373.06667	0.06667	0.06667	0.06667	0.06667	0.06667	0.06667	0.06667	0.06667	0.06667	0.06667	0.06667
516	2471	9.53737	0.06667	0.06667	0.06667	0.06667	0.06667	0.06667	0.06667	34.58874	0.06667	0.06667	0.06667	0.06667	329.07388	0.06667
517	2190	0.06667	0.06667	0.06667	0.06667	0.06667	0.06667	0.06667	0.06667	0.06667	0.06667	0.06667	373.06667	0.06667	0.06667	0.06667
518	2041	0.06667	0.06667	0.06667	0.06667	171.31125	0.06667	201.82208	0.06667	0.06667	0.06667	0.06667	0.06667	0.06667	0.06667	0.06667
519	2456	0.06667	0.06667	0.06667	0.06667	319.78095	0.06667	0.06667	53.35238	0.06667	0.06667	0.06667	0.06667	0.06667	0.06667	0.06667
520	2610	0.06667	0.06667	0.06667	0.06667	0.06667	0.06667	373.06667	0.06667	0.06667	0.06667	0.06667	0.06667	0.06667	0.06667	0.06667
521	2401	0.06667	0.06667	0.06667	373.06667	0.06667	0.06667	0.06667	0.06667	0.06667	0.06667	0.06667	0.06667	0.06667	0.06667	0.06667
522	2540	0.06667	0.06667	0.06667	0.06667	225.64870	0.06667	147.48463	0.06667	0.06667	0.06667	0.06667	0.06667	0.06667	0.06667	0.06667
523	2198	0.06667	0.06667	0.06667	6.99581	0.06667	0.06667	0.06667	0.06667	31.66085	0.06667	0.06667	0.06667	0.06667	334.54334	0.06667
524	2039	17.49254	0.06667	0.06667	0.06667	0.06667	0.06667	0.06667	0.06667	0.06667	0.06667	0.06667	0.06667	0.06667	355.64079	0.06667
525	1973	0.06667	0.06667	0.06667	0.06667	0.06667	0.06667	0.06667	0.06667	0.06667	0.06667	0.06667	0.06667	343.94307	29.19027	0.06667
526	2525	0.06667	0.06667	0.06667	11.19507	0.06667	0.06667	361.93823	0.06667	0.06667	0.06667	0.06667	0.06667	0.06667	0.06669	0.06667
527	2128	0.06667	4.34955	0.06667	0.06667	0.06667	0.06667	9.97120	0.06667	56.66538	0.06667	0.06667	0.06669	5.87068	296.47650	0.06667
528	2474	0.06667	0.06667	0.06667	0.06667	373.06667	0.06667	0.06667	0.06667	0.06667	0.06667	0.06667	0.06667	0.06667	0.06667	0.06667
529	2411	0.06667	0.06667	0.06667	0.06667	373.06667	0.06667	0.06667	0.06667	0.06667	0.06667	0.06667	0.06667	0.06667	0.06667	0.06667
530	2476	0.06667	0.06667	0.06667	0.06667	0.06667	0.06667	0.06667	373.06667	0.06667	0.06667	0.06667	0.06667	0.06667	0.06667	0.06667
531	2443	0.06667	19.10375	0.06667	108.47927	17.02121	0.06667	0.06667	228.66243	0.06667	0.06667	0.06667	0.06667	0.06667	0.06667	0.06667
532	2545	0.06667	0.06667	0.06667	46.69167	0.06667	0.06667	0.06667	326.44167	0.06667	0.06667	0.06667	0.06667	0.06667	0.06667	0.06667
533	2314	0.06667	0.06667	0.06667	0.06667	373.06667	0.06667	0.06667	0.06667	0.06667	0.06667	0.06667	0.06667	0.06667	0.06667	0.06667
534	2576	0.06667	0.06667	0.06667	0.06667	0.06667	0.06667	0.06667	270.42789	0.06667	102.70541	0.06667	0.06670	0.06667	0.06667	0.06667
535	2318	0.06667	0.06667	11.19343	0.06667	0.06667	0.06667	361.93990	0.06667	0.06667	0.06667	0.06667	0.06667	0.06667	0.06667	0.06667
536	2618	0.06667	0.06667	0.06667	0.06667	373.06667	0.06667	0.06667	0.06667	0.06667	0.06667	0.06667	0.06667	0.06667	0.06667	0.06667
537	2021	0.06667	0.06667	0.06667	0.06667	0.06667	0.06667	0.06667	0.06667	0.06667	0.06667	0.06667	373.06667	0.06667	0.06667	0.06667
538	1933	0.06667	0.06667	0.06667	0.06667	373.06667	0.06667	0.06667	0.06667	0.06667	0.06667	0.06667	0.06667	0.06667	0.06667	0.06667
539	2403	0.06667	0.06667	0.06667	0.06667	373.06667	0.06667	0.06667	0.06667	0.06667	0.06667	0.06667	0.06667	0.06667	0.06667	0.06667
540	2179	0.06667	0.06667	0.06667	0.06667	0.06667	0.06667	0.06667	0.06667	0.06667	0.06667	0.06667	373.06667	0.06667	0.06667	0.06667
541	2031	0.06667	0.06667	7.48501	36.41505	0.06667	0.06667	329.29993	0.06667	0.06667	0.06667	0.06667	0.06667	0.06667	0.06668	0.06667
542	2216	0.06667	0.06667	0.06667	0.06667	0.06667	0.06667	0.06667	0.06667	0.06667	0.06667	0.06667	373.06667	0.06667	0.06667	0.06667
543	2444	0.06667	0.06667	0.06667	373.06667	0.06667	0.06667	0.06667	0.06667	0.06667	0.06667	0.06667	0.06667	0.06667	0.06667	0.06667
544	2473	219.68623	0.06667	0.06667	0.06667	0.06667	0.06667	153.44710	0.06667	0.06667	0.06667	0.06667	0.06667	0.06667	0.06667	0.06667
545	2325	0.06667	0.06667	0.06667	0.06667	11.25464	0.06667	186.65439	0.06667	0.06667	0.06667	0.06667	0.06667	0.06667	175.29097	0.06667
546	2119	0.06667	0.06667	0.06667	0.06667	373.06667	0.06667	0.06667	0.06667	0.06667	0.06667	0.06667	0.06667	0.06667	0.06667	0.06667
547	2566	0.06667	0.06667	31.46268	0.06667	16.32951	0.06667	325.40781	0.06667	0.06667	0.06667	0.06667	0.06667	0.06667	0.06667	0.06667
548	2205	0.06667	0.06667	0.06667	0.06667	0.06667	0.06667	373.06667	0.06667	0.06667	0.06667	0.06667	0.06667	0.06667	0.06667	0.06667
549	2652	0.06667	0.06667	0.06667	0.06667	0.06667	0.06667	8.34825	0.06667	364.78509	0.06667	0.06667	0.06667	0.06667	0.06667	0.06667
550	2330	0.06667	0.06667	0.06667	0.06667	0.06667	0.06667	0.06667	0.06667	0.06667	0.06667	0.06667	0.06667	0.06667	373.06667	0.06667
551	2316	41.51111	0.06667	0.06667	0.06667	331.62222	0.06667	0.06667	0.06667	0.06667	0.06667	0.06667	0.06667	0.06667	0.06667	0.06667
552	2178	0.06667	0.06667	0.06667	0.06667	373.06667	0.06667	0.06667	0.06667	0.06667	0.06667	0.06667	0.06667	0.06667	0.06667	0.06667
553	2035	0.06667	0.06667	0.06667	0.06667	373.06667	0.06667	0.06667	0.06667	0.06667	0.06667	0.06667	0.06667	0.06667	0.06667	0.06667
554	2049	0.06667	0.06667	0.06667	0.06667	373.06667	0.06667	0.06667	0.06667	0.06667	0.06667	0.06667	0.06667	0.06667	0.06667	0.06667
555	2268	24.64111	0.06667	0.06667	3.22416	0.06667	0.06667	0.06667	0.06667	0.06667	0.06667	0.06667	0.06667	63.34273	282.05867	0.06667
556	2332	15.94976	0.06667	0.06667	0.06667	0.06667	0.06667	0.06667	0.06667	19.53831	0.06667	0.06667	0.06667	0.06667	337.71193	0.06667
557	2146	0.06667	0.06667	0.06667	0.06667	373.06667	0.06667	0.06667	0.06667	0.06667	0.06667	0.06667	0.06667	0.06667	0.06667	0.06667
558	2383	0.06667	0.06667	0.06667	0.06667	0.06667	0.06667	0.06667	68.85131	0.06667	0.06667	0.06667	304.28202	0.06667	0.06667	0.06667
559	2637	0.06667	0.06667	0.06667	0.06667	0.06667	0.06667	373.06667	0.06667	0.06667	0.06667	0.06667	0.06667	0.06667	0.06667	0.06667
560	1970	0.06667	0.06667	0.06667	0.06667	0.06667	0.06667	47.81463	0.06667	325.31870	0.06667	0.06667	0.06667	0.06667	0.06667	0.06667
561	2012	0.06667	0.06667	0.06667	0.06667	0.06667	0.06667	0.06667	0.06667	0.06667	0.06667	0.06667	0.06667	373.06667	0.06667	0.06667
562	2171	0.06667	0.06667	0.06667	0.06667	0.06667	0.06667	0.06667	0.06667	0.06667	0.06667	0.06667	0.06667	373.06667	0.06667	0.06667
563	2209	0.06667	0.06667	0.06667	0.06667	0.06667	0.06667	373.06667	0.06667	0.06667	0.06667	0.06667	0.06667	0.06667	0.06667	0.06667
564	1963	0.06667	0.06667	0.06667	0.06667	0.06667	0.06667	0.06667	4.49267	0.06667	0.06667	0.06667	368.64066	0.06667	0.06667	0.06667
565	2304	0.06667	0.06667	0.06667	0.06667	0.06667	0.06667	15.82726	0.06667	357.30607	0.06667	0.06667	0.06667	0.06667	0.06667	0.06667
566	2355	0.06667	0.06667	0.06667	0.06667	0.06667	0.06667	69.36394	0.06667	27.90137	0.06667	0.06667	0.06667	0.06667	275.93469	0.06667
567	2148	0.06667	0.06667	0.06667	0.06667	0.06667	0.06667	0.06667	0.06667	4.62740	0.06667	0.06667	0.06667	0.06667	368.50593	0.06667
568	2259	312.38516	0.06667	0.06667	60.74817	0.06667	0.06667	0.06667	0.06667	0.06667	0.06667	0.06667	0.06667	0.06667	0.06667	0.06667
569	2066	0.06667	0.06667	0.06667	0.06667	0.06667	0.06667	373.06667	0.06667	0.06667	0.06667	0.06667	0.06667	0.06667	0.06667	0.06667
570	2151	0.06667	0.06667	0.06667	0.06667	0.06667	0.06667	0.06667	0.06667	9.78666	0.06667	0.06667	0.06667	0.06667	363.34667	0.06667
571	2393	0.06667	0.06667	0.06667	12.24339	0.06667	0.06667	0.06667	360.88994	0.06667	0.06667	0.06667	0.06667	0.06667	0.06667	0.06667
572	2438	0.06667	5.92311	0.06667	0.06667	0.06667	0.06667	19.01573	0.06667	348.26115	0.06667	0.06667	0.06668	0.06667	0.06667	0.06667
573	2400	0.06667	0.06667	0.06667	0.06667	0.06667	0.06667	66.78725	0.06667	0.06667	0.06667	0.06667	0.06667	0.06667	306.34608	0.06667
574	2454	0.06667	0.06667	0.06667	0.06667	0.06667	0.06667	0.06667	373.06667	0.06667	0.06667	0.06667	0.06667	0.06667	0.06667	0.06667
575	2284	0.06667	0.06667	0.06667	0.06667	0.06667	0.06667	0.06667	0.06667	0.06667	0.06667	0.06667	0.06667	373.06667	0.06667	0.06667
576	2298	0.06667	0.06667	0.06667	0.06667	0.06667	0.06667	152.11659	0.06667	0.06667	0.06667	0.06667	0.06667	0.06667	221.01675	0.06667
577	2003	0.06667	0.06667	0.06667	0.06667	0.06667	0.06667	18.54301	0.06667	354.59032	0.06667	0.06667	0.06667	0.06667	0.06667	0.06667
578	2295	0.06667	0.06667	0.06667	0.06667	0.06667	0.06667	17.79795	0.06667	17.62496	0.06667	0.06667	0.06667	0.06667	337.77709	0.06667
579	1990	0.06667	0.06667	0.06667	0.06667	373.06667	0.06667	0.06667	0.06667	0.06667	0.06667	0.06667	0.06667	0.06667	0.06667	0.06667
580	2544	0.06667	0.06667	0.06667	0.06667	0.06667	0.06667	23.31229	0.06667	18.51888	0.06667	0.06667	0.06667	0.06667	331.36882	0.06667
581	2061	0.06667	0.06667	0.06667	0.06667	0.06667	0.06667	0.06667	0.06667	0.06667	0.06667	0.06667	0.06667	373.06667	0.06667	0.06667
582	1976	0.06667	0.06667	0.06667	0.06667	0.06667	0.06667	0.06667	0.06667	0.06667	0.06667	0.06667	0.06667	373.06667	0.06667	0.06667
583	1927	0.06667	0.06667	0.06667	0.06667	0.06667	0.06667	0.06667	0.06667	0.06667	0.06667	0.06667	0.06667	373.06667	0.06667	0.06667
584	2055	0.06667	0.06667	5.25003	0.06667	0.06667	0.06667	0.06667	0.06667	0.06667	0.06667	0.06667	367.88329	0.06667	0.06668	0.06667
585	2350	0.06667	0.06667	0.06667	0.06667	0.06667	0.06667	14.73279	247.03148	0.06667	56.70082	0.06667	0.06670	0.06667	54.80155	0.06667
586	2588	0.06667	0.06667	0.06667	4.26692	0.06667	0.06667	0.06667	0.06667	0.06667	0.06667	0.06667	0.06667	0.06667	368.86641	0.06667
587	2450	0.06667	0.06667	0.06667	0.06667	373.06667	0.06667	0.06667	0.06667	0.06667	0.06667	0.06667	0.06667	0.06667	0.06667	0.06667
588	2320	0.06667	0.06667	0.06667	373.06667	0.06667	0.06667	0.06667	0.06667	0.06667	0.06667	0.06667	0.06667	0.06667	0.06667	0.06667
589	1992	0.06667	0.06667	0.06667	373.06667	0.06667	0.06667	0.06667	0.06667	0.06667	0.06667	0.06667	0.06667	0.06667	0.06667	0.06667
590	2571	81.33095	0.06667	0.06667	0.06667	0.06667	0.06667	0.06667	0.06667	0.06667	0.06667	0.06667	0.06667	62.14806	229.72098	0.06667
591	2234	0.06667	0.06667	0.06667	0.06667	0.06667	0.06667	0.06667	373.06667	0.06667	0.06667	0.06667	0.06667	0.06667	0.06667	0.06667
592	2387	8.61554	0.06667	0.06667	0.06667	0.06667	0.06667	0.06667	364.51779	0.06667	0.06667	0.06667	0.06667	0.06667	0.06667	0.06667
593	1968	0.06667	0.06667	0.06667	0.06667	0.06667	0.06667	0.06667	0.06667	0.06667	0.06667	0.06667	0.06667	373.06667	0.06667	0.06667
594	2585	0.06667	0.06667	0.06667	0.06667	0.06667	0.06667	0.06667	0.06667	0.06667	0.06667	0.06667	0.06667	373.06667	0.06667	0.06667
595	2405	0.06667	0.06667	0.06667	0.06667	373.06667	0.06667	0.06667	0.06667	0.06667	0.06667	0.06667	0.06667	0.06667	0.06667	0.06667
596	2162	0.06667	0.06667	0.06667	0.06667	373.06667	0.06667	0.06667	0.06667	0.06667	0.06667	0.06667	0.06667	0.06667	0.06667	0.06667
597	2402	0.06667	0.06667	0.06667	0.06667	373.06667	0.06667	0.06667	0.06667	0.06667	0.06667	0.06667	0.06667	0.06667	0.06667	0.06667
598	2238	0.06667	0.06667	0.06667	0.06667	373.06667	0.06667	0.06667	0.06667	0.06667	0.06667	0.06667	0.06667	0.06667	0.06667	0.06667
599	2089	0.06667	0.06667	0.06667	0.06667	373.06667	0.06667	0.06667	0.06667	0.06667	0.06667	0.06667	0.06667	0.06667	0.06667	0.06667
600	2044	0.06667	0.06667	0.06667	0.06667	0.06667	0.06667	0.06667	373.06667	0.06667	0.06667	0.06667	0.06667	0.06667	0.06667	0.06667
601	2379	234.71394	0.06667	0.06667	0.06667	0.06667	0.06667	138.41939	0.06667	0.06667	0.06667	0.06667	0.06667	0.06667	0.06667	0.06667
602	2651	0.06667	0.06667	154.26904	0.06667	0.06667	0.06667	218.86430	0.06667	0.06667	0.06667	0.06667	0.06667	0.06667	0.06667	0.06667
603	2009	0.06667	0.06667	0.06667	0.06667	0.06667	0.06667	0.06667	0.06667	0.06667	0.06667	0.06667	0.06667	373.06667	0.06667	0.06667
604	2177	0.06667	0.06667	0.06667	0.06667	0.06667	0.06667	38.89406	0.06667	334.23927	0.06667	0.06667	0.06667	0.06667	0.06667	0.06667
605	2252	0.06667	0.06667	0.06667	0.06667	0.06667	0.06667	0.06667	0.06667	373.06667	0.06667	0.06667	0.06667	0.06667	0.06667	0.06667
606	2231	0.06667	0.06667	0.06667	0.06667	373.06667	0.06667	0.06667	0.06667	0.06667	0.06667	0.06667	0.06667	0.06667	0.06667	0.06667
607	2076	0.06667	0.06667	0.06667	373.06667	0.06667	0.06667	0.06667	0.06667	0.06667	0.06667	0.06667	0.06667	0.06667	0.06667	0.06667
608	2367	170.14767	0.06667	0.06667	0.06667	0.06667	0.06667	202.98566	0.06667	0.06667	0.06667	0.06667	0.06667	0.06667	0.06667	0.06667
609	2303	0.06667	0.06667	0.06667	0.06667	0.06667	0.06667	0.06667	373.06667	0.06667	0.06667	0.06667	0.06667	0.06667	0.06667	0.06667
610	2455	0.06667	0.06667	0.06667	0.06667	373.06667	0.06667	0.06667	0.06667	0.06667	0.06667	0.06667	0.06667	0.06667	0.06667	0.06667
611	2627	0.06667	0.06667	0.06667	0.06667	0.06667	0.06667	0.06667	0.06667	0.06667	0.06667	0.06667	0.06667	373.06667	0.06667	0.06667
612	2534	0.06667	0.06667	0.06667	0.06667	373.06667	0.06667	0.06667	0.06667	0.06667	0.06667	0.06667	0.06667	0.06667	0.06667	0.06667
613	2130	0.06667	0.06667	0.06667	0.06667	373.06667	0.06667	0.06667	0.06667	0.06667	0.06667	0.06667	0.06667	0.06667	0.06667	0.06667
614	2480	0.06667	0.06667	0.06667	0.06667	0.06667	0.06667	373.06667	0.06667	0.06667	0.06667	0.06667	0.06667	0.06667	0.06667	0.06667
615	2531	0.06667	0.06667	0.06667	0.06667	0.06667	0.06667	307.36259	0.06667	0.06667	0.06667	0.06667	0.06667	65.77074	0.06667	0.06667
616	2389	0.06667	0.06667	0.06667	0.06667	0.06667	0.06667	43.18552	0.06667	26.28934	0.06667	0.06667	0.06667	110.17048	193.62133	0.06667
617	2568	0.06667	0.06667	0.06667	0.06667	0.06667	0.06667	373.06667	0.06667	0.06667	0.06667	0.06667	0.06667	0.06667	0.06667	0.06667
618	2014	0.06667	0.06667	0.06667	0.06667	0.06667	0.06667	0.06667	0.06667	0.06667	0.06667	0.06667	0.06667	373.06667	0.06667	0.06667
619	1982	0.06667	0.06667	0.06667	160.61689	0.06667	0.06667	92.64487	119.93823	0.06667	0.06667	0.06667	0.06667	0.06667	0.06667	0.06667
620	2452	0.06667	0.06667	0.06667	0.06667	0.06667	0.06667	373.06667	0.06667	0.06667	0.06667	0.06667	0.06667	0.06667	0.06667	0.06667
621	2107	0.06667	0.06667	0.06667	0.06667	373.06667	0.06667	0.06667	0.06667	0.06667	0.06667	0.06667	0.06667	0.06667	0.06667	0.06667
622	2239	17.97022	0.06667	0.06667	0.06667	0.06667	0.06667	19.41467	0.06667	8.07709	0.06667	0.06667	0.06667	0.06667	327.80469	0.06667
623	2186	0.06667	0.06667	0.06667	22.33838	0.06667	0.06667	350.79495	0.06667	0.06667	0.06667	0.06667	0.06667	0.06667	0.06667	0.06667
624	2621	0.06667	0.06667	0.06667	0.06667	373.06667	0.06667	0.06667	0.06667	0.06667	0.06667	0.06667	0.06667	0.06667	0.06667	0.06667
625	2091	0.06667	0.06667	0.06667	0.06667	373.06667	0.06667	0.06667	0.06667	0.06667	0.06667	0.06667	0.06667	0.06667	0.06667	0.06667
626	2256	0.06667	0.06667	373.06667	0.06667	0.06667	0.06667	0.06667	0.06667	0.06667	0.06667	0.06667	0.06667	0.06667	0.06667	0.06667
627	2022	0.06667	0.06667	0.06667	0.06667	0.06667	0.06667	0.06667	0.06667	0.06667	0.06667	0.06667	0.06667	373.06667	0.06667	0.06667
628	2508	29.26112	0.06667	0.06667	0.06667	0.06667	0.06667	0.06667	0.06667	16.08290	0.06667	0.06667	0.06667	0.06667	327.85598	0.06667
629	1937	0.06667	0.06667	0.06667	0.06667	373.06667	0.06667	0.06667	0.06667	0.06667	0.06667	0.06667	0.06667	0.06667	0.06667	0.06667
630	2632	0.06667	0.06667	0.06667	0.06667	373.06667	0.06667	0.06667	0.06667	0.06667	0.06667	0.06667	0.06667	0.06667	0.06667	0.06667
631	2605	0.06667	0.06667	23.37908	0.06667	0.06667	0.06667	55.00707	0.06667	19.04104	0.06667	0.06667	0.06671	0.06667	275.83943	0.06667
632	2572	321.08357	0.06667	0.06667	0.06667	0.06667	0.06667	52.04976	0.06667	0.06667	0.06667	0.06667	0.06667	0.06667	0.06667	0.06667
633	2641	0.06667	0.06667	0.06667	0.06667	0.06667	0.06667	373.06667	0.06667	0.06667	0.06667	0.06667	0.06667	0.06667	0.06667	0.06667
634	2522	0.06667	0.06667	0.06667	28.94902	0.06667	0.06667	0.06667	0.06667	93.53537	0.06667	0.06667	0.06667	0.06667	250.71561	0.06667
635	2528	0.06667	0.06667	0.06667	0.06667	373.06667	0.06667	0.06667	0.06667	0.06667	0.06667	0.06667	0.06667	0.06667	0.06667	0.06667
636	2439	0.06667	0.06667	0.06667	0.06667	373.06667	0.06667	0.06667	0.06667	0.06667	0.06667	0.06667	0.06667	0.06667	0.06667	0.06667
637	2612	0.06667	0.06667	0.06667	0.06667	30.00137	0.06667	343.13196	0.06667	0.06667	0.06667	0.06667	0.06667	0.06667	0.06667	0.06667
638	2448	0.06667	0.06667	0.06667	0.06667	373.06667	0.06667	0.06667	0.06667	0.06667	0.06667	0.06667	0.06667	0.06667	0.06667	0.06667
639	1950	0.06667	0.06667	0.06667	0.06667	0.06667	0.06667	0.06667	0.06667	0.06667	0.06667	0.06667	0.06667	373.06667	0.06667	0.06667
640	2493	0.06667	0.06667	0.06667	0.06667	0.06667	0.06667	373.06667	0.06667	0.06667	0.06667	0.06667	0.06667	0.06667	0.06667	0.06667
641	2181	0.06667	0.06667	0.06667	0.06667	373.06667	0.06667	0.06667	0.06667	0.06667	0.06667	0.06667	0.06667	0.06667	0.06667	0.06667
642	2024	0.06667	0.06667	0.06667	0.06667	0.06667	0.06667	0.06667	0.06667	0.06667	0.06667	0.06667	0.06667	373.06667	0.06667	0.06667
643	2001	0.06667	0.06667	0.06667	0.06667	0.06667	0.06667	0.06667	0.06667	0.06667	0.06667	0.06667	0.06667	373.06667	0.06667	0.06667
644	2217	0.06667	0.06667	0.06667	0.06667	373.06667	0.06667	0.06667	0.06667	0.06667	0.06667	0.06667	0.06667	0.06667	0.06667	0.06667
645	1969	373.06667	0.06667	0.06667	0.06667	0.06667	0.06667	0.06667	0.06667	0.06667	0.06667	0.06667	0.06667	0.06667	0.06667	0.06667
646	2497	0.06667	0.06667	0.06667	0.06667	373.06667	0.06667	0.06667	0.06667	0.06667	0.06667	0.06667	0.06667	0.06667	0.06667	0.06667
647	2345	0.06667	0.06667	23.72844	145.00580	0.06667	0.06667	204.46575	0.06667	0.06667	0.06667	0.06667	0.06667	0.06667	0.06668	0.06667
648	2017	0.06667	0.06667	0.06667	0.06667	0.06667	124.40000	248.73333	0.06667	0.06667	0.06667	0.06667	0.06667	0.06667	0.06667	0.06667
649	2321	0.06667	0.06667	0.06667	0.06667	151.54943	0.06667	221.58390	0.06667	0.06667	0.06667	0.06667	0.06667	0.06667	0.06667	0.06667
650	2459	0.06667	0.06667	0.06667	0.06667	0.06667	0.06667	45.07939	0.06667	0.06667	0.06667	0.06667	0.06667	328.05395	0.06667	0.06667
651	2514	0.06667	0.06667	0.06667	0.06667	0.06667	0.06667	296.04506	0.06667	0.06667	0.06667	0.06667	0.06667	0.06667	77.08828	0.06667
652	2562	0.06667	0.06667	0.06667	0.06667	373.06667	0.06667	0.06667	0.06667	0.06667	0.06667	0.06667	0.06667	0.06667	0.06667	0.06667
653	2581	52.05952	0.06667	0.06667	0.06667	0.06667	81.15361	239.98687	0.06667	0.06667	0.06667	0.06667	0.06668	0.06667	0.06667	0.06667
654	2019	0.06667	0.06667	0.06667	0.06667	0.06667	0.06667	0.06667	373.06667	0.06667	0.06667	0.06667	0.06667	0.06667	0.06667	0.06667
655	2106	0.06667	0.06667	0.06667	0.06667	0.06667	0.06667	373.06667	0.06667	0.06667	0.06667	0.06667	0.06667	0.06667	0.06667	0.06667
656	2421	0.06667	0.06667	0.06667	0.06667	0.06667	0.06667	373.06667	0.06667	0.06667	0.06667	0.06667	0.06667	0.06667	0.06667	0.06667
657	2141	0.06667	0.06667	0.06667	0.06667	0.06667	0.06667	373.06667	0.06667	0.06667	0.06667	0.06667	0.06667	0.06667	0.06667	0.06667
658	2449	0.06667	0.06667	0.06667	8.87727	0.06667	0.06667	0.06667	364.25606	0.06667	0.06667	0.06667	0.06667	0.06667	0.06667	0.06667
659	2440	0.06667	0.06667	0.06667	0.06667	373.06667	0.06667	0.06667	0.06667	0.06667	0.06667	0.06667	0.06667	0.06667	0.06667	0.06667
660	2129	0.06667	0.06667	0.06667	0.06667	373.06667	0.06667	0.06667	0.06667	0.06667	0.06667	0.06667	0.06667	0.06667	0.06667	0.06667
661	2494	0.06667	0.06667	0.06667	0.06667	0.06667	0.06667	0.06667	0.06667	0.06667	0.06667	0.06667	0.06667	373.06667	0.06667	0.06667
662	2013	0.06667	0.06667	0.06667	0.06667	0.06667	0.06667	0.06667	0.06667	0.06667	0.06667	0.06667	0.06667	373.06667	0.06667	0.06667
663	2099	0.06667	0.06667	0.06667	0.06667	149.76286	0.06667	0.06667	0.06667	0.06667	0.06667	0.06667	0.06667	24.93333	198.50380	0.06667
664	1977	0.06667	0.06667	373.06667	0.06667	0.06667	0.06667	0.06667	0.06667	0.06667	0.06667	0.06667	0.06667	0.06667	0.06667	0.06667
665	2160	0.06667	0.06667	0.06667	0.06667	373.06667	0.06667	0.06667	0.06667	0.06667	0.06667	0.06667	0.06667	0.06667	0.06667	0.06667
666	2251	0.06667	0.06667	0.06667	0.06667	373.06667	0.06667	0.06667	0.06667	0.06667	0.06667	0.06667	0.06667	0.06667	0.06667	0.06667
667	2286	0.06667	0.06667	0.06667	0.06667	373.06667	0.06667	0.06667	0.06667	0.06667	0.06667	0.06667	0.06667	0.06667	0.06667	0.06667
668	2577	0.06667	0.06667	0.06667	0.06667	373.06667	0.06667	0.06667	0.06667	0.06667	0.06667	0.06667	0.06667	0.06667	0.06667	0.06667
669	2519	0.06667	0.06667	0.06667	0.06667	0.06667	0.06667	0.06667	0.06667	25.02070	0.06667	0.06667	0.06667	0.06667	348.11263	0.06667
670	1936	0.06667	0.06667	0.06667	0.06667	373.06667	0.06667	0.06667	0.06667	0.06667	0.06667	0.06667	0.06667	0.06667	0.06667	0.06667
671	2413	0.06667	0.06667	0.06667	0.06667	0.06667	0.06667	76.51245	0.06667	0.06667	0.06667	0.06667	0.06667	0.06667	296.62088	0.06667
672	2065	281.90256	0.06667	0.06667	0.06667	0.06667	91.23076	0.06667	0.06667	0.06667	0.06667	0.06667	0.06668	0.06667	0.06667	0.06667
673	2599	0.06667	0.06667	0.06667	0.06667	0.06667	0.06667	0.06667	0.06667	0.06667	0.06667	0.06667	0.06667	0.06667	373.06667	0.06667
674	2490	0.06667	0.06667	0.06667	373.06667	0.06667	0.06667	0.06667	0.06667	0.06667	0.06667	0.06667	0.06667	0.06667	0.06667	0.06667
675	2248	0.06667	0.06667	0.06667	0.06667	373.06667	0.06667	0.06667	0.06667	0.06667	0.06667	0.06667	0.06667	0.06667	0.06667	0.06667
676	2342	0.06667	0.06667	0.06667	0.06667	373.06667	0.06667	0.06667	0.06667	0.06667	0.06667	0.06667	0.06667	0.06667	0.06667	0.06667
677	1949	0.06667	0.06667	0.06667	0.06667	373.06667	0.06667	0.06667	0.06667	0.06667	0.06667	0.06667	0.06667	0.06667	0.06667	0.06667
678	1956	0.06667	0.06667	0.06667	0.06667	54.90610	0.06667	0.06667	0.06667	0.06667	0.06667	0.06667	0.06667	318.22724	0.06667	0.06667
679	2281	0.06667	0.06667	0.06667	0.06667	0.06667	0.06667	0.06667	0.06667	0.06667	0.06667	0.06667	0.06667	373.06667	0.06667	0.06667
680	2070	0.06667	0.06667	0.06667	0.06667	373.06667	0.06667	0.06667	0.06667	0.06667	0.06667	0.06667	0.06667	0.06667	0.06667	0.06667
681	2272	0.06667	0.06667	0.06667	0.06667	0.06667	0.06667	373.06667	0.06667	0.06667	0.06667	0.06667	0.06667	0.06667	0.06667	0.06667
682	2080	0.06667	0.06667	0.06667	0.06667	373.06667	0.06667	0.06667	0.06667	0.06667	0.06667	0.06667	0.06667	0.06667	0.06667	0.06667
683	2265	0.06667	0.06667	373.06667	0.06667	0.06667	0.06667	0.06667	0.06667	0.06667	0.06667	0.06667	0.06667	0.06667	0.06667	0.06667
684	2167	0.06667	0.06667	0.06667	0.06667	0.06667	0.06667	0.06667	0.06667	0.06667	0.06667	0.06667	0.06667	373.06667	0.06667	0.06667
685	2426	0.06667	0.06667	0.06667	351.12552	0.06667	0.06667	0.06667	0.06667	0.06667	22.00778	0.06667	0.06670	0.06667	0.06667	0.06667
686	2255	0.06667	0.06667	0.06667	373.06667	0.06667	0.06667	0.06667	0.06667	0.06667	0.06667	0.06667	0.06667	0.06667	0.06667	0.06667
687	2622	0.06667	0.06667	0.06667	334.59043	0.06667	38.54286	0.06667	0.06667	0.06667	0.06667	0.06667	0.06671	0.06667	0.06667	0.06667
688	2524	0.06667	56.08971	0.06667	0.06667	0.06667	258.15867	0.06667	0.06667	58.95157	0.06667	0.06667	0.06670	0.06667	0.06667	0.06667
689	2008	0.06667	0.06667	0.06667	0.06667	373.06667	0.06667	0.06667	0.06667	0.06667	0.06667	0.06667	0.06667	0.06667	0.06667	0.06667
690	2173	0.06667	0.06667	0.06667	0.06667	373.06667	0.06667	0.06667	0.06667	0.06667	0.06667	0.06667	0.06667	0.06667	0.06667	0.06667
691	1915	0.06667	0.06667	0.06667	0.06667	373.06667	0.06667	0.06667	0.06667	0.06667	0.06667	0.06667	0.06667	0.06667	0.06667	0.06667
692	2614	0.06667	0.06667	0.06667	0.06667	373.06667	0.06667	0.06667	0.06667	0.06667	0.06667	0.06667	0.06667	0.06667	0.06667	0.06667
693	2023	0.06667	0.06667	0.06667	0.06667	373.06667	0.06667	0.06667	0.06667	0.06667	0.06667	0.06667	0.06667	0.06667	0.06667	0.06667
694	2193	0.06667	0.06667	0.06667	0.06667	373.06667	0.06667	0.06667	0.06667	0.06667	0.06667	0.06667	0.06667	0.06667	0.06667	0.06667
695	2422	0.06667	0.06667	0.06667	0.06667	373.06667	0.06667	0.06667	0.06667	0.06667	0.06667	0.06667	0.06667	0.06667	0.06667	0.06667
696	2441	0.06667	0.06667	0.06667	0.06667	373.06667	0.06667	0.06667	0.06667	0.06667	0.06667	0.06667	0.06667	0.06667	0.06667	0.06667
697	1961	0.06667	0.06667	0.06667	0.06667	67.14556	0.06667	0.06667	0.06667	42.04341	0.06667	0.06667	0.06667	264.01103	0.06667	0.06667
698	2505	0.06667	0.06667	373.06667	0.06667	0.06667	0.06667	0.06667	0.06667	0.06667	0.06667	0.06667	0.06667	0.06667	0.06667	0.06667
699	2094	0.06667	0.06667	0.06667	0.06667	0.06667	0.06667	0.06667	0.06667	0.06667	0.06667	0.06667	0.06667	373.06667	0.06667	0.06667
700	2036	0.06667	0.06667	64.12058	0.06667	0.06667	0.06667	309.01275	0.06667	0.06667	0.06667	0.06667	0.06667	0.06667	0.06667	0.06667
701	2656	0.06667	0.06667	0.06667	0.06667	373.06667	0.06667	0.06667	0.06667	0.06667	0.06667	0.06667	0.06667	0.06667	0.06667	0.06667
702	2100	0.06667	0.06667	0.06667	0.06667	373.06667	0.06667	0.06667	0.06667	0.06667	0.06667	0.06667	0.06667	0.06667	0.06667	0.06667
703	2277	0.06667	0.06667	0.06667	49.79998	323.33334	0.06667	0.06667	0.06667	0.06667	0.06667	0.06667	0.06667	0.06667	0.06667	0.06667
704	2580	0.06667	0.06667	0.06667	0.06667	373.06667	0.06667	0.06667	0.06667	0.06667	0.06667	0.06667	0.06667	0.06667	0.06667	0.06667
705	1974	0.06667	0.06667	310.90000	0.06667	0.06667	0.06667	0.06667	0.06667	62.23333	0.06667	0.06667	0.06667	0.06667	0.06667	0.06667
706	2380	0.06667	0.06667	0.06667	0.06667	373.06667	0.06667	0.06667	0.06667	0.06667	0.06667	0.06667	0.06667	0.06667	0.06667	0.06667
707	2301	0.06667	0.06667	0.06667	0.06667	87.74330	0.06667	0.06667	0.06667	0.06667	0.06667	0.06667	0.06667	285.39004	0.06667	0.06667
708	2182	0.06667	0.06667	0.06667	0.06667	0.06667	0.06667	373.06667	0.06667	0.06667	0.06667	0.06667	0.06667	0.06667	0.06667	0.06667
709	2175	0.06667	0.06667	0.06667	0.06667	120.00139	0.06667	253.13195	0.06667	0.06667	0.06667	0.06667	0.06667	0.06667	0.06667	0.06667
710	2481	0.06667	0.06667	0.06667	0.06667	0.06667	0.06667	0.06667	0.06667	0.06667	0.06667	0.06667	0.06667	373.06667	0.06667	0.06667
711	2515	0.06667	0.06667	0.06667	373.06667	0.06667	0.06667	0.06667	0.06667	0.06667	0.06667	0.06667	0.06667	0.06667	0.06667	0.06667
712	2488	0.06667	0.06667	0.06667	0.06667	373.06667	0.06667	0.06667	0.06667	0.06667	0.06667	0.06667	0.06667	0.06667	0.06667	0.06667
713	2015	0.06667	0.06667	0.06667	0.06667	373.06667	0.06667	0.06667	0.06667	0.06667	0.06667	0.06667	0.06667	0.06667	0.06667	0.06667
714	2312	0.06667	0.06667	0.06667	0.06667	0.06667	0.06667	373.06667	0.06667	0.06667	0.06667	0.06667	0.06667	0.06667	0.06667	0.06667
715	2635	102.60103	0.06667	0.06667	45.37983	0.06667	0.06667	0.06667	0.06667	0.06667	0.06667	0.06667	0.06667	0.06667	225.21914	0.06667
716	2051	0.06667	0.06667	0.06667	0.06667	373.06667	0.06667	0.06667	0.06667	0.06667	0.06667	0.06667	0.06667	0.06667	0.06667	0.06667
717	2262	0.06667	0.06667	0.06667	0.06667	0.06667	0.06667	0.06667	373.06667	0.06667	0.06667	0.06667	0.06667	0.06667	0.06667	0.06667
718	2305	373.06667	0.06667	0.06667	0.06667	0.06667	0.06667	0.06667	0.06667	0.06667	0.06667	0.06667	0.06667	0.06667	0.06667	0.06667
719	2230	0.06667	0.06667	0.06667	0.06667	306.52926	0.06667	0.06667	0.06667	66.60408	0.06667	0.06667	0.06667	0.06667	0.06667	0.06667
720	2034	0.06667	0.06667	0.06667	0.06667	127.23411	0.06667	245.89923	0.06667	0.06667	0.06667	0.06667	0.06667	0.06667	0.06667	0.06667
721	2527	0.06667	373.06667	0.06667	0.06667	0.06667	0.06667	0.06667	0.06667	0.06667	0.06667	0.06667	0.06667	0.06667	0.06667	0.06667
722	2227	0.06667	0.06667	0.06667	0.06667	373.06667	0.06667	0.06667	0.06667	0.06667	0.06667	0.06667	0.06667	0.06667	0.06667	0.06667
723	2113	0.06667	0.06667	0.06667	0.06667	373.06667	0.06667	0.06667	0.06667	0.06667	0.06667	0.06667	0.06667	0.06667	0.06667	0.06667
724	1996	0.06667	0.06667	0.06667	0.06667	0.06667	373.06667	0.06667	0.06667	0.06667	0.06667	0.06667	0.06667	0.06667	0.06667	0.06667
725	2541	0.06667	0.06667	0.06667	0.06667	0.06667	0.06667	0.06667	373.06667	0.06667	0.06667	0.06667	0.06667	0.06667	0.06667	0.06667
726	2358	0.06667	0.06667	0.06667	0.06667	373.06667	0.06667	0.06667	0.06667	0.06667	0.06667	0.06667	0.06667	0.06667	0.06667	0.06667
727	2431	0.06667	0.06667	0.06667	0.06667	373.06667	0.06667	0.06667	0.06667	0.06667	0.06667	0.06667	0.06667	0.06667	0.06667	0.06667
728	2373	0.06667	0.06667	0.06667	0.06667	373.06667	0.06667	0.06667	0.06667	0.06667	0.06667	0.06667	0.06667	0.06667	0.06667	0.06667
729	2548	0.06667	0.06667	0.06667	0.06667	373.06667	0.06667	0.06667	0.06667	0.06667	0.06667	0.06667	0.06667	0.06667	0.06667	0.06667
730	2085	0.06667	0.06667	13.36893	0.06667	83.29592	0.06667	276.53516	0.06667	0.06667	0.06667	0.06667	0.06667	0.06667	0.06667	0.06667
731	2382	0.06667	0.06667	0.06667	0.06667	373.06667	0.06667	0.06667	0.06667	0.06667	0.06667	0.06667	0.06667	0.06667	0.06667	0.06667
732	2263	0.06667	0.06667	0.06667	0.06667	373.06667	0.06667	0.06667	0.06667	0.06667	0.06667	0.06667	0.06667	0.06667	0.06667	0.06667
733	2595	0.06667	373.06667	0.06667	0.06667	0.06667	0.06667	0.06667	0.06667	0.06667	0.06667	0.06667	0.06667	0.06667	0.06667	0.06667
734	1924	0.06667	0.06667	0.06667	373.06667	0.06667	0.06667	0.06667	0.06667	0.06667	0.06667	0.06667	0.06667	0.06667	0.06667	0.06667
735	2388	0.06667	0.06667	0.06667	0.06667	373.06667	0.06667	0.06667	0.06667	0.06667	0.06667	0.06667	0.06667	0.06667	0.06667	0.06667
736	2565	0.06667	0.06667	0.06667	0.06667	0.06667	373.06667	0.06667	0.06667	0.06667	0.06667	0.06667	0.06667	0.06667	0.06667	0.06667
737	563	373.06667	0.06667	0.06667	0.06667	0.06667	0.06667	0.06667	0.06667	0.06667	0.06667	0.06667	0.06667	0.06667	0.06667	0.06667
738	1967	373.06667	0.06667	0.06667	0.06667	0.06667	0.06667	0.06667	0.06667	0.06667	0.06667	0.06667	0.06667	0.06667	0.06667	0.06667
739	2483	0.06667	373.06667	0.06667	0.06667	0.06667	0.06667	0.06667	0.06667	0.06667	0.06667	0.06667	0.06667	0.06667	0.06667	0.06667
740	2634	0.06667	0.06667	0.06667	0.06667	0.06667	0.06667	279.81667	0.06667	0.06667	0.06667	0.06667	0.06667	93.31667	0.06667	0.06667
741	2204	0.06667	0.06667	0.06667	0.06667	0.06667	0.06667	373.06667	0.06667	0.06667	0.06667	0.06667	0.06667	0.06667	0.06667	0.06667
742	2168	0.06667	0.06667	0.06667	0.06667	0.06667	0.06667	373.06667	0.06667	0.06667	0.06667	0.06667	0.06667	0.06667	0.06667	0.06667
743	2219	0.06667	0.06667	373.06667	0.06667	0.06667	0.06667	0.06667	0.06667	0.06667	0.06667	0.06667	0.06667	0.06667	0.06667	0.06667
744	2442	0.06667	0.06667	0.06667	0.06667	0.06667	0.06667	0.06667	373.06667	0.06667	0.06667	0.06667	0.06667	0.06667	0.06667	0.06667
745	2437	0.06667	0.06667	0.06667	0.06667	0.06667	0.06667	373.06667	0.06667	0.06667	0.06667	0.06667	0.06667	0.06667	0.06667	0.06667
746	428	373.06667	0.06667	0.06667	0.06667	0.06667	0.06667	0.06667	0.06667	0.06667	0.06667	0.06667	0.06667	0.06667	0.06667	0.06667
